247.905 -0.0955711372389185 
495.81 -0.0864831828358212 
743.715 -0.0774706146056754 
991.62 -0.0685328072069777 
1239.525 -0.0596691404855414 
1487.43 -0.0508789994314678 
1735.335 -0.0421617741364724 
1983.24 -0.0335168597515676 
2231.145 -0.0249436564450931 
2479.05 -0.0164415693610978 
2726.955 -0.008010008578065 
2974.86 0.000351610932020407 
3222.765 0.00864386934426298 
3470.67 0.0168673420211136 
3718.575 0.0250225995522908 
3966.48 0.0331102077943716 
4214.385 0.0411307279100533 
4462.29 0.0490847164070908 
4710.195 0.0569727251769094 
4958.1 0.0647953015328988 
5206.005 0.0725529882483877 
5453.91 0.0802463235943056 
5701.815 0.08787584137653 
5949.72 0.0954420709729255 
6197.625 0.102945537370074 
6445.53 0.110386761199703 
6693.435 0.117766258774807 
6941.34 0.125084542125476 
7189.245 0.132342119034418 
7437.15 0.139539493072197 
7685.055 0.14667716363217 
7932.96 0.153755625965138 
8180.865 0.160775371213711 
8428.77 0.167736886446384 
8676.675 0.174640654691335 
8924.58 0.181487154969938 
9172.485 0.18827686233 
9420.39 0.195010247878725 
9668.295 0.201687778815398 
9916.2 0.208309918463806 
10164.105 0.214877126304383 
10412.01 0.221389858006093 
10659.915 0.227848565458046 
10907.82 0.234253696800853 
11155.725 0.240605696457719 
11403.63 0.246905005165283 
11651.535 0.253152060004193 
11899.44 0.259347294429439 
12147.345 0.265491138300427 
12395.25 0.2715840179108 
12643.155 0.277626356018025 
12891.06 0.283618571872718 
13138.965 0.289561081247741 
13386.87 0.295454296467045 
13634.775 0.301298626434282 
13882.68 0.307094476661178 
14130.585 0.312842249295667 
14378.49 0.318542343149795 
14626.395 0.324195153727394 
14874.3 0.329801073251521 
15122.205 0.335360490691675 
15370.11 0.340873791790783 
15618.015 0.346341359091971 
15865.92 0.351763571965097 
16113.825 0.357140806633085 
16361.73 0.362473436198021 
16609.635 0.367761830667044 
16857.54 0.37300635697802 
17105.445 0.378207379025001 
17353.35 0.383365257683474 
17601.255 0.3884803508354 
17849.16 0.393553013394046 
18097.065 0.398583597328615 
18344.97 0.403572451688658 
18592.875 0.408519922628304 
18840.78 0.413426353430271 
19088.685 0.418292084529685 
19336.59 0.423117453537707 
19584.495 0.427902795264949 
19832.4 0.432648441744716 
20080.305 0.437354722256034 
20328.21 0.442021963346505 
20576.115 0.446650488854959 
20824.02 0.451240619933929 
21071.925 0.455792675071928 
21319.83 0.460306970115555 
21567.735 0.464783818291402 
21815.64 0.469223530227796 
22063.545 0.473626413976343 
22311.45 0.477992775033311 
22559.355 0.48232291636082 
22807.26 0.486617138407869 
23055.165 0.490875739131177 
23303.07 0.495099014015861 
23550.975 0.499287256095939 
23798.88 0.503440755974658 
24046.785 0.507559801844661 
24294.69 0.511644679507984 
24542.595 0.515695672395882 
24790.5 0.519713061588501 
25038.405 0.523697125834377 
25286.31 0.527648141569777 
25534.215 0.531566382937883 
25782.12 0.535452121807809 
26030.025 0.539305627793469 
26277.93 0.543127168272281 
26525.835 0.546917008403721 
26773.74 0.550675411147721 
27021.645 0.554402637282914 
27269.55 0.558098945424729 
27517.455 0.561764592043333 
27765.36 0.565399831481431 
28013.265 0.569004915971909 
28261.17 0.572580095655337 
28509.075 0.576125618597325 
28756.98 0.579641730805736 
29004.885 0.583128676247755 
29252.79 0.586586696866815 
29500.695 0.590016032599387 
29748.6 0.593416921391627 
29996.505 0.596789599215886 
30244.41 0.600134300087083 
30492.315 0.603451256078941 
30740.22 0.606740697340092 
30988.125 0.610002852110045 
31236.03 0.613237946735023 
31483.935 0.616446205683665 
31731.84 0.619627851562605 
31979.745 0.622783105131916 
32227.65 0.625912185320427 
32475.555 0.629015309240915 
32723.46 0.632092692205168 
32971.365 0.635144547738923 
33219.27 0.638171087596688 
33467.175 0.641172521776426 
33715.08 0.644149058534133 
33962.985 0.647100904398283 
34210.89 0.650028264184162 
34458.795 0.652931341008076 
34706.7 0.655810336301446 
34954.605 0.658665449824784 
35202.51 0.661496879681554 
35450.415 0.664304822331918 
35698.32 0.667089472606364 
35946.225 0.669851023719228 
36194.13 0.672589667282101 
36442.035 0.675305593317121 
36689.94 0.677998990270158 
36937.845 0.680670045023893 
37185.75 0.683318942910779 
37433.655 0.685945867725907 
37681.56 0.688551001739755 
37929.465 0.691134525710835 
38177.37 0.693696618898234 
38425.275 0.696237459074056 
38673.18 0.698757222535752 
38921.085 0.701256084118358 
39168.99 0.703734217206618 
39416.895 0.706191793747024 
39664.8 0.708628984259739 
39912.705 0.711045957850432 
40160.61 0.71344288222201 
40408.515 0.715819923686258 
40656.42 0.718177247175371 
40904.325 0.720515016253407 
41152.23 0.722833393127629 
41400.135 0.725132538659762 
41648.04 0.727412612377157 
41895.945 0.729673772483857 
42143.85 0.731916175871572 
42391.755 0.734139978130572 
42639.66 0.736345333560476 
42887.565 0.738532395180961 
43135.47 0.740701314742379 
43383.375 0.742852242736287 
43631.28 0.744985328405886 
43879.185 0.747100719756382 
44127.09 0.749198563565249 
44374.995 0.751279005392418 
44622.9 0.753342189590373 
44870.805 0.75538825931417 
45118.71 0.757417356531369 
45366.615 0.759429622031884 
45614.52 0.761425195437751 
45862.425 0.76340421521282 
46110.33 0.765366818672354 
46358.235 0.767313141992566 
46606.14 0.769243320220062 
46854.045 0.771157487281213 
47101.95 0.773055775991446 
47349.855 0.774938318064464 
47597.76 0.776805244121378 
47845.665 0.778656683699777 
48093.57 0.780492765262711 
48341.475 0.782313616207607 
48589.38 0.784119362875109 
48837.285 0.785910130557842 
49085.19 0.787686043509108 
49333.095 0.789447224951504 
49581 0.791193797085477 
49828.905 0.792925881097797 
50076.81 0.794643597169971 
50324.715 0.796347064486577 
50572.62 0.798036401243537 
50820.525 0.799711724656319 
51068.43 0.801373150968065 
51316.335 0.803020795457662 
51564.24 0.804654772447738 
51812.145 0.806275195312593 
52060.05 0.807882176486071 
52307.955 0.809475827469353 
52555.86 0.811056258838703 
52803.765 0.812623580253131 
53051.67 0.814177900462011 
53299.575 0.815719327312617 
53547.48 0.817247967757614 
53795.385 0.818763927862476 
54043.29 0.820267312812843 
54291.195 0.821758226921825 
54539.1 0.823236773637235 
54787.005 0.824703055548766 
55034.91 0.826157174395115 
55282.815 0.827599231071037 
55530.72 0.829029325634348 
55778.625 0.830447557312865 
56026.53 0.831854024511296 
56274.435 0.833248824818063 
56522.34 0.834632055012074 
56770.245 0.836003811069442 
57018.15 0.837364188170137 
57266.055 0.838713280704599 
57513.96 0.840051182280279 
57761.865 0.84137798572814 
58009.77 0.842693783109097 
58257.675 0.843998665720399 
58505.58 0.845292724101974 
58753.485 0.846576048042702 
59001.39 0.847848726586648 
59249.295 0.849110848039244 
59497.2 0.850362499973409 
59745.105 0.851603769235634 
59993.01 0.852834741951999 
60240.915 0.854055503534155 
60488.82 0.855266138685248 
60736.725 0.856466731405797 
60984.63 0.857657364999522 
61232.535 0.858838122079123 
61480.44 0.860009084572013 
61728.345 0.861170333726006 
61976.25 0.862321950114947 
62224.155 0.86346401364431 
62472.06 0.864596603556736 
62719.965 0.865719798437538 
62967.87 0.866833676220147 
63215.775 0.867938314191525 
63463.68 0.869033788997523 
63711.585 0.870120176648202 
63959.49 0.871197552523107 
64207.395 0.872265991376496 
64455.3 0.873325567342526 
64703.205 0.874376353940401 
64951.11 0.875418424079468 
65199.015 0.87645185006428 
65446.92 0.877476703599608 
65694.825 0.878493055795422 
65942.73 0.879500977171823 
66190.635 0.880500537663934 
66438.54 0.881491806626752 
66686.445 0.882474852839966 
66934.35 0.883449744512724 
67182.255 0.884416549288366 
67430.16 0.885375334249119 
67678.065 0.886326165920752 
67925.97 0.887269110277192 
68173.875 0.888204232745098 
68421.78 0.889131598208405 
68669.685 0.890051271012825 
68917.59 0.890963314970311 
69165.495 0.891867793363482 
69413.4 0.89276476895002 
69661.305 0.893654303967019 
69909.21 0.894536460135307 
70157.115 0.895411298663725 
70405.02 0.896278880253378 
70652.925 0.897139265101843 
70900.83 0.897992512907347 
71148.735 0.898838682872913 
71396.64 0.899677833710462 
71644.545 0.900510023644889 
71892.45 0.901335310418105 
72140.355 0.902153751293041 
72388.26 0.902965403057621 
72636.165 0.903770322028705 
72884.07 0.904568564055993 
73131.975 0.905360184525903 
73379.88 0.906145238365413 
73627.785 0.906923780045873 
73875.69 0.907695863586781 
74123.595 0.908461542559535 
74371.5 0.909220870091151 
74619.405 0.909973898867943 
74867.31 0.910720681139187 
75115.215 0.91146126872074 
75363.12 0.912195712998637 
75611.025 0.912924064932657 
75858.93 0.91364637505986 
76106.835 0.914362693498092 
76354.74 0.91507306994946 
76602.645 0.915777553703787 
76850.55 0.916476193642026 
77098.455 0.917169038239655 
77346.36 0.917856135570039 
77594.265 0.918537533307767 
77842.17 0.919213278731956 
78090.075 0.919883418729537 
78337.98 0.920547999798506 
78585.885 0.921207068051149 
78833.79 0.921860669217243 
79081.695 0.922508848647226 
79329.6 0.923151651315351 
79577.505 0.923789121822798 
79825.41 0.924421304400772 
80073.315 0.925048242913576 
80321.22 0.925669980861648 
80569.125 0.926286561384582 
80817.03 0.926898027264124 
81064.935 0.927504420927136 
81312.84 0.928105784448541 
81560.745 0.928702159554246 
81808.65 0.929293587624032 
82056.555 0.929880109694428 
82304.46 0.930461766461558 
82552.365 0.931038598283964 
82800.27 0.931610645185408 
83048.175 0.932177946857647 
83296.08 0.932740542663188 
83543.985 0.933298471638019 
83791.89 0.933851772494318 
84039.795 0.934400483623138 
84287.7 0.934944643097073 
84535.605 0.935484288672896 
84783.51 0.936019457794184 
85031.415 0.93655018759391 
85279.32 0.937076514897023 
85527.225 0.937598476223004 
85775.13 0.938116107788398 
86023.035 0.938629445509326 
86270.94 0.939138525003981 
86518.845 0.939643381595095 
86766.75 0.940144050312392 
87014.655 0.940640565895018 
87262.56 0.941132962793954 
87510.465 0.941621275174401 
87758.37 0.942105536918155 
88006.275 0.942585781625957 
88254.18 0.943062042619823 
88502.085 0.943534352945359 
88749.99 0.944002745374049 
88997.895 0.944467252405533 
89245.8 0.944927906269863 
89493.705 0.945384738929734 
89741.61 0.945837782082706 
89989.515 0.946287067163402 
90237.42 0.946732625345691 
90485.325 0.947174487544846 
90733.23 0.947612684419694 
90981.135 0.948047246374744 
91229.04 0.948478203562291 
91476.945 0.948905585884512 
91724.85 0.949329422995541 
91972.755 0.949749744303526 
92220.66 0.950166578972669 
92468.565 0.95057995592525 
92716.47 0.950989903843631 
92964.375 0.951396451172254 
93212.28 0.951799626119605 
93460.185 0.952199456660177 
93708.09 0.95259597053641 
93955.995 0.952989195260615 
94203.9 0.953379158116885 
94451.805 0.953765886162985 
94699.71 0.954149406232231 
94947.615 0.954529744935354 
95195.52 0.954906928662343 
95443.425 0.955280983584276 
95691.33 0.95565193565514 
95939.235 0.956019810613627 
96187.14 0.956384633984924 
96435.045 0.95674643108248 
96682.95 0.957105227009766 
96930.855 0.957461046662015 
97178.76 0.95781391472795 
97426.665 0.958163855691495 
97674.57 0.958510893833478 
97922.475 0.958855053233311 
98170.38 0.959196357770665 
98418.285 0.959534831127123 
98666.19 0.959870496787828 
98914.095 0.960203378043107 
99162 0.96053349799009 
