99162
41827
24428
90231
25753
42448
45570
42540
27292
34789
4914
16861
7729
26258
14361
58438
44144
18343
10425
29475
20627
19789
73107
62871
44417
47064
14725
31450
13121
32334
32462
33074
13500
1168
19128
2574
17478
50350
80938
29200
16418
12328
3898
12541
28679
98671
6738
16828
24354
43039
39391
2220
69152
20300
1001
16459
39762
34563
48194
16833
2166
72803
37885
41980
21039
42170
27680
27606
829
37843
123
37493
11533
35542
8742
17232
69745
25088
24897
22612
15027
14063
44862
21191
22464
91488
16488
10314
72140
1926
68416
6442
10965
18305
23258
26109
40405
1763
11996
84745
35523
17549
33920
3598
35577
2346
44467
14459
41285
18483
31913
17253
42303
21227
36171
79548
2379
13231
32482
7848
6694
23876
10847
24505
36521
1272
12659
12492
8289
12125
26768
43840
10871
13606
1475
84961
11396
19524
10355
7870
14420
8731
95343
27055
42781
53762
44744
6942
62933
30610
67386
86508
10602
29430
49257
13805
1921
25729
10076
9872
41661
1213
6740
46285
40819
29197
28844
13669
4524
14223
16686
2751
34117
58054
28597
63085
13725
89599
11540
14214
2764
9723
26223
10413
14243
47282
55108
86983
2634
45489
76518
24533
2358
1762
12089
12455
10252
11352
70445
22651
11308
9928
11354
52555
10894
63329
91649
12509
53542
89259
4230
15184
53514
25726
54611
10650
70113
37443
18925
47199
16514
27193
41862
6826
36712
60743
31680
29673
65401
2523
35297
69847
4950
7163
40858
70630
39053
5353
72844
37667
22533
12558
89034
89018
22289
71402
91140
6718
11710
63792
37299
14377
57311
31194
11476
19781
83644
31831
43086
15312
91936
65593
71423
37300
27860
3001
42220
29678
14518
27549
79559
90908
11102
11402
54187
10007
35013
10677
2477
3234
26682
24629
42164
79825
65971
11045
25020
32768
92435
11288
23046
19709
73706
11536
93171
21865
79614
24995
5873
11365
77303
8446
31038
42012
32911
17011
68161
36019
19497
85645
32027
17767
38301
74415
11289
46963
11881
17758
15762
17154
50282
17966
18210
11546
30692
15307
53162
29302
20452
83849
57909
64050
66343
62599
17725
11460
1771
15290
5572
23758
20124
11144
7110
20324
31115
3134
23960
18935
13607
32028
13772
1664
32941
30392
11667
5071
48005
30378
80471
74675
11466
3770
8542
26218
10062
32418
65450
13464
39150
64015
6236
65279
67692
31780
12288
28238
11918
90550
10240
30876
97710
11775
3271
20434
46146
60490
1376
98727
46980
39429
1185
7781
12390
7417
40439
73042
6675
12862
8822
15131
14385
2856
31597
72562
75936
43114
24770
52522
10640
10394
5969
2435
74838
80793
7334
52226
91582
29124
16267
16229
69901
15136
10439
20140
28068
16865
82082
34077
8482
3819
96391
2626
2677
52193
53209
5038
36503
52734
15317
10361
5360
4782
40572
23253
18254
41042
14453
75840
12682
27048
2056
1687
11630
37235
24990
26224
63029
9371
27515
35957
11039
26517
11962
25976
57312
37080
12706
17102
13200
10960
31450
72341
31441
87130
34807
83485
23704
8949
13239
17102
44163
13774
12538
11222
15039
13351
19346
65319
83518
6075
7639
18720
46005
63768
32712
1420
10059
63177
16434
47276
