5.16129,88,4,22,9,3
3.87097,66,4,13,16
7.67742,72,4,6,19,18,8
5.74194,70,4,4,12,2,11
5.54839,76,4,12,4,8,15
4.77419,100,4,12,6,11
3.93548,64,4,3,5
5.6129,74,4,2,18,2,22
4.64516,104,4,4,20,1,17
5.67742,72,4,13,22,5
3.41935,80,4,17,15,15,4
3.93548,64,4,12,10
4.25806,116,4,18,10,20
5.41935,80,4,20,19,16
3.54839,76,4,1,2
5.09677,90,4,11,16,3
5.54839,76,4,22,20,13
5.93548,64,4,22,18,9
3.35484,82,4,10,11
4.83871,98,4,18,11,17
5.41935,80,4,19,22,13
5.03226,92,4,22,13,18
7.03226,92,4,21,20,2,9
5.87097,66,4,17,7,7,14
4,62,4,5,10
4.58065,106,4,18,16,2
4.96774,94,4,3,3,7,9
7.48387,78,4,15,18,14,5
3.6129,74,4,1,22
5.22581,86,4,1,9,3
7.93548,64,4,21,17,15,18
5.93548,64,4,13,11,12
2.51613,108,4,10,6
8,62,4,19,18,14,14,12
5.16129,88,4,11,8,13
4.51613,108,4,14,14,20,5
5.22581,86,4,18,3,10
7.41935,80,4,4,6,18,21,3
5.54839,76,4,11,11,3,20
3.80645,68,4,1,21
5.87097,66,4,18,19,9
5.22581,86,4,20,22,22,11
4,62,4,21,5
5.09677,90,4,8,7,16
3.54839,76,4,17,7,4
5.48387,78,4,19,4,20,13
4.96774,94,4,14,6,1
6.25806,116,4,21,18,16,13
5.22581,86,4,13,11,6
5.09677,90,4,19,4,21,9
5.29032,84,4,4,6,1,21
5.80645,68,4,19,11,19,12
5.67742,72,4,22,6,18
3.87097,66,4,11,21
5.41935,80,4,4,3,1,20
5.54839,76,4,19,3,7
3.93548,64,4,8,5
2.90323,96,4,9,21
5.80645,68,4,1,10,16
3.03226,92,4,10,14
5.93548,64,4,19,12,14
7.80645,68,4,7,22,17,5
3.74194,70,4,9,1
3.93548,64,4,18,20
4,62,4,12,16
4.83871,98,4,7,15,1,4
5.35484,82,4,6,17,12
5.54839,76,4,2,1,21
5.41935,80,4,12,11,13
5.74194,70,4,13,17,18
3.35484,82,4,16,17
3.87097,66,4,8,20
7.29032,84,4,19,8,11,2
2.83871,98,4,15,15,1,4
5.6129,74,4,13,13,17,19
7.22581,86,4,7,14,12,6
5.22581,86,4,4,15,16,14
5.74194,70,4,11,19,3
3.93548,64,4,3,5
5.41935,80,4,22,2,15
3.35484,82,4,15,4,16
5.54839,76,4,13,11,20
5.22581,86,4,1,9,3
7.87097,66,4,7,21,18,8
4.32258,114,4,11,9,13
7.87097,66,4,6,7,19,11
7.22581,86,4,19,8,12,22
7.74194,70,4,4,2,14,7,6
3.93548,64,4,18,20
5.74194,70,4,22,18,18,22,9
7.87097,66,4,2,12,19,12,19,21
3.16129,88,4,16,7
5.67742,72,4,18,15,10
6,62,4,21,21,9,5
5.93548,64,4,12,8,22
3.41935,80,4,7,4,9
3.09677,90,4,10,15
3.16129,88,4,5,19
3.67742,72,4,11,20
5.74194,70,4,2,8,16
4,62,4,6,16
7.41935,80,4,13,7,12,12,15
5.6129,74,4,18,11,12
5.93548,64,4,2,2,13,18
3.41935,80,4,17,15,4
3.74194,70,4,3,6
4.96774,94,4,8,8,4,7,9
4.96774,94,4,2,4,1,20
2.83871,98,4,22,22,11,4
2.90323,96,4,5,14
3.87097,66,4,19,6
5.74194,70,4,8,14,17
7.22581,86,4,13,14,14,7,9
5.48387,78,4,2,1,15
2.90323,96,4,5,14
5.29032,84,4,7,20,11
4.25806,116,4,22,10,20
7.74194,70,4,6,22,18,17
2.3871,112,4,5,6
3.67742,72,4,11,22
7.35484,82,4,6,21,22,9
3.22581,86,4,9,17
3.93548,64,4,17,19
5.67742,72,4,6,7,5
3.93548,64,4,4,11,11,5
2.51613,108,4,10,6
3.67742,72,4,11,20
3.41935,80,4,17,11
3.6129,74,4,20,16
3.74194,70,4,9,1
4.83871,98,4,18,1,17
5.93548,64,4,3,9,10
4,62,4,19,17
6.83871,98,4,7,21,3,17
4.45161,110,4,1,10,6
5.74194,70,4,2,14,9
7.22581,86,4,13,19,8,6
3.03226,92,4,9,7
3.35484,82,4,16,17
3.35484,82,4,4,11,6
7.41935,80,4,6,18,14,13
3.80645,68,4,1,21
5.54839,76,4,3,20,13
3.93548,64,4,8,5
3.41935,80,4,20,5
3.29032,84,4,10,17
5.80645,68,4,2,1,14
3.35484,82,4,11,14,4
3.80645,68,4,6,5
3.35484,82,4,10,11
5.22581,86,4,1,3,22
7.54839,76,4,7,14,11,18
5.29032,84,4,19,16,17
6,62,4,2,8,2,12
5.93548,64,4,14,3,14,2
5.09677,90,4,8,9,14
5.67742,72,4,1,14,12
3.93548,64,4,17,16
6,62,4,18,14,2
3.6129,74,4,16,11
5.93548,64,4,11,9,5
3.80645,68,4,6,14,14,4
3.29032,84,4,10,19
3.74194,70,4,9,1
4.51613,108,4,11,9,20
7.87097,66,4,2,13,21,20
5.87097,66,4,19,18,11
5.87097,66,4,18,3,14
5.74194,70,4,1,11,10
3.87097,66,4,19,6
3.80645,68,4,6,5
4.45161,110,4,12,9,20
3.22581,86,4,10,10,18
5.41935,80,4,11,14,2
3.80645,68,4,8,6
3.29032,84,4,11,11,17
7.41935,80,4,13,8,21,3
5.41935,80,4,12,17,12,11
5.80645,68,4,3,12,3,7
6.90323,96,4,6,4,13,2,13,13,10
5.29032,84,4,21,16,16,3
5.80645,68,4,19,10,16
5.87097,66,4,18,8,15
4.96774,94,4,1,10,22
5.29032,84,4,16,9,15
3.67742,72,4,4,3,17
3.80645,68,4,13,10
7.35484,82,4,20,7,22,22,12
3.87097,66,4,12,5
5.6129,74,4,6,21,16
7.6129,74,4,19,14,12,11
5.03226,92,4,6,12,16
5.48387,78,4,1,11,2
2.3871,112,4,9,13
5.16129,88,4,3,1,13
5.41935,80,4,4,18,6,13
2.32258,114,4,10,20
5.03226,92,4,15,1,20
5.6129,74,4,14,2,3
4,62,4,19,17
5.67742,72,4,12,1,21
3.74194,70,4,3,6
4,62,4,4,19,5
5.93548,64,4,13,7,1
6.70968,102,4,15,12,3,17
5.22581,86,4,15,12,6
5.6129,74,4,15,8,9
5.80645,68,4,12,8,10
3.93548,64,4,6,9
4.64516,104,4,20,1,13
5.48387,78,4,4,2,17,21
4.90323,96,4,20,19,13
8,62,4,7,19,3,8
5.22581,86,4,15,12,6
3.54839,76,4,16,19
5.87097,66,4,2,22,8
4,62,4,10,9
5.67742,72,4,2,4,20,18
3.80645,68,4,19,20
5.93548,64,4,15,22,11
5.22581,86,4,2,1,20
5.03226,92,4,7,13,4,8
3.48387,78,4,12,4,9
3.29032,84,4,11,17
5.93548,64,4,18,10,9
3.22581,86,4,9,4,3
5.29032,84,4,20,3,5
3.74194,70,4,3,6
2.77419,100,4,10,12
3.6129,74,4,17,12
5.54839,76,4,8,11,11,20
4.83871,98,4,15,13,19
3.09677,90,4,5,18
5.29032,84,4,17,15,10
5.16129,88,4,14,6,12
7.6129,74,4,12,19,3,21
3.80645,68,4,14,19,4
5.74194,70,4,12,18,20
3.29032,84,4,5,5,11
5.35484,82,4,22,11,10
3.54839,76,4,1,4,4,19
3.93548,64,4,3,4,19
5.87097,66,4,14,8,20
4.90323,96,4,14,14,13,17
8,62,4,18,19,22,7
8,62,4,21,15,10,9
7.67742,72,4,21,13,2,14
3.29032,84,4,1,6
3.87097,66,4,12,5
5.67742,72,4,7,11,9
5.48387,78,4,13,3,6
3.35484,82,4,16,17
3.74194,70,4,21,4,16
4.25806,116,4,3,9,13
5.35484,82,4,11,14,20
3.93548,64,4,8,5
3.41935,80,4,17,11
3.87097,66,4,19,2
5.22581,86,4,9,10,17
7.54839,76,4,18,19,12,20
3.48387,78,4,16,18
5.03226,92,4,22,4,8,20
3.48387,78,4,4,16,18
5.93548,64,4,4,7,14,20
3.22581,86,4,9,3
5.87097,66,4,2,20,17
4.51613,108,4,12,9,6
7.74194,70,4,12,12,8,3,2
3.93548,64,4,4,11,10
5.80645,68,4,21,21,7,2,21
5.93548,64,4,15,21,1
7.54839,76,4,8,19,12,18
6.70968,102,4,21,22,20,17
3.67742,72,4,17,8
5.03226,92,4,22,7,11,22
7.6129,74,4,13,12,2,6
3.67742,72,4,2,15,4
3.41935,80,4,4,17,17,11
5.87097,66,4,19,15,6
3.09677,90,4,5,8
5.6129,74,4,18,1,5
3.22581,86,4,9,17
5.41936,80,4,20,13,18
5.41935,80,4,1,9,19
6.58065,106,4,2,20,13,5
3.03226,92,4,10,14
5.22581,86,4,9,10,19
3.29032,84,4,9,15
5.41935,80,4,17,17,21,3
3.54839,76,4,17,13
9.54839,76,4,13,14,21,14,18,9
5.67742,72,4,8,14,13
5.29032,84,4,19,9,18
3.35484,82,4,10,11
5.54839,76,4,2,22,10
3.93548,64,4,11,10
4,62,4,12,16
5.35484,82,4,3,4,14,20
2.64516,104,4,9,6
3.93548,64,4,18,20
2.3871,112,4,5,6
3.41935,80,4,17,1
4,62,4,4,15,5
3.87097,66,4,8,4,18
5.29032,84,4,15,3,16
7.41935,80,4,3,8,1,2
6.32258,114,4,14,18,9,13
5.93548,64,4,7,11,3
7.6129,74,4,21,15,1,1,5
5.93548,64,4,3,18,8
2.77419,100,4,5,7
4,62,4,13,9
6,62,4,13,22,2
5.16129,88,4,1,16,17
6.83871,98,4,21,8,10,8,13
6,62,4,3,1,10
7.74194,70,4,15,18,12,8
3.35484,82,4,16,22
5.93548,64,4,6,22,3
5.54839,76,4,17,18,12
11.2903,84,4,13,21,14,19,8,6
2.3871,112,4,5,6
7.35484,82,4,15,21,20,14
5.22581,86,4,12,17,12,22
6.83871,98,4,4,13,18,12,16
5.22581,86,4,7,20,19
4.83871,98,4,2,17,1
3.6129,74,4,17,12
3.80645,68,4,19,14,4
2.96774,94,4,5,3
7.67742,72,4,2,3,3,11,18
3.67742,72,4,8,13
2.3871,112,4,5,6
5.16129,88,4,3,2,6
2.64516,104,4,9,6
8.58064,106,4,21,8,16,9,6
6,62,4,1,10,5
4,62,4,4,10,9
5.74194,70,4,21,1,15
4.58065,106,4,3,20,16
3.16129,88,4,16,7
3.80645,68,4,6,5
4.90323,96,4,6,12,5
5.22581,86,4,12,9,8
3.80645,68,4,19,20
2.96774,94,4,11,11,4,16
3.29032,84,4,6,8,4
5.48387,78,4,14,20,3
7.16129,88,4,22,15,2,8
5.74194,70,4,8,22,18
3.03226,92,4,9,7
5.80645,68,4,20,7,7,17
7.74194,70,4,13,20,7,6
5.80645,68,4,7,14,13
4.70968,102,4,22,2,9
3.22581,86,4,10,18
5.67742,72,4,19,18,10
3.48387,78,4,13,8,4
5.80645,68,4,15,10,16
5.41935,80,4,19,8,13
4.70968,102,4,6,11,17
2.58065,106,4,5,21
3.80645,68,4,19,20
5.41935,80,4,19,22,13
5.35484,82,4,14,9,18
4.96774,94,4,6,12,10
5.80645,68,4,22,19,10
3.03226,92,4,10,10,22
2.70968,102,4,20,1,4
4.77419,100,4,18,17,11
2.90323,96,4,5,5,5,14
5.67742,72,4,18,12,7
2.3871,112,4,9,13
3.29032,84,4,11,17
3.16129,88,4,5,17
3.74194,70,4,3,6
2.90323,96,4,5,22
5.22581,86,4,21,9,14
2.25806,116,4,5,20
6.96774,94,4,19,4,13,12,6
2.32258,114,4,10,2
4.45161,110,4,22,10,6
4,62,4,16,5
5.6129,74,4,22,17,8
4.64516,104,4,20,1,13
8,62,4,18,14,15,19
5.16129,88,4,12,17,17,6
5.67742,72,4,6,14,16
3.87097,66,4,19,6
5.54839,76,4,14,21,10
3.48387,78,4,17,20
3.03226,92,4,16,21
5.67742,72,4,7,13,6
5.54839,76,4,3,12,6
5.87097,66,4,15,1,8
5.35484,82,4,14,14,2,19
3.87097,66,4,6,10
5.29032,84,4,14,12,4,20
7.54839,76,4,12,8,21,13
3.29032,84,4,11,17
3.93548,64,4,15,4,17
5.09677,90,4,6,2,6,3
3.93548,64,4,17,19
4.58065,106,4,6,20,16
5.80645,68,4,12,13,7
6,62,4,12,21,1
3.48387,78,4,1,20
5.41935,80,4,22,19,13
5.22581,86,4,8,7,11
7.16129,88,4,12,19,3,3,5
3.35484,82,4,9,8
4,62,4,15,5
6,62,4,17,22,21
3.74194,70,4,2,4,16
3.29032,84,4,5,5,11
5.6129,74,4,6,1,19
2.90323,96,4,5,14
3.93548,64,4,20,6
3.29032,84,4,5,11
3.54839,76,4,17,13
5.35484,82,4,6,7,19,6
3.22581,86,4,10,8
6,62,4,7,8,7,17
5.22581,86,4,8,4,14,20
3.41935,80,4,20,20,15,4
5.87097,66,4,20,20,2,1
3.93548,64,4,17,14
3.16129,88,4,15,4,5
5.67742,72,4,15,17,15,20
5.29032,84,4,3,15,16
5.35484,82,4,7,6,11
5.41935,80,4,18,6,15
3.6129,74,4,20,16
3.22581,86,4,9,3
5.09677,90,4,21,20,4,20,8
6,62,4,22,3,3,22,3,8
5.35484,82,4,14,17,19
5.41935,80,4,19,18,13
7.74194,70,4,21,3,8,10
7.29032,84,4,21,13,20,7
5.80645,68,4,7,17,5
3.29032,84,4,4,4,10,17
7.48387,78,4,15,18,21,11
3.80645,68,4,8,6
5.41935,80,4,19,16,8
6,62,4,2,8,21
2.64516,104,4,16,20
4.96774,94,4,2,7,2,5
3.93548,64,4,17,5
4.96774,94,4,7,4,4,2,5
3.87097,66,4,19,6
2.96774,94,4,16,12
2.90323,96,4,5,22
5.80645,68,4,15,3,19
5.48387,78,4,12,22,3
3.67742,72,4,3,17
5.74194,70,4,12,20,8
3.67742,72,4,11,20
3.80645,68,4,1,21
4,62,4,9,5
3.29032,84,4,10,17
5.22581,86,4,1,8,6
3.93548,64,4,11,5
5.48387,78,4,12,6,13
3.41935,80,4,5,1
3.41935,80,4,20,5
2.51613,108,4,10,6
5.41935,80,4,15,3,20
4.77419,100,4,18,17,1
5.93548,64,4,7,22,5
3.09677,90,4,5,8
5.6129,74,4,20,7,8
4.90323,96,4,3,7,10
3.93548,64,4,17,6
3.80645,68,4,8,6
5.67742,72,4,2,19,2,14
7.22581,86,4,14,18,17,9
3.6129,74,4,1,22
2.64516,104,4,16,2
3.93548,64,4,13,13,4,10
5.54839,76,4,18,22,11
6,62,4,11,9,10
6,62,4,14,18,5
7.80645,68,4,11,1,8,18
2.96774,94,4,5,15
5.67742,72,4,12,3,12,16
3.03226,92,4,18,18,17,4
4,62,4,16,16,10
7.29032,84,4,7,19,1,21
3.22581,86,4,4,9,14
5.87097,66,4,12,12,3,10
3.93548,64,4,20,6
5.80645,68,4,8,12,12,2
5.93548,64,4,8,21,22
3.93548,64,4,18,2
3.35484,82,4,16,15
3.29032,84,4,5,11
5.03226,92,4,11,3,17
4,62,4,21,5
5.29032,84,4,22,1,21
5.93548,64,4,2,20,6
7.54839,76,4,13,15,6,22
4.58065,106,4,16,9,20
5.29032,84,4,12,9,19
7.74194,70,4,11,8,3,19
5.22581,86,4,15,9,14
5.93548,64,4,14,1,5
7.80645,68,4,7,18,19,16
3.6129,74,4,20,9
3.35484,82,4,10,11
5.67742,72,4,12,11,7
3.35484,82,4,9,8
5.29032,84,4,2,15,18,4
3.80645,68,4,13,10
5.74194,70,4,4,8,3,22
4,62,4,3,4,18
4.83871,98,4,14,10,7
5.54839,76,4,2,7,9
5.22581,86,4,19,7,16
3.09677,90,4,5,18
5.80645,68,4,8,12,20
3.67742,72,4,1,7
4.58065,106,4,14,2,10
5.22581,86,4,20,22,9
2.77419,100,4,5,7
4.3871,112,4,22,13,9
2.96774,94,4,5,15
5.67742,72,4,8,7,17
5.6129,74,4,13,1,12
3.22581,86,4,9,14
2.32258,114,4,5,2
7.6129,74,4,20,2,12,22
7.41935,80,4,15,22,16,11
5.87097,66,4,18,7,8
5.67742,72,4,3,11,2
5.09677,90,4,3,22,13
2.77419,100,4,5,7
7.41935,80,4,20,2,13,18
4.70968,102,4,18,6,1
3.87097,66,4,20,17
2.77419,100,4,5,4,11
4,62,4,18,4,3
3.87097,66,4,14,4,11
5.29032,84,4,6,1,21
7.03226,92,4,20,2,2,14,5
3.87097,66,4,2,9
9.67742,72,4,21,14,18,22,3
7.41935,80,4,13,22,19,17
7.35484,82,4,15,21,19,5
5.6129,74,4,13,7,5
3.93548,64,4,17,6
3.22581,86,4,1,13
3.67742,72,4,17,17,8
5.87097,66,4,3,15,21
5.6129,74,4,4,13,1,12
5.09677,90,4,8,21,9
3.41935,80,4,17,1
5.48387,78,4,22,8,10
5.35484,82,4,19,11,20
7.74194,70,4,2,20,13,20,14
3.74194,70,4,8,17
5.35484,82,4,20,20,21,9
2.77419,100,4,10,21
5.22581,86,4,22,10,19
3.93548,64,4,17,19
5.80645,68,4,13,21,10
3.03226,92,4,19,1,4
5.93548,64,4,21,6,18
5.87097,66,4,6,19,12
3.48387,78,4,1,20
5.48387,78,4,4,12,4,19,16
3.87097,66,4,12,5
3.80645,68,4,8,6
5.03226,92,4,4,18,3,6
5.22581,86,4,6,3,16
3.80645,68,4,13,5
4,62,4,11,18
3.35484,82,4,9,8
3.6129,74,4,1,22
3.93548,64,4,18,20
2.90323,96,4,5,14
5.93548,64,4,15,12,21
3.87097,66,4,20,17
6,62,4,3,16,9
3.54839,76,4,16,19
7.74194,70,4,21,22,21,7,13
4,62,4,17,10
7.6129,74,4,22,22,18,18,15,16
5.80645,68,4,6,15,10
3.29032,84,4,9,15
4,62,4,3,13
7.09677,90,4,7,16,16,9,17
5.6129,74,4,21,9,11
2.19355,118,4,5,4,10
7.87097,66,4,21,12,12,20,13
7.29032,84,4,22,15,8,6
5.93548,64,4,12,22,19
5.93548,64,4,22,18,9
7.22581,86,4,21,7,13,14
2.06452,122,4,5,13
6.83871,98,4,13,3,3,21,9
3.74194,70,4,8,3,4
2.90323,96,4,5,22
3.35484,82,4,10,4,10,11
4,62,4,3,13
5.54839,76,4,3,19,2
5.22581,86,4,8,15,10
3.93548,64,4,17,6
5.67742,72,4,12,20,19
5.6129,74,4,2,4,20,19
5.80645,68,4,22,1,8
3.74194,70,4,3,6
3.93548,64,4,1,18
3.67742,72,4,11,20
2.77419,100,4,5,7
5.03226,92,4,22,12,16
7.29032,84,4,13,8,21,17
5.6129,74,4,13,18,13,3
5.80645,68,4,13,3,9
2.77419,100,4,16,6
6,62,4,18,7,19
3.87097,66,4,19,2
5.67742,72,4,17,15,8
5.09677,90,4,12,9,14
3.6129,74,4,11,4,19
4.25806,116,4,14,10,2
5.6129,74,4,13,18,2
2.06452,122,4,5,13
7.35484,82,4,4,14,18,17,10
7.41935,80,4,14,7,18,10
4.90323,96,4,12,9,7
7.16129,88,4,20,4,12,14,16
5.74194,70,4,4,12,12,13,14
7.09677,90,4,21,8,16,7
3.09677,90,4,5,18
5.87097,66,4,2,13,8
7.67742,72,4,18,19,22,21
4.64516,104,4,22,16,2
4.70968,102,4,18,18,7,18,4,10
4,62,4,13,4,9
4.58065,106,4,19,1,19,4,9
3.35484,82,4,10,11
6,62,4,22,16,5
4,62,4,4,22,5
5.93548,64,4,12,22,19
5.80645,68,4,13,19,9
5.54839,76,4,1,3,18
7.80645,68,4,14,12,11,3
3.93548,64,4,17,16
2.64516,104,4,16,2
3.80645,68,4,11,15
5.41935,80,4,17,21,13
5.09677,90,4,15,6,11
5.74194,70,4,14,11,15
6,62,4,19,12,19,18
4,62,4,7,7,10
3.93548,64,4,12,4,1
3.54839,76,4,17,13
5.22581,86,4,20,7,16
2.90323,96,4,20,20,11,4
3.03226,92,4,10,14
3.67742,72,4,2,10
3.6129,74,4,20,9
2.90323,96,4,9,21
5.87097,66,4,8,16,5
3.03226,92,4,10,10,14
4,62,4,3,13
4,62,4,13,13,9
5.74194,70,4,3,11,14,3
3.67742,72,4,16,1
3.54839,76,4,19,18,4
7.41935,80,4,14,7,18,6
5.29032,84,4,2,4,1,21
5.22581,86,4,3,2,18
3.35484,82,4,9,18
3.22581,86,4,9,14
3.03226,92,4,10,3
9.09677,90,4,6,7,22,17,3
5.93548,64,4,17,7,21
9.93548,64,4,22,7,21,18,14
4,62,4,15,5
4.96774,94,4,12,20,5
3.22581,86,4,10,8
3.74194,70,4,11,7
3.35484,82,4,12,4,5
5.29032,84,4,19,19,10,19,9
5.22581,86,4,14,10,19
5.29032,84,4,14,20,8
3.87097,66,4,1,12
5.48387,78,4,7,1,12
3.80645,68,4,11,15
4.90323,96,4,15,16,12
4.96774,94,4,11,19,13
7.48387,78,4,8,19,11,16
3.87097,66,4,12,5
3.93548,64,4,17,5
7.54839,76,4,19,14,3,18
2.58065,106,4,9,2
5.93548,64,4,17,7,21
2.96774,94,4,16,4,11
6.90323,96,4,18,15,6,12
2.12903,120,4,4,10,13
7.87097,66,4,13,12,8,22
5.93548,64,4,14,8,2
5.87097,66,4,1,11,16
5.6129,74,4,13,17,14
5.35484,82,4,7,19,15,4
5.29032,84,4,10,5,11
7.29032,84,4,4,3,12,8,9
3.03226,92,4,10,3
4.83871,98,4,8,16,12
5.87097,66,4,15,6,22
5.87097,66,4,17,7,14
7.09677,90,4,7,11,1,22
5.6129,74,4,19,3,20
5.48387,78,4,22,1,5
4,62,4,11,18
4,62,4,14,13,13,4
5.09677,90,4,12,9,14
5.80645,68,4,22,19,10
3.67742,72,4,11,20
6,62,4,4,7,6,22,7
6.58065,106,4,21,22,2,16
3.41935,80,4,20,10
5.80645,68,4,20,18,7
5.93548,64,4,15,20,2
3.74194,70,4,2,5
5.29032,84,4,14,16,17
4.83871,98,4,18,1,17
5.6129,74,4,20,19,21
3.03226,92,4,19,1,4
4.96774,94,4,6,1,20
5.09677,90,4,1,3,5
4,62,4,14,5
3.87097,66,4,4,12,5
3.22581,86,4,9,17
5.29032,84,4,13,17,2
2.25806,116,4,5,20
4.96774,94,4,22,12,10
3.48387,78,4,17,20
3.87097,66,4,6,10
5.16129,88,4,18,1,1,2
5.29032,84,4,7,17,11
7.6129,74,4,4,15,15,14,14,8,9
3.74194,70,4,2,5
4.83871,98,4,11,9,21
5.16129,88,4,14,19,9,14
5.74194,70,4,2,6,15
4.96774,94,4,3,16,7
9.67742,72,4,13,2,12,18,11
3.22581,86,4,1,13
5.35484,82,4,22,17,15,4
4.90323,96,4,8,21,5
3.67742,72,4,4,1,7
5.48387,78,4,6,2,15
7.48387,78,4,2,8,3,15
8,62,4,4,21,14,16,10
4,62,4,18,5
4.70968,102,4,14,20,16
4.83871,98,4,15,13,19
5.41935,80,4,11,3,9
7.48387,78,4,13,8,11,5
3.74194,70,4,2,3,4
4.70968,102,4,13,6,4,5
3.22581,86,4,18,4,16
3.35484,82,4,9,18
3.35484,82,4,16,15
5.09677,90,4,2,17,8
3.35484,82,4,9,8
3.54839,76,4,20,7,4
4.64516,104,4,9,16,6
5.48387,78,4,21,6,1
3.35484,82,4,16,15
4,62,4,3,13
3.93548,64,4,1,18
4,62,4,19,17
5.09677,90,4,18,16,7
3.67742,72,4,3,17
5.67742,72,4,6,1,3
5.22581,86,4,19,16,3
2.3871,112,4,5,6
5.67742,72,4,12,15,9
2.32258,114,4,4,10,20
5.16129,88,4,21,6,6,5
5.16129,88,4,7,4,20,6
5.29032,84,4,11,16,18
7.41935,80,4,13,20,15,3
5.87097,66,4,2,6,7
5.87097,66,4,2,15,12
3.29032,84,4,11,17
5.87097,66,4,13,14,9
5.93548,64,4,11,14,21
3.54839,76,4,19,22,4
3.67742,72,4,17,8
3.09677,90,4,5,8
5.93548,64,4,22,6,13
3.67742,72,4,11,2
7.22581,86,4,13,20,21,10
5.87097,66,4,1,3,12
3.80645,68,4,19,20
5.48387,78,4,12,13,8
9.48387,78,4,13,3,11,1,1,21
6.90323,96,4,12,14,20,1
4,62,4,9,4,4,13
3.87097,66,4,2,9
6,62,4,3,1,14
5.35484,82,4,7,3,9
5.54839,76,4,22,2,7
4.83871,98,4,15,11,6
5.41935,80,4,19,3,13
5.87097,66,4,7,8,15
3.93548,64,4,17,16
5.54839,76,4,12,17,7
3.87097,66,4,19,2
6.90323,96,4,12,14,1,1,17
5.80645,68,4,15,19,15,20
7.74194,70,4,13,2,11,12
7.87097,66,4,6,8,3,12
4,62,4,7,10
3.29032,84,4,10,17
5.03226,92,4,4,3,9,22
5.67742,72,4,3,22,18
3.48387,78,4,1,20
5.67742,72,4,18,17,15
3.74194,70,4,17,4,19
5.87097,66,4,21,13,14
3.35484,82,4,9,8
5.16129,88,4,8,22,3
5.6129,74,4,20,19,22
2.77419,100,4,10,12
5.87097,66,4,19,4,21,8
5.54839,76,4,4,19,18,20
3.93548,64,4,7,5
5.74194,70,4,14,3,22
3.67742,72,4,1,7
3.09677,90,4,5,4,3
5.54839,76,4,2,12,5
4,62,4,1,5
5.35484,82,4,6,2,19
3.29032,84,4,10,19
3.80645,68,4,1,21
3.87097,66,4,14,15,4
4.90323,96,4,11,9,12
5.48387,78,4,22,17,7,4
4,62,4,3,13
3.87097,66,4,6,2,4
3.48387,78,4,4,16,8
5.87097,66,4,13,15,16
4,62,4,17,17,10
4,62,4,3,13
4,62,4,1,5
5.03226,92,4,12,2,5
5.80645,68,4,6,17,17,21
3.93548,64,4,14,18,4
5.54839,76,4,6,4,6,2,22
2.32258,114,4,16,13
5.29032,84,4,15,21,5
5.03226,92,4,19,21,10
7.74194,70,4,21,22,17,6
5.35484,82,4,11,14,20
5.09677,90,4,3,22,13
3.93548,64,4,3,5
4.64516,104,4,22,16,20
5.03226,92,4,19,10,19,19,2
4,62,4,15,5
6,62,4,14,18,5
5.29032,84,4,19,16,15
5.03226,92,4,8,12,12,16
3.80645,68,4,8,6
3.09677,90,4,5,8
5.22581,86,4,19,22,5
5.16129,88,4,12,4,20,17
3.80645,68,4,18,13
5.87097,66,4,7,16,10
2.90323,96,4,5,22
5.29032,84,4,7,13,3
3.03226,92,4,10,14
7.6129,74,4,7,16,9,1
5.87097,66,4,15,18,5
4,62,4,16,5
7.67742,72,4,2,11,3,1
8,62,4,6,22,18,21
3.29032,84,4,10,17
3.41935,80,4,20,5
3.41935,80,4,20,10
3.03226,92,4,2,1,4
7.93548,64,4,12,18,22,21
5.09677,90,4,3,9,14
5.41935,80,4,14,7,5
5.48387,78,4,12,22,3
4.58065,106,4,14,2,10
5.29032,84,4,19,9,8
5.54839,76,4,20,12,6
7.6129,74,4,6,14,6,22,21
5.74194,70,4,8,22,18
5.93548,64,4,21,18,20
2.90323,96,4,10,7
2.77419,100,4,10,12
7.87097,66,4,12,14,15,8
3.41935,80,4,9,4,7
7.09677,90,4,6,21,2,17
5.87097,66,4,18,12,13
5.6129,74,4,13,17,6
4.96774,94,4,1,9,12
5.67742,72,4,12,15,1
3.93548,64,4,18,2
3.93548,64,4,17,19
6,62,4,22,18,17
7.16129,88,4,18,1,11,7
5.80645,68,4,14,18,13
3.67742,72,4,8,13
7.54839,76,4,14,22,6,7
5.93548,64,4,12,11,18
3.03226,92,4,10,14
5.54839,76,4,6,6,19,5
5.35484,82,4,20,13,8
3.35484,82,4,16,17
4,62,4,13,9
5.35484,82,4,21,9,8
7.54839,76,4,21,3,8,14,4
5.87097,66,4,2,14,20
3.54839,76,4,1,2
5.48387,78,4,4,20,1,16
3.35484,82,4,16,15
5.41935,80,4,13,3,17
3.74194,70,4,1,15
5.93548,64,4,20,3,1
4.64516,104,4,21,16,20
5.74194,70,4,14,17,7
5.6129,74,4,17,4,13,15
3.48387,78,4,17,3
2.32258,114,4,10,10,20
7.6129,74,4,6,4,4,3,1,9
5.22581,86,4,11,12,22
3.41935,80,4,20,5
3.67742,72,4,17,8
5.29032,84,4,22,1,21
5.87097,66,4,1,3,12
4,62,4,6,16
5.22581,86,4,18,11,20
2.64516,104,4,5,12
3.03226,92,4,9,7
5.35484,82,4,2,17,6
3.67742,72,4,8,13
6,62,4,7,12,21
5.48387,78,4,20,20,11,18
5.22581,86,4,22,9,15
2.83871,98,4,15,1,4
3.93548,64,4,3,5
5.54839,76,4,13,11,2
4.83871,98,4,2,6,9
3.80645,68,4,1,21
7.6129,74,4,2,1,8,18
2.77419,100,4,5,4,11
6,62,4,4,21,7,7,16
3.93548,64,4,17,16
5.41935,80,4,13,8,8,17
5.80645,68,4,22,13,2
4,62,4,15,5
5.22581,86,4,20,15,5
5.41936,80,4,20,13,18
2.32258,114,4,5,2
4.64516,104,4,9,16,6
3.80645,68,4,19,20
5.80645,68,4,15,22,5
7.35484,82,4,2,22,18,10
3.6129,74,4,1,22
5.22581,86,4,21,14,4,17
6,62,4,21,8,2
3.29032,84,4,5,5,11
4.25806,116,4,18,16,13
6,62,4,14,18,5
7.67742,72,4,13,2,3,16
8,62,4,7,7,14,21,8
2.12903,120,4,10,13
5.16129,88,4,22,12,6
7.87097,66,4,13,4,1,8,14
4,62,4,10,9
3.35484,82,4,16,22
3.67742,72,4,4,11,2
3.87097,66,4,19,6
4.70968,102,4,22,6,4,1
3.87097,66,4,2,16
6.70968,102,4,21,18,6,1
4.77419,100,4,6,2,16
3.03226,92,4,16,21
5.93548,64,4,7,22,5
3.29032,84,4,9,15
5.48387,78,4,17,22,13
5.35484,82,4,6,18,22,4
5.22581,86,4,22,10,17
7.09677,90,4,13,12,2,4,2,6
7.80645,68,4,13,4,3,19,12
3.67742,72,4,2,10
5.74194,70,4,11,3,21
5.03226,92,4,22,10,15
5.80645,68,4,9,10,16
3.93548,64,4,18,2
5.22581,86,4,7,11,20
3.22581,86,4,10,18
