3.67742,72,6,4,9
5.87097,66,6,21,20,15
5.93548,64,6,18,5,9
5.41935,80,6,18,10,11
3.80645,68,6,3,7
9.87097,66,6,14,19,15,7,17
3.67742,72,6,11,7
3.93548,64,6,18,13
6,62,6,15,6,8,14
5.93548,64,6,19,7,14
5.93548,64,6,7,1,10
8,62,6,22,7,2,21
3.67742,72,6,4,9
5.09677,90,6,7,2,16
4.90323,96,6,8,12,5
3.87097,66,6,9,11
3.87097,66,6,21,5
2.90323,96,6,16,20
3.35484,82,6,13,10
6,62,6,12,19,14
3.87097,66,6,20,14
4.32258,114,6,17,9,13
7.48387,78,6,5,9,9,16,9,11
3.35484,82,6,20,17
3.35484,82,6,3,17
2.83871,98,6,9,2
3.74194,70,6,16,8
3.48387,78,6,10,18
5.16129,88,6,22,5,3
2.83871,98,6,9,2
3.6129,74,6,10,11
5.93548,64,6,8,1,5
3.29032,84,6,14,2,6
6,62,6,21,11,14
5.41935,80,6,14,1,20
4.32258,114,6,15,10,13
3.74194,70,6,16,8
5.74194,70,6,7,19,7,9
3.6129,74,6,11,22
3.41935,80,6,16,7
3.87097,66,6,19,20
5.74194,70,6,7,16,11
5.67742,72,6,21,17,14
3.74194,70,6,6,4,16
2.90323,96,6,5,12
3.67742,72,6,6,11,7
5.93548,64,6,12,19,18
4.83871,98,6,15,20,9
5.80645,68,6,22,14,10
3.22581,86,6,9,12
5.80645,68,6,8,7,21
3.35484,82,6,3,17
2.90323,96,6,20,10
3.87097,66,6,2,18
3.80645,68,6,8,4
5.35484,82,6,18,18,11,22
5.74194,70,6,3,6,15,21
4.83871,98,6,20,2,16
3.6129,74,6,11,20
3.74194,70,6,3,22
7.6129,74,6,6,4,22,15,15,1
5.87097,66,6,14,2,14,22
3.80645,68,6,3,6,18
3.16129,88,6,10,7
3.67742,72,6,8,13
4.96774,94,6,6,13,3,17
7.6129,74,6,18,7,22,22,20
7.74194,70,6,22,17,19,15
5.09677,90,6,14,17,14,5
7.29032,84,6,8,19,3,7
3.22581,86,6,5,5,3
4.70968,102,6,13,17,20
5.93548,64,6,17,5,16
4.64516,104,6,7,4,6,9
7.6129,74,6,22,15,4,20
6,62,6,18,3,1
5.41935,80,6,22,9,3
3.6129,74,6,11,2
3.67742,72,6,9,19
7.67742,72,6,21,2,20,7
3.93548,64,6,1,18
3.09677,90,6,20,9
3.74194,70,6,6,6,3,4
3.87097,66,6,11,10
5.93548,64,6,11,9,10
3.6129,74,6,4,10
8,62,6,4,21,18,8
3.93548,64,6,17,8
5.87097,66,6,22,6,20,2
5.67742,72,6,12,18,3
7.35484,82,6,19,18,7,3
7.22581,86,6,15,14,1,20
3.87097,66,6,2,18
3.87097,66,6,21,5
7.6129,74,6,22,14,8,20
3.67742,72,6,1,7
4.32258,114,6,19,10,2
3.29032,84,6,4,8,6
4.96774,94,6,2,14,5
3.74194,70,6,20,22
4,62,6,11,6,15
2.58065,106,6,10,20
4.83871,98,6,1,16,21
3.35484,82,6,3,17
5.03226,92,6,6,12,19,13
2.77419,100,6,16,4
5.35484,82,6,18,17,9
9.16129,88,6,15,22,8,1,7
3.41935,80,6,9,22
3.93548,64,6,1,18
5.93548,64,6,15,2,21
3.80645,68,6,17,13
5.09677,90,6,15,4,1
2.3871,112,6,10,13
3.54839,76,6,16,14
3.80645,68,6,3,7
5.74194,70,6,17,22,13
3.6129,74,6,16,15
5.29032,84,6,21,17,13
9.87097,66,6,15,7,21,8,18
3.29032,84,6,10,6,2
4.96774,94,6,17,21,10
3.67742,72,6,5,1
3.03226,92,6,10,12
5.67742,72,6,21,3,13
7.87097,66,6,15,7,16,5
7.54839,76,6,4,3,8,16
3.03226,92,6,20,6,5
3.87097,66,6,17,12
3.48387,78,6,10,18
2.90323,96,6,16,2
5.54839,76,6,7,3,13
3.16129,88,6,5,14
3.54839,76,6,9,15
5.48387,78,6,21,13,11
3.03226,92,6,10,12
4.25806,116,6,19,5,20
7.41935,80,6,21,12,18,5
4.51613,108,6,6,10,5,20
3.54839,76,6,4,5
5.74194,70,6,14,17,15
5.03226,92,6,2,20,9
5.80645,68,6,6,3,3,8,7
7.74194,70,6,19,8,15,21
5.67742,72,6,19,8,20
5.74194,70,6,19,14,9
5.54839,76,6,18,2,12
3.6129,74,6,11,20
5.41935,80,6,6,4,7,14,14,6
3.87097,66,6,16,11
3.16129,88,6,5,22
6.96774,94,6,22,13,4,11
5.6129,74,6,13,19,11
3.74194,70,6,16,8
3.93548,64,6,20,4
5.87097,66,6,19,12,2
5.41935,80,6,6,10,16,19
3.48387,78,6,9,14
5.48387,78,6,15,11,7
5.87097,66,6,2,4,21
4.70968,102,6,4,1,17
5.67742,72,6,21,17,19
3.87097,66,6,17,12
4.96774,94,6,11,14,5
3.6129,74,6,10,11
2.90323,96,6,5,12
7.41935,80,6,4,21,2,11
5.22581,86,6,7,6,17,3
3.35484,82,6,5,8
3.54839,76,6,16,14
3.80645,68,6,20,20,15
3.09677,90,6,20,16
5.41935,80,6,7,16,14
3.87097,66,6,11,10
3.87097,66,6,11,10
3.93548,64,6,9,6,4
5.41935,80,6,13,4,16
5.03226,92,6,14,10,15
5.29032,84,6,13,17,21
5.09677,90,6,19,10,10,15
6.90323,96,6,22,18,11,17
7.80645,68,6,4,14,18,3
3.03226,92,6,5,7
7.54839,76,6,15,12,21,3
7.48387,78,6,18,21,18,15,3
4.90323,96,6,12,11,11,4
3.48387,78,6,9,14
5.93548,64,6,15,2,21
3.87097,66,6,16,11
5.22581,86,6,1,3,3,3,4
3.74194,70,6,16,18
3.87097,66,6,17,12
7.80645,68,6,21,3,12,13
5.41935,80,6,8,6,8,7,12
3.03226,92,6,10,12
3.54839,76,6,10,17
3.09677,90,6,15,1,6
3.6129,74,6,4,10
3.93548,64,6,8,5
3.35484,82,6,6,10,10,15
4.96774,94,6,2,7,9
5.29032,84,6,2,14,20
2.90323,96,6,9,16,6
5.16129,88,6,18,4,15
3.48387,78,6,1,20
3.35484,82,6,13,13,5
3.87097,66,6,17,12
3.48387,78,6,9,14
5.35484,82,6,18,11,20
5.48387,78,6,19,16,8
3.74194,70,6,17,20
5.6129,74,6,19,18,2
2.83871,98,6,5,21
3.48387,78,6,9,3
3.74194,70,6,4,16
5.41935,80,6,18,8,13
5.41935,80,6,19,7,11
5.67742,72,6,19,11,11,10
5.22581,86,6,15,6,6,13,6,16
3.6129,74,6,11,22
6,62,6,22,12,8
3.22581,86,6,6,1,13
2.64516,104,6,9,4
5.09677,90,6,6,11,9,17
5.67742,72,6,17,14,11
5.16129,88,6,17,6,14,10
5.22581,86,6,16,9,12
3.54839,76,6,13,9
6,62,6,13,3,12
5.09677,90,6,6,17,16,7
5.16129,88,6,6,14,1,13
3.22581,86,6,11,17
5.6129,74,6,15,15,4,14
5.29032,84,6,12,18,2
3.80645,68,6,6,10,1
6.83871,98,6,13,12,11,4
6.3871,112,6,15,12,2,5
5.93548,64,6,15,2,4
2.83871,98,6,9,20
2.83871,98,6,9,20
5.6129,74,6,12,12,4,2
5.87097,66,6,21,20,7
3.74194,70,6,4,16
5.41935,80,6,18,2,18,6,15
3.74194,70,6,3,16
7.67742,72,6,21,12,14,20
5.74194,70,6,8,21,13
4.3871,112,6,19,9,13
3.87097,66,6,3,20
3.80645,68,6,8,4
5.6129,74,6,7,2,1
3.22581,86,6,5,15
8.77419,100,6,18,15,22,21,5
3.6129,74,6,3,5
2.58065,106,6,10,20
3.6129,74,6,3,5
3.80645,68,6,16,19
2.58065,106,6,10,2
5.29032,84,6,18,9,3
5.35484,82,6,18,4,12
3.80645,68,6,20,15
8,62,6,7,19,10,5
2.83871,98,6,5,21
3.41935,80,6,5,17
5.35484,82,6,2,7,12
3.67742,72,6,20,11
2.83871,98,6,9,20
3.93548,64,6,16,1
5.35484,82,6,17,17,14,4
3.09677,90,6,20,16
4.64516,104,6,7,13,16
3.67742,72,6,20,8
5.74194,70,6,21,11,10
5.87097,66,6,7,21,16
5.6129,74,6,1,11,15
5.48387,78,6,12,8,16
3.22581,86,6,1,13
5.41936,80,6,12,11,10
7.93548,64,6,6,1,11,8,14
5.54839,76,6,6,2,13,22
5.22581,86,6,13,18,5
2.90323,96,6,16,20
5.74194,70,6,22,4,14
3.74194,70,6,6,16,8
3.87097,66,6,17,2
3.6129,74,6,9,18
5.67742,72,6,18,2,13
9.54839,76,6,15,18,21,21,19,22
2.70968,102,6,10,6,5
5.29032,84,6,12,13,22
5.16129,88,6,1,16,16,15
7.35484,82,6,22,18,3,13
5.09677,90,6,3,12,16
4.32258,114,6,19,16,13
2.3871,112,6,5,4
4.58065,106,6,14,2,10
3.54839,76,6,12,16
3.22581,86,6,9,6,9,12
5.74194,70,6,12,12,19,1
3.80645,68,6,17,13
3.22581,86,6,16,12
6,62,6,17,10,16
7.09677,90,6,12,20,2,8
5.09677,90,6,13,8,8,20
5.67742,72,6,17,21,13
5.35484,82,6,17,19,10
5.41935,80,6,6,11,3,7
5.03226,92,6,5,10,7
6.96774,94,6,6,6,18,16,10,3
2.3871,112,6,10,13
4.70968,102,6,7,9,20
3.80645,68,6,1,1,21
3.16129,88,6,5,22
3.80645,68,6,8,4
5.48387,78,6,21,13,8
3.09677,90,6,20,9
3.41935,80,6,3,6,20
3.29032,84,6,2,16
3.87097,66,6,19,20
3.74194,70,6,3,22
5.54839,76,6,19,8,17
9.87097,66,6,6,15,22,22,17,18,14
3.80645,68,6,16,19
5.41935,80,6,12,2,15
5.93548,64,6,18,1,3
6.32258,114,6,7,5,10,10,5,20
5.87097,66,6,19,8,9
5.48387,78,6,6,13,3,15
2.58065,106,6,10,20
5.6129,74,6,21,15,17,6
5.03226,92,6,19,11,17
3.93548,64,6,13,1
5.48387,78,6,19,16,16,8
3.6129,74,6,9,6,14
3.67742,72,6,17,1
5.35484,82,6,21,17,2
5.93548,64,6,4,17,22
3.80645,68,6,17,13
3.87097,66,6,20,3
5.35484,82,6,11,1,20
7.93548,64,6,14,21,12,2
3.93548,64,6,13,1
5.48387,78,6,22,2,1
7.93548,64,6,22,21,2,12
5.67742,72,6,6,12,3,20
6,62,6,7,7,13,12
3.48387,78,6,10,8
4.90323,96,6,12,21,5
3.54839,76,6,13,9
5.87097,66,6,6,14,15,9
7.54839,76,6,19,8,21,13
3.74194,70,6,3,16
5.03226,92,6,8,22,10
5.16129,88,6,19,16,7
4,62,6,11,12
5.6129,74,6,2,6,14,3
9.35484,82,6,21,22,18,15,11
4.77419,100,6,7,16,20
5.93548,64,6,20,2,12
3.22581,86,6,16,12
3.67742,72,6,11,7
3.87097,66,6,19,20
5.41935,80,6,20,6,7,2
3.6129,74,6,9,18
7.16129,88,6,8,1,3,3,16
5.80645,68,6,14,20,12
3.74194,70,6,3,16
2.70968,102,6,10,6,5
5.29032,84,6,15,20,1
5.87097,66,6,19,11,9
3.54839,76,6,10,17
5.29032,84,6,13,22,10
5.54839,76,6,18,4,21
7.54839,76,6,17,15,22,15,16
3.6129,74,6,11,20
5.09677,90,6,6,4,12,19,4
3.41935,80,6,6,5,19
5.16129,88,6,18,20,15
5.67742,72,6,21,13,15
4,62,6,8,10
5.67742,72,6,18,3,2
3.22581,86,6,5,15
3.74194,70,6,4,16
3.54839,76,6,13,9
3.54839,76,6,16,14
5.74194,70,6,19,3,2
7.74194,70,6,22,21,14,13
3.6129,74,6,12,9
5.74194,70,6,4,6,19,16
2.83871,98,6,2,3,6
2.58065,106,6,16,13
5.03226,92,6,2,7,16
5.41935,80,6,8,16,19
3.54839,76,6,20,1
3.35484,82,6,5,8
2.3871,112,6,5,4
3.09677,90,6,20,9
2.90323,96,6,20,10
4.70968,102,6,15,16,4
4.77419,100,6,7,16,2
3.6129,74,6,11,11,22
3.93548,64,6,2,8
4.83871,98,6,11,9,12
3.16129,88,6,9,21
5.03226,92,6,22,17,22,12,6
5.67742,72,6,22,8,22,20
3.67742,72,6,17,11
5.22581,86,6,13,19,5
3.74194,70,6,16,8
3.48387,78,6,1,20
2.90323,96,6,6,16,20
5.09677,90,6,18,21,5
9.35484,82,6,7,22,15,10,19
5.16129,88,6,8,22,20
7.48387,78,6,14,22,18,16
5.6129,74,6,12,15,17
5.67742,72,6,8,14,16
3.03226,92,6,10,12
3.74194,70,6,12,6,2
5.74194,70,6,1,8,1,14
5.35484,82,6,14,2,19
3.80645,68,6,2,1
5.67742,72,6,22,17,20
5.6129,74,6,12,1,3
5.6129,74,6,13,13,22,8
3.80645,68,6,21,6,9
8,62,6,18,15,21,19
5.67742,72,6,15,9,9,9,19
7.09677,90,6,7,15,5,15,5,14
3.67742,72,6,20,11
6.83871,98,6,21,22,12,9
7.29032,84,6,14,7,18,4
5.74194,70,6,21,11,10
5.87097,66,6,21,16,10
5.74194,70,6,22,17,13
5.80645,68,6,8,21,20
5.93548,64,6,18,15,16
4,62,6,8,10
5.35484,82,6,14,3,17
3.80645,68,6,20,20,7
3.80645,68,6,8,4
5.48387,78,6,4,7,10
7.03226,92,6,21,15,1,15,5
5.74194,70,6,21,20,8
7.67742,72,6,17,7,15,7,12
3.87097,66,6,20,3
5.29032,84,6,12,2,18
7.09677,90,6,22,19,11,4
5.74194,70,6,21,3,16
5.29032,84,6,12,4,14
5.41935,80,6,12,20,7
7.6129,74,6,14,21,22,4
6,62,6,15,1,3
5.03226,92,6,14,17,12
2.83871,98,6,9,20
4.32258,114,6,15,13,10
5.80645,68,6,18,19,7,18
7.41935,80,6,19,14,15,20
2.64516,104,6,9,4
3.67742,72,6,17,1
5.09677,90,6,7,1,13
5.41935,80,6,15,20,8
4.58065,106,6,4,18,4,10
3.87097,66,6,2,18
3.48387,78,6,10,8
6,62,6,4,13,17
3.67742,72,6,17,1
7.54839,76,6,21,2,14,11
4.06452,122,6,19,5,13
3.87097,66,6,9,11
5.54839,76,6,3,8,3,22
4.32258,114,6,17,9,4
3.54839,76,6,1,2
3.35484,82,6,3,17
5.6129,74,6,4,22,11
3.35484,82,6,1,6,20
5.67742,72,6,16,9,19
3.80645,68,6,11,21
3.54839,76,6,5,5,11
5.41935,80,6,14,14,20,7
7.54839,76,6,7,22,22,1,22,8
3.74194,70,6,11,15
3.74194,70,6,17,3
5.54839,76,6,22,9,18
3.74194,70,6,16,18
3.67742,72,6,11,7
3.29032,84,6,6,16,21
4.45161,110,6,22,10,4
5.03226,92,6,21,21,2,10
3.87097,66,6,16,11
7.35484,82,6,7,19,22,11
3.80645,68,6,20,7
7.67742,72,6,4,2,7,17
3.41935,80,6,11,13
3.35484,82,6,14,17,6
3.54839,76,6,5,11
2.83871,98,6,9,2
5.35484,82,6,8,15,20
5.22581,86,6,18,4,22
5.29032,84,6,22,18,1,22
3.6129,74,6,6,16,15
5.80645,68,6,18,11,9
4,62,6,8,10
5.80645,68,6,4,4,7,13
6,62,6,22,12,19
5.93548,64,6,18,15,11
5.54839,76,6,22,2,19
7.93548,64,6,7,21,18,3
3.74194,70,6,4,16
6,62,6,6,18,19,9
6,62,6,1,11,14
7.80645,68,6,14,14,19,12,20
5.93548,64,6,21,20,3
3.74194,70,6,17,20
5.87097,66,6,1,8,18
3.67742,72,6,1,7
3.67742,72,6,20,6,19
5.80645,68,6,22,14,10
3.6129,74,6,12,9
5.29032,84,6,19,16,14
5.09677,90,6,7,1,17
5.54839,76,6,8,21,1
3.41935,80,6,5,19
5.80645,68,6,11,19,11,3
5.16129,88,6,4,19,13
4,62,6,1,5
7.29032,84,6,4,14,22,2
5.93548,64,6,19,11,19,1
7.09677,90,6,7,22,5,3
5.6129,74,6,11,9,1
7.54839,76,6,15,7,17,8
3.93548,64,6,19,2
5.74194,70,6,17,15,3
5.80645,68,6,10,9,1
3.22581,86,6,2,12,6
5.87097,66,6,4,20,14
7.16129,88,6,22,12,20,15
7.09677,90,6,22,3,11,20
3.6129,74,6,3,10
2.77419,100,6,16,4
3.67742,72,6,1,7
3.16129,88,6,5,14
5.48387,78,6,4,12,16
3.35484,82,6,13,13,5
5.54839,76,6,15,16,15,11
2.51613,108,6,5,20
5.67742,72,6,5,10,1
3.74194,70,6,19,13
7.74194,70,6,19,15,21,18
7.74194,70,6,14,3,11,16
3.35484,82,6,9,6,8
3.87097,66,6,3,15
4.96774,94,6,18,5,14
3.74194,70,6,17,20
3.6129,74,6,11,22
7.35484,82,6,4,7,14,7,13
2.96774,94,6,5,6,6,1
3.29032,84,6,2,16
5.67742,72,6,11,3,21
3.74194,70,6,17,20
3.29032,84,6,9,7
3.80645,68,6,20,15
7.54839,76,6,21,12,7,19
5.03226,92,6,19,12,10
5.29032,84,6,2,20,17
2.3871,112,6,5,4
5.87097,66,6,11,14,21
4.70968,102,6,17,5,21
7.22581,86,6,15,7,22,20,7
3.74194,70,6,17,20
3.41935,80,6,9,22
5.41935,80,6,6,22,3,3,13
5.54839,76,6,18,16,16,8
3.93548,64,6,9,6,4
3.80645,68,6,2,1
3.87097,66,6,19,4
2.64516,104,6,9,4
4.77419,100,6,16,5,21
7.09677,90,6,7,19,19,7,2,18
3.67742,72,6,17,11
2.90323,96,6,20,5
5.48387,78,6,9,10,17
5.67742,72,6,6,15,16,18
7.09677,90,6,22,17,17,5,17,22,9
5.93548,64,6,18,15,16
3.22581,86,6,9,12
5.16129,88,6,12,11,22
3.54839,76,6,16,3
5.80645,68,6,19,3,19,16
2.90323,96,6,16,20
3.41935,80,6,5,19
5.80645,68,6,1,16,10
7.54839,76,6,19,18,12,8
3.74194,70,6,6,8,17
3.29032,84,6,9,7
7.54839,76,6,14,22,7,11
7.74194,70,6,13,14,18,8
5.03226,92,6,18,9,12
3.93548,64,6,2,8
3.54839,76,6,5,11
5.09677,90,6,7,9,12
3.67742,72,6,20,18
2.90323,96,6,5,5,12
3.35484,82,6,20,17
4.3871,112,6,14,4,5
3.87097,66,6,20,14
3.35484,82,6,19,6,10
6,62,6,6,22,12,8
3.09677,90,6,6,20,16
2.64516,104,6,9,9,4
4.58065,106,6,19,5,21
5.16129,88,6,12,19,4
5.6129,74,6,3,12,7
3.67742,72,6,20,11
5.67742,72,6,18,2,13
5.67742,72,6,12,3,15
5.93548,64,6,22,14,16
7.67742,72,6,4,2,20,8
5.22581,86,6,8,16,22
3.09677,90,6,20,9
7.41936,80,6,21,6,6,13,12,4
3.87097,66,6,8,20
3.74194,70,6,8,17
3.54839,76,6,1,2
2.3871,112,6,5,4
7.16129,88,6,7,4,2,11
3.54839,76,6,9,15
2.83871,98,6,5,21
5.6129,74,6,14,21,9
5.22581,86,6,14,4,19
3.87097,66,6,2,19
3.22581,86,6,1,13
7.35484,82,6,18,15,14,10
4.90323,96,6,2,22,5
3.67742,72,6,11,7
5.48387,78,6,7,16,22
3.87097,66,6,11,10
3.87097,66,6,9,11
5.80645,68,6,5,16,10
2.58065,106,6,10,2
3.6129,74,6,16,15
3.41935,80,6,6,9,22
3.74194,70,6,3,16
4.96774,94,6,18,9,21
5.93548,64,6,21,9,10
3.6129,74,6,12,9
5.16129,88,6,17,10,22
5.54839,76,6,10,5,11
3.93548,64,6,8,5
3.67742,72,6,20,18
3.48387,78,6,9,17
3.87097,66,6,1,12
3.87097,66,6,11,10
5.41935,80,6,19,22,11
4.96774,94,6,1,16,7
5.87097,66,6,15,1,14
2.83871,98,6,5,21
5.80645,68,6,6,8,12,18
5.6129,74,6,3,21,22
7.74194,70,6,18,8,11,9
3.87097,66,6,17,2
5.54839,76,6,13,7,3
3.87097,66,6,19,6,2
3.80645,68,6,17,13
2.51613,108,6,5,20
3.54839,76,6,4,5
5.41935,80,6,22,20,11
7.09677,90,6,18,22,19,20
7.74194,70,6,15,7,20,7,19
3.67742,72,6,20,11
5.74194,70,6,4,15,3
5.29032,84,6,22,5,22,3
4,62,6,6,11,16
5.09677,90,6,12,21,9
3.87097,66,6,20,3
5.6129,74,6,21,19,21,21,16
3.93548,64,6,8,2
5.87097,66,6,12,18,8
5.93548,64,6,11,9,10
2.83871,98,6,9,2
6,62,6,4,4,2,8
5.48387,78,6,19,11,7
5.6129,74,6,19,1,21
3.6129,74,6,12,17
5.16129,88,6,12,21,16
3.41935,80,6,6,12,18,6
3.6129,74,6,16,22
2.51613,108,6,5,20
5.80645,68,6,22,17,12
5.80645,68,6,22,2,7
2.90323,96,6,6,20,10
3.54839,76,6,10,17
3.87097,66,6,11,10
5.67742,72,6,22,21,9
5.74194,70,6,6,21,17,22,21
3.93548,64,6,11,18
2.58065,106,6,10,20
3.6129,74,6,16,15
2.70968,102,6,17,16,6
3.16129,88,6,9,9,9,21
7.54839,76,6,22,4,2,21
6,62,6,7,19,5
3.6129,74,6,16,17
5.87097,66,6,18,22,4
3.67742,72,6,9,19
5.35484,82,6,22,5,17
3.54839,76,6,4,5
5.93548,64,6,21,1,16
3.41935,80,6,11,13
2.83871,98,6,9,9,2
5.74194,70,6,1,19,15
5.22581,86,6,21,14,2,2,6
2.90323,96,6,16,2
4.58065,106,6,2,4,9
3.6129,74,6,20,19
6.45161,110,6,15,4,13,13,9
6.70968,102,6,1,9,10,21
5.67742,72,6,3,8,9
3.16129,88,6,2,5
3.35484,82,6,10,15
5.22581,86,6,9,10,22
3.22581,86,6,1,17
7.35484,82,6,7,11,8,8,9
2.64516,104,6,9,9,13
3.29032,84,6,5,6,19
5.41935,80,6,7,19,1,7
5.87097,66,6,14,22,8
4.64516,104,6,18,18,5,21
4.19355,118,6,6,18,5,5,4
3.41935,80,6,11,13
5.35484,82,6,15,5,19
6.51613,108,6,22,13,4,16
7.54839,76,6,18,21,2,12
5.93548,64,6,19,21,18
5.6129,74,6,7,1,1,15
3.41935,80,6,5,19
3.41935,80,6,5,17
5.35484,82,6,15,20,19
3.6129,74,6,11,20
3.35484,82,6,6,10,15
5.54839,76,6,19,22,16
3.29032,84,6,10,6,8
3.67742,72,6,2,17
5.22581,86,6,10,16,17
5.16129,88,6,15,4,11
6,62,6,14,1,16
5.67742,72,6,6,17,22,1
7.03226,92,6,19,18,8,17
3.67742,72,6,20,18
3.6129,74,6,12,9
3.74194,70,6,3,9
5.03226,92,6,1,19,4
7.03226,92,6,6,21,12,4,17
2.51613,108,6,5,20
7.35484,82,6,6,13,4,20,11
5.16129,88,6,12,11,2
3.54839,76,6,4,5
3.48387,78,6,20,21,6
7.6129,74,6,14,18,22,3
5.41935,80,6,15,20,8
5.80645,68,6,19,5,16
6,62,6,6,15,7,10
3.6129,74,6,12,14,6
3.22581,86,6,1,17
3.74194,70,6,8,17
3.67742,72,6,5,1
4,62,6,9,1
3.41935,80,6,12,5
3.48387,78,6,1,20
5.48387,78,6,15,9,14
3.80645,68,6,16,19
4.12903,120,6,18,5,13
3.67742,72,6,4,9
3.6129,74,6,1,22
5.74194,70,6,17,22,3
3.29032,84,6,10,3
5.35484,82,6,8,15,1
4.83871,98,6,20,21,9
5.67742,72,6,11,19,3
3.22581,86,6,1,17
5.93548,64,6,12,18,22
3.6129,74,6,12,9
5.54839,76,6,8,1,22
3.93548,64,6,6,13,1
3.22581,86,6,5,15
3.87097,66,6,19,19,4
7.80645,68,6,22,12,21,15
3.41935,80,6,13,16
2.90323,96,6,20,10
5.03226,92,6,2,6,4,1
5.6129,74,6,22,5,1
5.6129,74,6,21,12,16
3.67742,72,6,17,1
3.93548,64,6,8,5
3.6129,74,6,11,20
3.6129,74,6,16,17
7.6129,74,6,15,8,12,20
5.74194,70,6,6,6,3,8,16
7.93548,64,6,15,18,21,3
3.74194,70,6,3,4
6,62,6,21,8,3,21
7.6129,74,6,15,6,8,3,14
5.03226,92,6,2,20,16
5.41935,80,6,10,5,17
5.22581,86,6,8,3,12,6
3.29032,84,6,1,4
5.67742,72,6,4,18,17
3.67742,72,6,11,7
3.6129,74,6,20,19
2.3871,112,6,10,13
3.29032,84,6,10,14
3.67742,72,6,20,11
5.29032,84,6,18,9,3
7.87097,66,6,7,12,19,14
3.03226,92,6,10,12
3.93548,64,6,20,4
3.67742,72,6,20,8
5.74194,70,6,18,16,1
3.87097,66,6,1,12
3.74194,70,6,1,15
5.54839,76,6,15,3,16
3.80645,68,6,20,7
3.6129,74,6,16,22
3.6129,74,6,3,5
3.35484,82,6,10,15
11.4194,80,6,7,22,15,14,3,8,22
4.83871,98,6,12,4,11
7.54839,76,6,15,17,21,2
5.67742,72,6,19,3,11,19
5.67742,72,6,15,16,15,16,18
5.41935,80,6,8,15,3
5.35484,82,6,13,18,9
3.22581,86,6,1,13
5.54839,76,6,6,17,9,11
3.74194,70,6,17,20
7.80645,68,6,21,15,18,5
4.64516,104,6,13,17,11
5.80645,68,6,22,4,20
6,62,6,21,8,9
5.41935,80,6,20,2,20,20,8
3.48387,78,6,9,17
5.54839,76,6,4,13,6,8
6,62,6,22,22,7,14,6
5.03226,92,6,14,10,15
5.67742,72,6,12,20,12,11
7.93548,64,6,12,12,21,15,7
4.25806,116,6,17,10,13
5.74194,70,6,19,18,18,7,6
5.74194,70,6,2,20,7
3.29032,84,6,10,22
5.87097,66,6,1,3,11
5.22581,86,6,6,2,22,4
5.80645,68,6,4,6,15,10
2.83871,98,6,4,11,11,11,6
3.74194,70,6,20,22
3.22581,86,6,1,8,6
2.58065,106,6,10,20
3.6129,74,6,11,22
3.93548,64,6,19,15,6
5.6129,74,6,2,22,22,21
5.41935,80,6,13,14,9
5.93548,64,6,7,18,21,6
5.48387,78,6,15,4,3
5.48387,78,6,6,17,10,11
4,62,6,9,1
7.41935,80,6,13,7,15,11
3.67742,72,6,20,8
5.80645,68,6,8,12,18
5.6129,74,6,21,3,10
7.67742,72,6,19,3,8,8,15
8,62,6,4,13,7,21
5.29032,84,6,3,18,17
3.80645,68,6,8,4
3.6129,74,6,10,10,11
5.22581,86,6,22,22,13,19
5.74194,70,6,17,6,22,8
5.87097,66,6,11,14,8
3.6129,74,6,1,22
5.74194,70,6,22,17,13
5.41935,80,6,4,8,2
3.67742,72,6,4,9
5.87097,66,6,7,7,2,22
4.64516,104,6,16,9,4
4,62,6,11,12
2.83871,98,6,9,2
7.16129,88,6,4,14,8,13
5.67742,72,6,8,14,8,5
3.74194,70,6,19,13
5.54839,76,6,18,1,21
3.03226,92,6,10,6,11
2.58065,106,6,10,10,2
5.48387,78,6,21,16,11
3.6129,74,6,8,19,19,6
5.29032,84,6,2,14,4
7.48387,78,6,22,12,20,21
4,62,6,6,1,6,13
5.80645,68,6,15,8,10
2.3871,112,6,5,4
2.64516,104,6,9,4
3.35484,82,6,11,6,6,3
4.51613,108,6,14,20,10
3.67742,72,6,2,17
7.41935,80,6,18,8,12,12,11
3.93548,64,6,8,5
5.03226,92,6,8,15,8,13
5.80645,68,6,4,1,8
5.29032,84,6,7,5,19
5.41935,80,6,14,11,13
9.16129,88,6,6,6,15,21,19,18,20
3.87097,66,6,10,6,4
8,62,6,7,14,9,16
7.29032,84,6,21,15,19,1,21
3.6129,74,6,3,10
3.67742,72,6,11,7
3.22581,86,6,5,3
2.58065,106,6,6,5,2
3.6129,74,6,8,6,20
5.67742,72,6,21,12,9
3.35484,82,6,5,8
2.90323,96,6,5,12
4,62,6,2,15
4.96774,94,6,20,12,9
3.54839,76,6,16,3
3.74194,70,6,3,16
3.74194,70,6,4,16
7.35484,82,6,19,22,7,1
2.83871,98,6,5,21
3.22581,86,6,5,3
5.22581,86,6,13,19,17
5.29032,84,6,11,14,20
4,62,6,11,16
3.16129,88,6,5,14
5.80645,68,6,8,18,8,15
3.87097,66,6,8,20
3.41935,80,6,16,7
3.80645,68,6,11,21
3.87097,66,6,16,11
6.90323,96,6,22,13,4,1
3.87097,66,6,6,20,14
5.16129,88,6,12,7,20
3.80645,68,6,3,7
5.09677,90,6,16,5,14
4,62,6,9,1
7.80645,68,6,21,17,21,7,18
5.41935,80,6,4,17,14
2.90323,96,6,16,20
4.3871,112,6,8,16,4
5.67742,72,6,11,3,18
3.54839,76,6,10,19
4.70968,102,6,6,15,4,16
3.80645,68,6,7,6,5
2.90323,96,6,20,5
6,62,6,14,12,1
3.74194,70,6,8,17
2.58065,106,6,16,13
7.03226,92,6,15,22,9,7
3.35484,82,6,5,18
5.03226,92,6,14,10,15
5.48387,78,6,1,3,1,18
5.54839,76,6,4,12,9
5.35484,82,6,13,22,9
4.3871,112,6,18,10,2
5.09677,90,6,1,14,16
4,62,6,14,5
5.22581,86,6,7,6,11,15
7.16129,88,6,14,19,9,17
6.25806,116,6,22,7,16,13
3.03226,92,6,13,3,6
3.93548,64,6,20,4
3.54839,76,6,12,16
4.90323,96,6,19,17,4
5.87097,66,6,18,18,19,5
3.74194,70,6,6,3,4
5.29032,84,6,15,6,6,20,4
3.87097,66,6,11,10
7.03226,92,6,18,21,2,2,19
3.22581,86,6,9,12
5.80645,68,6,14,1,19,14
5.93548,64,6,4,12,22
3.22581,86,6,11,17
5.74194,70,6,15,10,1
3.87097,66,6,6,16,11
3.22581,86,6,1,17
5.74194,70,6,15,6,2,12
2.58065,106,6,5,2
3.03226,92,6,5,7
5.93548,64,6,21,1,16
5.54839,76,6,7,4,6,13
5.22581,86,6,2,7,2,15
5.03226,92,6,15,18,6,12
2.3871,112,6,5,4
3.22581,86,6,1,17
5.09677,90,6,15,5,14
3.54839,76,6,5,11
5.29032,84,6,15,20,1
7.16129,88,6,15,12,8,8,10
5.80645,68,6,22,9,11
7.35484,82,6,18,22,14,20
5.41935,80,6,9,10,18
7.48387,78,6,14,22,18,17
