3.22581,86,7,5,21
4.96774,94,7,9,11,4
5.16129,88,7,17,17,2,1
3.80645,68,7,5,17
9.48387,78,7,11,14,11,1,8,12
3.80645,68,7,13,7,5
5.93548,64,7,22,10,17
5.93548,64,7,18,16,22
7.67742,72,7,14,15,1,10
7.22581,86,7,6,14,3,4
4.77419,100,7,19,2,9
5.48387,78,7,12,15,7,13
5.16129,88,7,17,13,3
4.77419,100,7,2,20,7,5
6,62,7,18,3,9
3.6129,74,7,16,12
7.54839,76,7,7,21,2,11,14
3.29032,84,7,16,16,2
7.6129,74,7,8,9,5,1
4,62,7,12,17
5.67742,72,7,1,19,10
3.41935,80,7,10,21
3.03226,92,7,9,4
5.41935,80,7,2,11,10
5.93548,64,7,8,1,22
3.93548,64,7,10,17
5.16129,88,7,7,20,15,13
5.87097,66,7,8,1,2
5.74194,70,7,16,1,14
5.48387,78,7,22,22,1,6
5.54839,76,7,19,1,6
8,62,7,2,14,14,18,15
7.35484,82,7,2,20,4,14
5.29032,84,7,12,1,1,20
7.48387,78,7,14,7,19,14,21,14,16
2.96774,94,7,7,10,20
5.35484,82,7,8,10,15
3.41935,80,7,10,12
3.87097,66,7,10,8
5.03226,92,7,2,21,7,5
5.67742,72,7,2,4,21,2
3.93548,64,7,4,11
4.90323,96,7,9,11,6
4,62,7,16,7,13
5.93548,64,7,21,12,17
5.48387,78,7,11,16,22
7.6129,74,7,17,15,17,15,9,1
3.41935,80,7,10,12
3.6129,74,7,1,17
7.87097,66,7,7,17,14,12,3
6,62,7,15,2,22,7
3.54839,76,7,22,10,7
5.93548,64,7,7,22,9,15
5.6129,74,7,13,22,14
5.54839,76,7,19,5,8
4,62,7,16,17
9.22581,86,7,3,8,19,12,22
5.87097,66,7,16,18,15
5.6129,74,7,18,6,8
5.93548,64,7,14,4,20
2.96774,94,7,7,10,20
5.48387,78,7,17,1,10
5.41935,80,7,4,15,11
3.6129,74,7,2,19,7
5.29032,84,7,18,20,6
7.87097,66,7,19,11,14,22
5.93548,64,7,15,5,15,3
5.67742,72,7,15,13,18
3.6129,74,7,5,15
5.67742,72,7,8,11,4
4,62,7,7,12,17
5.6129,74,7,4,14,2
5.6129,74,7,3,19,2
4,62,7,10,11
5.87097,66,7,15,13,14
5.80645,68,7,3,22,22,3,12
5.03226,92,7,3,22,3,5
7.87097,66,7,21,8,14,16
5.93548,64,7,22,2,1
11.9355,64,7,15,18,8,3,1,14
5.87097,66,7,1,21,15
7.6129,74,7,18,6,22,14
5.80645,68,7,6,17,21
5.22581,86,7,20,13,11
5.74194,70,7,3,11,20
5.22581,86,7,3,2,2,2,1
8,62,7,21,2,12,8
3.80645,68,7,5,19
5.16129,88,7,7,17,13,3
3.29032,84,7,16,2
3.80645,68,7,20,6
5.80645,68,7,19,9,9,18
5.54839,76,7,13,6,17
4,62,7,16,15
2.77419,100,7,10,13
7.87097,66,7,18,19,12,22
5.6129,74,7,3,15,8
7.29032,84,7,3,8,22,4
9.6129,74,7,18,8,19,22,19,19,9
9.03226,92,7,18,9,10,1,22
7.80645,68,7,15,7,11,7,22,20
4.83871,98,7,8,9,20
4.58065,106,7,3,9,6
5.41935,80,7,8,5,5,17
5.67742,72,7,12,2,11
4,62,7,10,10,11
5.80645,68,7,3,2,21
7.16129,88,7,12,12,18,22,5
7.03226,92,7,13,21,15,5
5.67742,72,7,20,18,22
4.77419,100,7,11,16,2
2.90323,96,7,10,4
2.70968,102,7,5,13
3.67742,72,7,10,3
5.54839,76,7,12,1,15
3.29032,84,7,4,5
7.48387,78,7,14,22,18,13
3.80645,68,7,12,5
5.87097,66,7,21,17,9
3.29032,84,7,9,6
2.96774,94,7,10,20
4,62,7,3,10
5.54839,76,7,8,1,13
5.48387,78,7,18,1,17
4.83871,98,7,8,9,20
9.87097,66,7,15,18,22,19,10
7.09677,90,7,6,15,12,15,13
5.6129,74,7,22,12,5
5.74194,70,7,6,3,14
3.67742,72,7,13,1
3.67742,72,7,10,22
5.16129,88,7,13,14,9
5.54839,76,7,20,11,19
3.22581,86,7,9,2
5.67742,72,7,21,6,20
3.6129,74,7,5,15
2.90323,96,7,5,20
5.67742,72,7,21,6,20
7.54839,76,7,19,20,2,21
3.03226,92,7,5,6
5.29032,84,7,20,2,20,4,7
5.80645,68,7,6,12,18
4.58065,106,7,19,10,13
5.6129,74,7,16,18,12
3.09677,90,7,13,10
4.64516,104,7,20,13,9
4,62,7,3,10
5.74194,70,7,14,9,14,20
2.90323,96,7,5,20
7.93548,64,7,21,3,1,16
5.35484,82,7,3,9,3,7,2
3.80645,68,7,13,17
5.54839,76,7,6,14,10
5.67742,72,7,13,2,19
5.74194,70,7,10,16,18
5.67742,72,7,14,9,15
7.03226,92,7,20,12,2,19
5.93548,64,7,2,8,11
9.16129,88,7,11,1,3,8,6
5.54839,76,7,21,17,13
3.22581,86,7,9,2
9.54839,76,7,14,22,21,15,12
5.6129,74,7,3,22,19
5.93548,64,7,22,10,17
3.87097,66,7,13,8
5.48387,78,7,12,15,13
5.74194,70,7,1,8,5
5.80645,68,7,2,8,18
6.70968,102,7,14,4,13,9
4,62,7,11,22
4,62,7,3,5
4.96774,94,7,19,13,11
5.80645,68,7,19,4,21
5.22581,86,7,4,21,5
3.29032,84,7,20,10
8.58064,106,7,14,21,4,13,5
5.22581,86,7,4,4,14,5
5.54839,76,7,13,22,6
5.41935,80,7,8,21,10
3.67742,72,7,1,4
3.93548,64,7,13,18
5.93548,64,7,7,3,9,5
5.80645,68,7,13,7,12,12,2
3.29032,84,7,20,10
7.09677,90,7,14,21,6,9
9.41936,80,7,8,3,21,14,2
5.48387,78,7,3,16,11
5.48387,78,7,4,7,20,14
5.54839,76,7,9,5,3
5.93548,64,7,1,9,1,5
3.09677,90,7,13,5
5.09677,90,7,22,13,9
5.6129,74,7,3,22,14
3.54839,76,7,9,21
2.77419,100,7,5,4
3.29032,84,7,20,10
3.41935,80,7,4,9
7.67742,72,7,19,18,8,5
4,62,7,12,9
3.67742,72,7,16,21
3.03226,92,7,9,4
7.6129,74,7,12,2,12,21,13
3.74194,70,7,10,15
5.48387,78,7,2,3,9
5.87097,66,7,4,7,8,15
6.3871,112,7,14,9,9,5,13
5.48387,78,7,6,12,22
4,62,7,16,22
7.6129,74,7,22,5,9,15
6.25806,116,7,1,7,22,2,10
6,62,7,3,21,22
5.29032,84,7,2,19,17
3.54839,76,7,6,12,7
3.41935,80,7,16,6
5.48387,78,7,17,14,10
5.35484,82,7,8,12,10
5.87097,66,7,6,2,12
4,62,7,3,3,5
3.22581,86,7,5,21
2.51613,108,7,16,7,2,16
3.41935,80,7,4,9
5.41935,80,7,13,3,21
5.74194,70,7,14,3,17
6,62,7,19,14,5
6.90323,96,7,18,19,9,20
7.87097,66,7,21,3,11,10
3.29032,84,7,9,9,6
4.19355,118,7,17,13,5
5.74194,70,7,19,6,15
5.41935,80,7,18,7,7,6,5
9.48387,78,7,21,12,18,15,4
4.77419,100,7,19,10,20
5.80645,68,7,22,6,16
3.54839,76,7,9,21
2.77419,100,7,7,5,4
4.58065,106,7,6,2,10
4.83871,98,7,22,21,10,7
4,62,7,9,18
5.6129,74,7,20,18,8
3.87097,66,7,9,3
5.16129,88,7,11,10,14
4.70968,102,7,8,17,1
5.67742,72,7,17,12,8
3.67742,72,7,10,14
3.93548,64,7,10,19
5.87097,66,7,18,18,3,5
3.54839,76,7,9,21
7.6129,74,7,8,15,17,15,15,8,21
2.77419,100,7,10,13
5.16129,88,7,13,14,16
3.93548,64,7,12,16
3.67742,72,7,10,3
5.16129,88,7,12,11,17
7.22581,86,7,8,14,6,14,9
5.48387,78,7,14,5,17
3.74194,70,7,20,17
5.35484,82,7,3,16,8
5.41935,80,7,19,7,5,7,8
5.67742,72,7,4,2,18
3.67742,72,7,11,6
3.80645,68,7,13,17
5.35484,82,7,12,22,9
5.22581,86,7,19,21,7,5
5.6129,74,7,1,11,4
3.54839,76,7,9,21
5.09677,90,7,17,6,7,11
5.22581,86,7,8,2,6
3.80645,68,7,6,5
7.16129,88,7,11,1,9,21
3.29032,84,7,9,6
5.29032,84,7,20,12,16
5.93548,64,7,3,18,21
6.90323,96,7,22,6,4,10
2.90323,96,7,10,4
3.48387,78,7,4,16
6.96774,94,7,14,22,20,19
5.16129,88,7,2,2,14,19,19,2
3.80645,68,7,5,19
8,62,7,15,21,22,10
5.22581,86,7,16,11,2
3.67742,72,7,16,21
4,62,7,3,3,5
5.41935,80,7,14,5,18
4.45161,110,7,3,20,10
4,62,7,2,17
7.35484,82,7,3,8,7,15,12
6,62,7,21,11,10
5.87097,66,7,1,11,20
5.80645,68,7,8,16,19
3.67742,72,7,10,10,22
6.64516,104,7,17,16,5,6
5.74194,70,7,11,19,19,9
3.74194,70,7,5,8
5.16129,88,7,21,10,14
5.80645,68,7,13,20,13,6
6,62,7,21,12,6
3.87097,66,7,12,10
4,62,7,11,22
5.09677,90,7,11,12,16
7.93548,64,7,16,10,1,11
2.96774,94,7,16,13
3.29032,84,7,13,9
5.54839,76,7,6,11,9
5.29032,84,7,12,22,10
4.58065,106,7,6,2,10
5.41935,80,7,2,4,11
5.74194,70,7,17,2,12
5.54839,76,7,17,1,19
4.96774,94,7,2,11,13
6,62,7,13,22,15
7.67742,72,7,22,6,2,21
5.41935,80,7,6,11,18
5.87097,66,7,18,6,14
5.22581,86,7,18,4,1
5.87097,66,7,21,5,16
5.87097,66,7,11,11,11,12,2
7.35484,82,7,18,21,19,1,18
2.77419,100,7,5,4
7.22581,86,7,15,6,12,22
4,62,7,11,2
4.90323,96,7,1,5,21
5.6129,74,7,22,5,15
7.54839,76,7,19,16,11,14
4.90323,96,7,3,16,21
5.93548,64,7,2,8,8,1
3.93548,64,7,12,16
9.03226,92,7,22,7,12,2,4,18
5.74194,70,7,12,4,4,20
5.6129,74,7,10,10,5,15
3.6129,74,7,11,17
5.54839,76,7,12,19,20
5.09677,90,7,13,21,10
4,62,7,9,18
3.6129,74,7,12,11,7
6,62,7,3,21,12
4,62,7,3,10
2.90323,96,7,10,4
5.54839,76,7,8,6,13
4.77419,100,7,4,17,13
3.67742,72,7,16,16,21
3.67742,72,7,16,21
4.83871,98,7,13,13,6,10
5.29032,84,7,22,2,7,1
7.03226,92,7,21,12,20,9
5.80645,68,7,14,5,14,1
5.80645,68,7,21,16,1
4.96774,94,7,1,5,12
5.03226,92,7,17,1,22
5.80645,68,7,13,21,3
5.54839,76,7,3,12,17
5.41935,80,7,16,1,15
4.90323,96,7,4,19,13
6.77419,100,7,6,7,17,16,16,12
5.03226,92,7,19,4,11
5.41935,80,7,4,18,17
3.29032,84,7,20,5
5.35484,82,7,17,7,13,8
5.80645,68,7,12,7,18,2
3.29032,84,7,16,2
5.74194,70,7,22,4,11
5.54839,76,7,12,3,17
3.16129,88,7,13,16
5.67742,72,7,22,6,10
5.80645,68,7,20,13,6
5.93548,64,7,10,16,16,1
3.80645,68,7,5,19
5.87097,66,7,16,10,16,18
3.93548,64,7,5,11
3.80645,68,7,20,7,5
6.77419,100,7,22,1,12,16
5.93548,64,7,13,12,8
5.48387,78,7,21,13,21,5
7.29032,84,7,8,19,10,18
4,62,7,12,17
4.83871,98,7,4,20,9
7.03226,92,7,19,12,13,8
4,62,7,12,17
9.16129,88,7,15,19,2,20,18
7.22581,86,7,15,8,16,21
3.74194,70,7,3,17
4.19355,118,7,17,13,10
2.77419,100,7,5,4
4.83871,98,7,4,6,7,6,11
5.80645,68,7,14,16,18
3.29032,84,7,7,20,5
3.41935,80,7,10,12
5.35484,82,7,15,15,20,16
7.74194,70,7,22,6,15,4
5.80645,68,7,22,11,14,22
6.58065,106,7,19,14,16,20
3.93548,64,7,10,17
7.35484,82,7,18,16,1,15
3.6129,74,7,6,2,7
7.09677,90,7,21,2,21,6,11
7.29032,84,7,22,11,1,13
5.03226,92,7,7,9,16,4
6,62,7,15,9,17
7.54839,76,7,14,11,9,15
4,62,7,3,10
3.67742,72,7,10,14
3.93548,64,7,16,14
4,62,7,16,22
7.6129,74,7,14,22,18,2
5.29032,84,7,10,5,12
5.41935,80,7,1,15,12
3.03226,92,7,5,6
9.87097,66,7,22,15,5,9,11
5.22581,86,7,1,15,9
5.41935,80,7,12,1,22
5.16129,88,7,12,21,7,10
5.74194,70,7,22,22,1,2
8,62,7,21,21,15,10,16
2.96774,94,7,16,16,13
5.09677,90,7,13,21,21,10
5.41935,80,7,18,20,1
5.48387,78,7,17,3,18
5.6129,74,7,15,13,8
5.29032,84,7,20,13,18
3.87097,66,7,6,10
5.41935,80,7,19,12,5
4.45161,110,7,11,10,2
5.93548,64,7,13,12,19
6,62,7,8,19,2
5.87097,66,7,17,10,11
7.03226,92,7,8,15,8,18,13
5.54839,76,7,19,13,21
3.74194,70,7,20,17
3.6129,74,7,2,16
5.6129,74,7,9,11,16
4.58065,106,7,12,6,16
5.80645,68,7,13,2,15
5.87097,66,7,4,19,8
7.67742,72,7,12,7,15,2,21
5.87097,66,7,12,14,9
7.54839,76,7,21,2,12,21,20
4,62,7,12,17
4.77419,100,7,6,2,9
3.93548,64,7,4,11
6.83871,98,7,19,22,12,9
5.54839,76,7,19,13,21
3.67742,72,7,10,22
5.16129,88,7,17,2,6
7.35484,82,7,14,5,9,18
7.80645,68,7,18,21,8,22
7.48387,78,7,8,11,1,6
5.87097,66,7,15,12,16
6,62,7,8,18,18,9
3.41935,80,7,16,6
7.6129,74,7,15,1,18,1,5
3.48387,78,7,20,16
5.6129,74,7,19,21,9
3.16129,88,7,10,6
3.80645,68,7,5,19
3.93548,64,7,7,16,3
3.29032,84,7,20,10
5.48387,78,7,14,17,8
7.74194,70,7,1,8,21,12
5.80645,68,7,17,5,11
6,62,7,6,3,8
7.93548,64,7,15,8,18,9
3.93548,64,7,5,11
7.54839,76,7,18,2,4,21
5.48387,78,7,14,8,7,16
5.6129,74,7,2,12,3,3,2
4,62,7,3,10
5.93548,64,7,13,12,19
4.77419,100,7,5,10,4
3.22581,86,7,2,11,7
3.67742,72,7,7,11,6
4.3871,112,7,19,13,9
3.48387,78,7,18,10,7
5.80645,68,7,14,6,18
5.87097,66,7,4,6,4,14
7.29032,84,7,22,7,18,4,18,13
7.80645,68,7,7,8,1,11,2
5.74194,70,7,7,2,2,8,21
3.41935,80,7,2,10
5.41935,80,7,18,7,5,19
6,62,7,6,19,3
10,62,7,14,12,14,19,19,8,3,19
5.74194,70,7,8,11,12,8
3.41935,80,7,10,16,7
5.03226,92,7,20,22,10
3.22581,86,7,9,20
5.6129,74,7,6,17,9
5.22581,86,7,4,15,5
5.22581,86,7,12,6,14
5.54839,76,7,16,5,15
7.29032,84,7,22,17,22,13,8
5.93548,64,7,1,19,12
5.16129,88,7,7,14,2,16
5.41935,80,7,2,4,11
11.2258,86,7,22,14,21,15,17,15,13
7.16129,88,7,14,15,13,22
8.83871,98,7,7,2,20,20,20,13,4,11
7.16129,88,7,21,11,3,6
5.93548,64,7,17,6,15
5.48387,78,7,18,2,6
5.22581,86,7,22,9,2
3.6129,74,7,15,10,7
7.29032,84,7,2,3,8,5
5.54839,76,7,13,2,20,7
5.09677,90,7,8,8,4,19
5.16129,88,7,9,19,5
3.16129,88,7,16,4
5.16129,88,7,17,13,15
5.48387,78,7,20,15,12
3.93548,64,7,7,13,18
6.77419,100,7,18,1,21,9
6.96774,94,7,1,1,11,5,22
5.16129,88,7,16,19,2
7.35484,82,7,22,12,3,17
3.87097,66,7,4,1
4.90323,96,7,8,9,6
3.6129,74,7,11,17
5.29032,84,7,5,9,12
5.48387,78,7,3,21,7,19
4,62,7,11,20
5.87097,66,7,13,21,20
5.80645,68,7,8,15,3
3.35484,82,7,5,16,7
3.6129,74,7,17,8,7
5.80645,68,7,3,2,21
7.35484,82,7,18,15,2,6
5.03226,92,7,6,18,8,6
5.16129,88,7,4,17,14
9.48387,78,7,18,14,15,11,16
5.16129,88,7,13,15,4
7.74194,70,7,11,11,14,15,19
5.35484,82,7,2,1,12
9.09677,90,7,18,14,19,18,21,16
7.29032,84,7,14,22,8,2
5.93548,64,7,15,6,14,7
5.74194,70,7,22,5,8
4,62,7,9,8
3.6129,74,7,5,15
2.90323,96,7,5,20
3.80645,68,7,11,13
5.29032,84,7,13,12,9
6.32258,114,7,1,11,10,2
3.87097,66,7,9,14
5.48387,78,7,6,11,12
5.74194,70,7,14,4,3
3.67742,72,7,1,6
4.96774,94,7,18,20,9
9.29032,84,7,15,9,10,5,21
5.74194,70,7,14,12,5
8.77419,100,7,22,19,11,12,5
7.67742,72,7,19,12,20,13
5.48387,78,7,1,3,10
7.6129,74,7,21,8,16,19
5.67742,72,7,22,13,19
8.83871,98,7,21,13,2,2,12,9
3.41935,80,7,2,10
4,62,7,3,5
3.6129,74,7,16,12
8,62,7,14,21,21,2,3
3.74194,70,7,10,15
3.22581,86,7,2,11,7
2.96774,94,7,16,13
5.29032,84,7,13,12,3,7
5.74194,70,7,9,1,5
7.54839,76,7,8,10,16,1
5.93548,64,7,19,22,3
6.90323,96,7,18,14,5,10,10,5,7
5.80645,68,7,22,18,11,7
4.77419,100,7,6,14,11,6
5.03226,92,7,9,1,6
5.41935,80,7,12,2,13,7
3.67742,72,7,1,4
3.87097,66,7,12,10
3.87097,66,7,1,20
5.54839,76,7,19,8,6,7
3.6129,74,7,5,5,15
7.41935,80,7,6,17,15,8
4,62,7,16,17
5.41935,80,7,3,13,6
5.09677,90,7,6,20,20,19
3.16129,88,7,13,16
3.87097,66,7,1,20
5.67742,72,7,18,12,5
5.35484,82,7,14,6,1
7.54839,76,7,8,19,22,13
9.6129,74,7,14,7,22,19,15,9
5.22581,86,7,18,4,1
2.96774,94,7,10,2
6.90323,96,7,6,14,21,5
4,62,7,1,22
5.87097,66,7,17,18,9
5.41935,80,7,22,11,12,7
5.74194,70,7,14,2,18
5.87097,66,7,12,14,16
5.16129,88,7,4,17,19
3.87097,66,7,13,11
3.54839,76,7,5,22
9.6129,74,7,21,14,11,14,19,21,12
6,62,7,7,21,11,10
7.29032,84,7,22,12,4,18
3.09677,90,7,14,5,7
4,62,7,1,22
5.41935,80,7,20,8,15
5.22581,86,7,4,13,9
3.74194,70,7,10,15
5.35484,82,7,6,11,5
9.35484,82,7,15,17,17,15,22,17,18,11
5.29032,84,7,10,7,19,19,17
3.48387,78,7,4,16
3.93548,64,7,5,11
7.67742,72,7,15,17,19,9
7.48387,78,7,21,4,15,12
4,62,7,9,8
5.03226,92,7,17,3,10
7.48387,78,7,7,12,7,19,1,5
7.35484,82,7,7,8,16,10,18
7.54839,76,7,12,21,12,11,9
5.41935,80,7,1,10,15
5.67742,72,7,2,20,6
5.03226,92,7,9,9,19,6
7.03226,92,7,19,15,6,1
7.80645,68,7,21,21,22,19,10
3.67742,72,7,10,3
3.6129,74,7,2,16
4.3871,112,7,11,10,4
6.96774,94,7,19,9,5,21
3.87097,66,7,10,8
5.6129,74,7,1,3,4
5.48387,78,7,11,16,22
9.22581,86,7,14,15,21,14,18,13
5.09677,90,7,20,18,5
3.41935,80,7,7,10,21
5.48387,78,7,19,4,14
7.09677,90,7,19,15,20,18
6.90323,96,7,18,2,12,6
4.64516,104,7,13,20,5
5.03226,92,7,22,4,7,10
5.41935,80,7,12,8,13
3.41935,80,7,10,21
3.29032,84,7,20,10
3.87097,66,7,9,14
3.48387,78,7,19,9,7
7.16129,88,7,7,12,7,6,15,15,11
5.35484,82,7,17,1,18
7.54839,76,7,2,21,12,21,12,15
2.77419,100,7,10,13
7.29032,84,7,18,21,8,18,21,11
5.87097,66,7,11,11,12,2
9.54839,76,7,15,21,2,20,21,6
5.54839,76,7,6,13,17
6.32258,114,7,21,6,13,10
3.41935,80,7,2,10
7.87097,66,7,22,22,21,18,2
3.48387,78,7,4,16
5.41935,80,7,14,5,18
3.29032,84,7,4,5
3.80645,68,7,6,5
8.70968,102,7,21,22,4,13,1
3.87097,66,7,10,8
5.87097,66,7,1,11,20
4.96774,94,7,7,22,13,16
4.45161,110,7,1,5,4
7.16129,88,7,13,20,2,11
5.03226,92,7,7,9,1,6
4.96774,94,7,13,14,5
5.87097,66,7,2,21,11
3.74194,70,7,18,7,16,18
7.35484,82,7,15,9,8,16
5.29032,84,7,22,1,12,7
6.64516,104,7,12,13,4,4,9
8.96774,94,7,18,14,14,15,20,1
3.93548,64,7,16,3
5.74194,70,7,17,18,5
3.93548,64,7,6,13,7
3.29032,84,7,7,20,5
8,62,7,22,22,14,4,21
4.70968,102,7,19,6,5
9.54839,76,7,21,14,19,14,9,11
5.74194,70,7,2,4,3
6,62,7,19,14,7,8
4.96774,94,7,14,9,20
5.03226,92,7,7,15,5,2
5.48387,78,7,21,10,11
7.6129,74,7,14,11,19,17
9.41936,80,7,19,9,1,11,16
5.93548,64,7,14,20,4
7.67742,72,7,4,21,12,13
5.67742,72,7,15,3,3,7,14
5.09677,90,7,12,20,16
7.41935,80,7,3,19,1,18
5.41935,80,7,1,10,15
5.67742,72,7,14,9,15
5.09677,90,7,4,20,17
5.29032,84,7,20,8,16
5.03226,92,7,17,20,19
5.41935,80,7,2,7,4,18
5.6129,74,7,10,1,16
2.96774,94,7,16,13
3.48387,78,7,4,16
6.77419,100,7,15,6,2,6,11
6,62,7,21,17,10
5.54839,76,7,20,11,14
7.22581,86,7,6,21,3,16
5.54839,76,7,5,16,17
7.03226,92,7,11,16,5,15
3.54839,76,7,9,21
5.74194,70,7,16,10,18
4.58065,106,7,4,15,4,16
7.6129,74,7,22,3,1,21
3.29032,84,7,20,5
7.41935,80,7,1,19,18,16
5.09677,90,7,7,19,6,3
3.41935,80,7,4,9
6,62,7,17,18,11
5.41935,80,7,21,9,9,15
3.29032,84,7,13,9
4.90323,96,7,1,5,21
5.48387,78,7,17,17,4,14
5.67742,72,7,1,14,2
5.93548,64,7,8,19,4
3.87097,66,7,4,1
4,62,7,8,7,5
5.29032,84,7,7,16,8,9
5.09677,90,7,3,19,7,11
5.41935,80,7,14,17,12
4,62,7,11,22
4.25806,116,7,11,10,13
5.09677,90,7,20,8,5
5.22581,86,7,10,16,12
3.6129,74,7,5,3
5.35484,82,7,3,15,20
5.48387,78,7,20,15,12
5.6129,74,7,1,9,3
5.93548,64,7,21,7,8,5
4.70968,102,7,2,1,13
3.67742,72,7,1,6
5.80645,68,7,4,3,14
5.74194,70,7,1,8,2
4.58065,106,7,3,9,6
3.74194,70,7,3,17
6.96774,94,7,14,15,6,9
8.45161,110,7,15,21,19,5,6
7.16129,88,7,14,12,13,1
7.22581,86,7,21,18,4,14
6,62,7,17,6,22
7.22581,86,7,17,21,6,14
5.48387,78,7,18,17,20
3.67742,72,7,1,4
5.09677,90,7,19,21,11,7
9.93548,64,7,22,17,22,15,20,12
5.16129,88,7,2,11,20
3.74194,70,7,11,11,4
5.93548,64,7,3,21,19
5.6129,74,7,13,14,11
7.93548,64,7,18,3,1,14
5.54839,76,7,7,9,19,11
5.29032,84,7,4,18,18,4,15
6.90323,96,7,12,2,21,9
5.87097,66,7,22,8,13
5.29032,84,7,3,20,22
3.35484,82,7,3,3,20,7
4,62,7,1,22
7.54839,76,7,19,10,16,8
9.22581,86,7,15,15,18,2,18,22,20
3.29032,84,7,4,5
6.96774,94,7,15,6,17,3
5.16129,88,7,7,18,9,2
3.29032,84,7,16,2
8.45161,110,7,14,7,4,13,2,5
5.22581,86,7,2,21,5
5.80645,68,7,15,5,8
5.41935,80,7,19,21,5
5.22581,86,7,7,2,20,3,7
9.6129,74,7,22,8,19,3,2
6,62,7,14,11,20
6.64516,104,7,18,19,10,20
3.80645,68,7,9,22
6,62,7,6,2,13
5.74194,70,7,19,17,17,18
4.70968,102,7,12,13,16
3.29032,84,7,16,20
6,62,7,17,16,1
6,62,7,20,21,19
3.93548,64,7,13,18
4,62,7,16,17
5.03226,92,7,7,22,16,13
5.48387,78,7,11,16,15
8,62,7,18,21,20,12
5.48387,78,7,21,9,8
5.41935,80,7,2,15,15,4
6.83871,98,7,22,7,5,9,6
3.6129,74,7,2,9
7.48387,78,7,7,11,8,18,16
3.54839,76,7,5,14
5.67742,72,7,14,20,8
5.80645,68,7,7,21,22,2,21
5.93548,64,7,12,3,16
7.6129,74,7,14,15,18,17,15
7.80645,68,7,4,7,8,18,15
5.80645,68,7,17,16,16,18
5.93548,64,7,18,17,14
5.16129,88,7,3,15,5
5.67742,72,7,1,21,4
5.74194,70,7,1,3,20
11.4194,80,7,15,22,17,16,9,14
3.93548,64,7,4,11
7.41935,80,7,22,12,8,20
3.22581,86,7,9,2
3.74194,70,7,20,17
7.22581,86,7,22,22,11,5,11,21
4,62,7,12,17
5.41935,80,7,8,19,9,8
5.54839,76,7,20,20,8,21
5.74194,70,7,1,3,15
5.22581,86,7,14,5,22
5.87097,66,7,19,2,12
6.83871,98,7,21,21,14,2,5
5.09677,90,7,6,12,17
5.87097,66,7,12,15,8
5.67742,72,7,17,14,14,17,5
7.67742,72,7,4,20,2,21
3.6129,74,7,5,15
8.83871,98,7,6,22,15,12,9
4.83871,98,7,13,6,10
3.93548,64,7,6,6,9
5.16129,88,7,2,11,22
5.54839,76,7,2,4,17
5.41935,80,7,19,9,12
5.6129,74,7,14,11,17
3.6129,74,7,5,15
4.90323,96,7,3,9,12
5.93548,64,7,7,13,4,3
2.70968,102,7,5,13
4.70968,102,7,16,16,5,4
5.41935,80,7,2,12,16
8.64516,104,7,15,22,17,5,20
5.80645,68,7,12,11,10
4.64516,104,7,17,5,4
2.96774,94,7,10,2
5.67742,72,7,14,7,16,8
5.29032,84,7,2,12,5
5.35484,82,7,19,2,11
3.80645,68,7,5,17
3.87097,66,7,1,20
3.16129,88,7,10,6
4.58065,106,7,14,13,5
5.93548,64,7,17,17,11,1
4.51613,108,7,21,9,4
7.41935,80,7,22,22,18,2,11
3.67742,72,7,1,4
6,62,7,7,19,5,19,11
3.87097,66,7,13,8
4.96774,94,7,15,10,4
3.93548,64,7,2,7,5
3.67742,72,7,13,1
4.83871,98,7,8,13,19
6.90323,96,7,18,20,12,6
8.90323,96,7,14,10,16,16,9,12
3.67742,72,7,1,6
4,62,7,10,11
5.29032,84,7,4,17,21
5.67742,72,7,12,20,11
5.67742,72,7,7,4,19,3
3.41935,80,7,10,21
7.67742,72,7,13,2,4,6
8,62,7,8,22,8,3,11
7.74194,70,7,15,11,15,19,11,3
5.41935,80,7,12,1,22
7.74194,70,7,4,7,14,19,14,21,4
6,62,7,21,17,10
6,62,7,21,11,10
2.90323,96,7,10,10,4
7.74194,70,7,15,15,6,4,3
5.93548,64,7,22,4,8
3.67742,72,7,1,4
5.03226,92,7,17,6,9
9.03226,92,7,15,8,12,19,2
4,62,7,12,9
5.48387,78,7,22,16,6
6,62,7,20,20,14,19
7.48387,78,7,15,20,4,12
5.80645,68,7,22,12,9
5.48387,78,7,18,2,1
5.29032,84,7,21,4,9
5.67742,72,7,12,7,12,8,2
5.09677,90,7,20,20,15,5
5.93548,64,7,18,17,16
3.6129,74,7,11,17
4.90323,96,7,17,6,5
5.22581,86,7,4,13,9
5.67742,72,7,1,10,11
3.41935,80,7,10,21
5.48387,78,7,17,4,22
8,62,7,19,14,2,13
3.6129,74,7,1,17
5.48387,78,7,18,11,9,18
9.29032,84,7,15,1,11,16,16,17
6.83871,98,7,10,16,9,20
7.54839,76,7,22,11,3,4
5.29032,84,7,16,19,5
5.93548,64,7,4,3,11
7.48387,78,7,18,14,4,14,10
9.09677,90,7,12,18,15,14,9
4.90323,96,7,17,1,20
5.35484,82,7,19,20,20,22
5.09677,90,7,1,15,10
11.6129,74,7,14,8,3,12,3,18,21
7.09677,90,7,21,18,21,17,2
4.96774,94,7,20,3,3,6
7.87097,66,7,8,12,21,12,14
5.87097,66,7,17,12,14
5.6129,74,7,14,6,8
5.54839,76,7,12,11,11,8,7
7.87097,66,7,22,8,5,16
5.48387,78,7,2,3,4
5.54839,76,7,11,14,16
2.90323,96,7,5,20
8.90323,96,7,19,7,21,8,18,13
5.6129,74,7,8,11,6
5.09677,90,7,18,10,6
4,62,7,22,22,3,7
3.93548,64,7,20,1
3.29032,84,7,20,20,5
5.22581,86,7,20,4,19
5.93548,64,7,8,21,11
5.22581,86,7,19,13,14
6.45161,110,7,20,7,15,9,2
7.93548,64,7,14,19,16,11
5.41935,80,7,16,7,19,5
5.22581,86,7,22,8,7,9
6,62,7,1,11,15
5.48387,78,7,17,8,9
3.87097,66,7,9,17
5.67742,72,7,2,15,6
7.93548,64,7,18,22,17,16
5.41935,80,7,19,10,19,8,10
5.87097,66,7,22,10,18
3.6129,74,7,11,17
5.29032,84,7,21,21,6,5
3.80645,68,7,5,17
4,62,7,2,17
5.93548,64,7,13,21,2
7.87097,66,7,18,19,11,15
2.90323,96,7,5,20
5.93548,64,7,6,12,14
4.64516,104,7,19,2,5
7.16129,88,7,21,15,11,13
3.03226,92,7,9,13
3.93548,64,7,10,19
8.96774,94,7,1,11,3,12,16
5.16129,88,7,3,9,17
7.48387,78,7,8,9,16,17
9.41936,80,7,8,11,16,5,1
4,62,7,1,22
4,62,7,17,19,7
7.67742,72,7,6,4,22,21
5.67742,72,7,15,20,6
9.74194,70,7,21,12,14,15,22,14
5.93548,64,7,18,9,8
5.09677,90,7,11,5,14
3.67742,72,7,13,1
3.09677,90,7,13,5
5.35484,82,7,7,10,5,9,9,7
5.41935,80,7,17,1,5
4.83871,98,7,3,13,13,11
3.87097,66,7,9,14
7.6129,74,7,18,19,6,21
3.22581,86,7,9,20
2.70968,102,7,7,5,13
5.41935,80,7,17,11,16
2.70968,102,7,5,13
3.80645,68,7,20,6
3.93548,64,7,13,18
4,62,7,16,22
7.29032,84,7,22,6,14,5
5.74194,70,7,1,19,9
5.74194,70,7,21,16,11
5.22581,86,7,16,11,22
4.51613,108,7,3,9,20
5.35484,82,7,2,20,16
3.03226,92,7,5,6
7.48387,78,7,14,13,13,13,4,15
5.87097,66,7,16,1,3
3.87097,66,7,9,17
5.48387,78,7,21,9,18
5.74194,70,7,14,3,17
7.48387,78,7,18,11,3,10
4.77419,100,7,11,16,2
7.67742,72,7,1,8,19,18,8
5.48387,78,7,12,2,17
8.58065,106,7,17,9,16,10,6
2.77419,100,7,5,4
4.90323,96,7,8,16,2
4.25806,116,7,11,10,13
5.6129,74,7,11,14,17
5.67742,72,7,15,4,11
3.93548,64,7,16,14
3.41935,80,7,2,10
6,62,7,17,18,11
2.96774,94,7,10,20
5.6129,74,7,15,1,6
5.87097,66,7,12,19,9
