3.74194,70,18,10,21
3.6129,74,18,18,9,6
5.03226,92,18,21,22,20,18
6,62,18,15,9,8
7.74194,70,18,21,15,13,2
3.80645,68,18,6,20
9.74194,70,18,19,22,21,21,12,20
5.09677,90,18,1,20,11
8,62,18,7,22,22,14,9
5.54839,76,18,13,2,15
5.93548,64,18,1,3,7
7.93548,64,18,19,14,8,18,16
5.67742,72,18,4,20,12
5.16129,88,18,11,10,12
5.6129,74,18,16,3,21
5.87097,66,18,18,3,3,12,6
7.41935,80,18,19,21,8,13
3.93548,64,18,17,13
5.35484,82,18,1,15,13
9.09677,90,18,14,4,13,13,6,19
4,62,18,9,7
3.29032,84,18,5,2
3.87097,66,18,17,20
7.16129,88,18,19,15,3,6
5.67742,72,18,11,22,6
5.35484,82,18,10,10,17,16
5.87097,66,18,15,12,6
5.87097,66,18,22,12,21,22
5.74194,70,18,19,20,14
8,62,18,15,7,19,2
5.54839,76,18,11,19,13
7.48387,78,18,7,10,16,11
4,62,18,4,3
7.41936,80,18,2,20,12,7
5.93548,64,18,19,7,7,9
5.35484,82,18,21,2,16
7.93548,64,18,18,7,8,1,5
5.35484,82,18,21,16,15
5.03226,92,18,19,3,3,13,18
9.87097,66,18,14,18,19,3,12,22
6.90323,96,18,21,8,9,12
5.16129,88,18,22,1,13
7.16129,88,18,12,10,5,19
6.45161,110,18,8,3,5,20
4,62,18,10,3
4.25806,116,18,18,17,17,4,9
7.54839,76,18,16,9,1,20
3.54839,76,18,13,17
5.87097,66,18,12,15,11
5.87097,66,18,1,8,6
5.09677,90,18,5,8,2
3.03226,92,18,4,4,5
5.87097,66,18,3,3,21,22,18
5.67742,72,18,17,15,10
5.93548,64,18,10,10,5,3
5.16129,88,18,22,1,13
4.64516,104,18,17,5,6
5.41935,80,18,3,15,5
3.48387,78,18,16,4
4,62,18,11,4
7.74194,70,18,8,19,3,3,3,5
5.93548,64,18,14,16,22
3.35484,82,18,20,9
5.87097,66,18,21,10,16
5.54839,76,18,9,1,20
5.41935,80,18,12,5,1
5.80645,68,18,18,3,15,12
5.41935,80,18,3,20,19
4.96774,94,18,16,5,13
5.80645,68,18,12,10,12,3
5.09677,90,18,10,16,4
3.93548,64,18,21,1,18
3.80645,68,18,17,11
6.58065,106,18,14,12,9,2
4.70968,102,18,22,10,2
3.93548,64,18,20,11
5.87097,66,18,20,20,12,8
5.29032,84,18,6,14,13
5.48387,78,18,1,5,14
3.87097,66,18,1,13
3.93548,64,18,21,18,17,21
4.83871,98,18,1,5,20
9.54839,76,18,15,21,6,21,22,8
3.29032,84,18,10,2
4,62,18,9,7
5.16129,88,18,15,5,21
3.93548,64,18,20,12,18
3.48387,78,18,8,18,20,8
5.16129,88,18,22,10,21
5.22581,86,18,19,13,8
3.6129,74,18,4,1
6,62,18,17,21,22
4,62,18,4,3
3.35484,82,18,20,16
5.54839,76,18,18,6,15,20
6.96774,94,18,22,8,12,16
7.87097,66,18,18,17,22,14,7
3.29032,84,18,18,10,2
3.09677,90,18,10,13
7.87097,66,18,11,1,8,5
5.41936,80,18,11,13,6
3.16129,88,18,13,20,18
3.67742,72,18,4,11
9.29032,84,18,14,19,3,7,7,13
5.22581,86,18,22,13,1
5.29032,84,18,19,4,11
3.03226,92,18,5,13
5.87097,66,18,3,4,6
7.48387,78,18,12,11,3,13
5.67742,72,18,5,18,22,3
6.90323,96,18,18,7,22,20,9
7.29032,84,18,19,12,4,8
4.25806,116,18,12,10,4
5.54839,76,18,10,18,2,4
3.87097,66,18,17,3
3.6129,74,18,13,8
7.09677,90,18,1,18,12,11,2
7.87097,66,18,9,9,10,5,15
3.16129,88,18,2,10
3.6129,74,18,5,12
5.93548,64,18,1,1,9,15
3.48387,78,18,17,10,18
5.80645,68,18,20,2,15
3.03226,92,18,13,13,9
5.6129,74,18,14,13,11
5.67742,72,18,14,5,8
5.48387,78,18,16,19,2
5.6129,74,18,2,20,19
5.80645,68,18,3,2,14
3.87097,66,18,2,6
5.41935,80,18,7,12,5
5.80645,68,18,15,6,20
3.35484,82,18,5,6
3.16129,88,18,4,9
7.80645,68,18,15,21,22,17,21
5.16129,88,18,9,22,20
5.6129,74,18,19,5,22
2.90323,96,18,13,16
5.93548,64,18,21,2,11
5.35484,82,18,16,22,3
7.87097,66,18,15,22,8,2
3.80645,68,18,17,1
8.45161,110,18,12,18,11,1,16,20
5.6129,74,18,8,6,14
7.41935,80,18,6,22,7,11
7.29032,84,18,19,4,2,7
6,62,18,9,19,15
5.80645,68,18,11,18,6,22
3.80645,68,18,6,3
5.16129,88,18,22,5,7
8,62,18,14,15,1,19
9.16129,88,18,22,21,19,7,20
3.80645,68,18,13,3
3.48387,78,18,10,6
4,62,18,6,2
5.22581,86,18,18,9,10,20
3.03226,92,18,13,9
3.80645,68,18,20,1
7.74194,70,18,19,11,5,1
3.80645,68,18,20,1
3.80645,68,18,6,3
5.29032,84,18,9,11,4
5.22581,86,18,19,13,8
3.87097,66,18,5,22
7.74194,70,18,19,15,11,16
5.29032,84,18,1,20,3
4,62,18,6,8
3.35484,82,18,9,4
4.64516,104,18,12,6,5
7.67742,72,18,21,20,14,12
5.48387,78,18,1,15,2
4.90323,96,18,14,13,16
7.6129,74,18,19,8,18,15,5
9.22581,86,18,1,8,3,12,17
8,62,18,19,22,12,3
4,62,18,18,10,14
5.35484,82,18,20,15,12
4,62,18,10,22
7.48387,78,18,1,21,15,6
5.09677,90,18,17,19,13
5.22581,86,18,2,3,16
5.09677,90,18,6,21,10
5.03226,92,18,15,20,5
7.87097,66,18,18,7,15,21,4,7
5.93548,64,18,17,22,18,21
3.6129,74,18,9,6
3.74194,70,18,6,1
4,62,18,2,8
3.6129,74,18,16,2
5.54839,76,18,15,20,6
7.93548,64,18,19,21,22,19,19,14
5.6129,74,18,19,17,8
3.41935,80,18,6,5
7.35484,82,18,2,21,14,4
3.80645,68,18,13,15
3.93548,64,18,1,6
7.74194,70,18,15,12,11,16
3.48387,78,18,10,6
9.16129,88,18,8,11,8,18,22,21,16
5.80645,68,18,16,16,17,7
7.87097,66,18,14,14,8,11,21,8
9.54839,76,18,12,19,15,22,2
4.96774,94,18,5,1,13
5.16129,88,18,22,2,9
3.03226,92,18,6,18,11,6
4.96774,94,18,20,14,5
5.48387,78,18,12,6,14
9.16129,88,18,22,14,15,21,16
3.6129,74,18,5,12
3.87097,66,18,20,19
5.6129,74,18,5,19,1
3.29032,84,18,10,2
5.74194,70,18,19,8,9,18
5.09677,90,18,8,6,11
3.93548,64,18,13,7
6.96774,94,18,12,18,15,4,1
5.67742,72,18,1,2,21
6.96774,94,18,1,10,9,2
4,62,18,17,12
5.87097,66,18,3,15,8
8.96774,94,18,19,8,22,6,2
5.48387,78,18,1,1,20,13
5.87097,66,18,20,12,8
5.29032,84,18,9,1,13
6.90323,96,18,12,13,2,16
5.03226,92,18,8,2,13,18
7.54839,76,18,14,19,14,2,17
6,62,18,22,2,3
3.35484,82,18,2,9
6.51613,108,18,18,21,12,13,16
8,62,18,11,14,19,1
3.80645,68,18,13,3
7.87097,66,18,19,18,15,20,15,8
4,62,18,10,14
7.29032,84,18,7,18,1,21,17
6.77419,100,18,22,11,22,22,21,10
5.87097,66,18,19,5,17
3.80645,68,18,6,6,3
7.16129,88,18,18,7,6,21,9
4,62,18,16,21
7.54839,76,18,15,15,2,21,17
5.6129,74,18,7,11,22
4,62,18,4,3
3.93548,64,18,1,6
3.93548,64,18,2,19
5.48387,78,18,5,18,21,18,4
3.93548,64,18,2,11
5.93548,64,18,18,5,1,3
3.22581,86,18,2,5
5.41935,80,18,4,2,19
5.80645,68,18,1,14,17
5.80645,68,18,3,11,13
7.93548,64,18,7,4,7,12,7,22
5.6129,74,18,18,1,18,17,5
5.67742,72,18,8,7,9
5.16129,88,18,20,3,16
5.29032,84,18,4,20,7
4.96774,94,18,16,17,20
3.09677,90,18,4,10
5.35484,82,18,3,22,9
5.80645,68,18,6,4,7
3.29032,84,18,16,13
7.41935,80,18,18,19,14,1,19,18,10
5.87097,66,18,15,17,20
4.58065,106,18,12,5,21
3.87097,66,18,4,8
5.41935,80,18,4,6,19
7.54839,76,18,19,15,19,8,16,19
3.54839,76,18,9,2
3.93548,64,18,20,11
4,62,18,18,18,6,8
4.96774,94,18,17,18,6,1
5.67742,72,18,13,2,14
7.48387,78,18,8,3,12,8,2
3.93548,64,18,11,6
3.93548,64,18,21,2,2,18
3.54839,76,18,6,9
5.48387,78,18,5,16,12
5.74194,70,18,22,16,3
4.90323,96,18,10,11,17
5.93548,64,18,18,22,8,10
5.41935,80,18,22,1,20
6,62,18,12,19,17
5.74194,70,18,19,5,16,18
7.41935,80,18,1,14,3,15
7.22581,86,18,17,7,19,5
5.67742,72,18,1,22,6
7.03226,92,18,1,8,7,10
7.35484,82,18,3,8,22,9
9.29032,84,18,7,8,19,14,10
7.74194,70,18,7,22,6,12
5.48387,78,18,2,4,3
5.41935,80,18,19,4,17
5.35484,82,18,2,15,12
5.16129,88,18,20,15,2
5.74194,70,18,11,15,8
3.80645,68,18,17,1
3.80645,68,18,6,20
5.74194,70,18,17,6,22
5.87097,66,18,11,11,2,13
3.93548,64,18,20,8
3.29032,84,18,5,5,2
7.67742,72,18,21,12,15,8
4.3871,112,18,4,20,20,5
3.16129,88,18,4,9
4,62,18,10,3
3.03226,92,18,13,9
3.87097,66,18,4,19
3.29032,84,18,10,2
5.09677,90,18,4,21,10
5.74194,70,18,10,19,11
4.96774,94,18,2,21,5
5.67742,72,18,11,13,2
5.09677,90,18,17,9,7
3.87097,66,18,4,4,19
5.41935,80,18,13,2,19
5.35484,82,18,1,15,13
4,62,18,12,1,18
5.48387,78,18,9,16,9,20
5.74194,70,18,8,2,22
5.87097,66,18,1,20,2
5.16129,88,18,7,9,21
8,62,18,21,1,3,8
7.35484,82,18,19,22,17,1
9.16129,88,18,14,21,13,6,2
7.48387,78,18,19,18,17,15,15,2
4.51613,108,18,20,13,9
7.87097,66,18,11,8,3,7
5.6129,74,18,16,7,17
4,62,18,2,8
5.03226,92,18,11,1,2,18
5.87097,66,18,1,19,17
5.48387,78,18,18,1,1,5,22
6,62,18,21,11,16
4.77419,100,18,18,9,18,4,1
3.16129,88,18,20,10
7.22581,86,18,16,9,14,13
3.35484,82,18,20,16
5.87097,66,18,3,12,6
5.16129,88,18,16,10,20
5.22581,86,18,9,9,22,16
5.6129,74,18,10,10,1,15
9.35484,82,18,8,14,12,2,19
3.54839,76,18,5,21
7.48387,78,18,2,18,19,21,13
5.09677,90,18,3,13,11
5.6129,74,18,3,15,16
3.74194,70,18,6,1
3.03226,92,18,4,5
3.87097,66,18,1,1,17
3.29032,84,18,5,2
6.83871,98,18,8,19,19,13,11
5.22581,86,18,15,19,20,18
4.83871,98,18,1,20,20,6
4,62,18,10,14
5.48387,78,18,7,4,1
5.6129,74,18,20,14,11
7.41935,80,18,9,16,17,21
5.09677,90,18,11,22,5
3.93548,64,18,1,6
5.35484,82,18,12,17,14
4,62,18,17,12
3.22581,86,18,4,16
5.74194,70,18,10,9,12
3.80645,68,18,17,1
3.80645,68,18,6,3
3.6129,74,18,16,20
4,62,18,10,3
5.67742,72,18,22,4,8
5.35484,82,18,2,14,6
3.6129,74,18,16,2
3.74194,70,18,5,7
5.22581,86,18,7,14,18,16,14
5.74194,70,18,1,1,3,10
3.54839,76,18,9,20
3.93548,64,18,9,12
7.09677,90,18,12,8,9,3
3.6129,74,18,16,20
5.87097,66,18,20,14,19
5.80645,68,18,5,1,14
3.29032,84,18,18,5,2
7.48387,78,18,22,18,3,12,6
5.29032,84,18,10,5,17,10
3.16129,88,18,20,5
3.54839,76,18,9,20
3.74194,70,18,6,11
7.74194,70,18,19,8,19,5,11
7.93548,64,18,6,7,15,17
3.80645,68,18,6,20
5.74194,70,18,21,17,9
6.32258,114,18,22,18,11,5,20
6.58065,106,18,4,13,2,10
4,62,18,20,18,5
8,62,18,3,11,19,1
7.87097,66,18,21,21,13,4,20
5.93548,64,18,2,21,4
6,62,18,10,10,1,19
5.35484,82,18,7,10,15
5.09677,90,18,1,21,10
4.64516,104,18,4,2,10
3.67742,72,18,20,20,2,18
3.48387,78,18,16,4
9.16129,88,18,7,8,16,9,15
3.54839,76,18,6,6,9
6,62,18,12,10,9
8.19355,118,18,7,16,5,10,13
5.41935,80,18,17,7,5
4.96774,94,18,5,10,13
3.80645,68,18,4,17
7.54839,76,18,3,12,12,19,17
5.09677,90,18,20,13,19
8,62,18,15,1,16,5
5.22581,86,18,10,8,2
5.80645,68,18,16,1,21
5.48387,78,18,15,1,6
3.03226,92,18,5,13
6,62,18,10,18,3,1
3.6129,74,18,13,11
5.48387,78,18,21,17,12
3.87097,66,18,9,21
7.87097,66,18,8,14,1,21
3.35484,82,18,20,16
3.35484,82,18,9,4
5.67742,72,18,12,8,18,16
5.80645,68,18,8,16,3
4,62,18,21,5
7.22581,86,18,19,7,3,9
5.93548,64,18,15,16,22
5.41935,80,18,3,15,5
5.41935,80,18,16,15,1
5.74194,70,18,11,19,6
9.93548,64,18,7,15,22,7,14,14,20
7.48387,78,18,15,13,15,22,10
3.93548,64,18,6,21,18
5.6129,74,18,12,1,2
5.41935,80,18,22,6,10
5.09677,90,18,9,1,9,20
5.54839,76,18,7,5,5,11
3.09677,90,18,4,10
4,62,18,17,12
5.41935,80,18,19,5,1,18
5.22581,86,18,16,22,10
5.03226,92,18,8,17,3
5.16129,88,18,1,1,2,11
5.93548,64,18,11,10,1
5.67742,72,18,20,13,6
5.03226,92,18,7,10,21
5.74194,70,18,8,21,9
6,62,18,14,4,3
4.45161,110,18,3,5,5,20
5.74194,70,18,6,18,11,16
5.16129,88,18,10,15,1
7.93548,64,18,11,21,14,8
5.6129,74,18,11,10,16,11
7.41935,80,18,8,12,20,11
7.87097,66,18,1,3,19,19,21
5.74194,70,18,11,16,15
5.03226,92,18,14,4,5
3.87097,66,18,2,6
5.87097,66,18,7,16,11
3.67742,72,18,4,11
3.87097,66,18,16,11,18
5.80645,68,18,17,9,1
3.6129,74,18,13,19
5.29032,84,18,7,17,18,4
5.22581,86,18,18,16,7,20
4.90323,96,18,15,4,5
5.48387,78,18,20,3,21
3.29032,84,18,16,13
7.16129,88,18,1,18,22,19,13
4.51613,108,18,22,5,4
5.48387,78,18,12,9,9,19
6,62,18,8,18,13,2
5.6129,74,18,5,10,12
3.09677,90,18,5,4
5.87097,66,18,18,18,12,3,6
5.6129,74,18,4,6,14
5.16129,88,18,10,18,17,8
7.16129,88,18,21,14,16,7
5.29032,84,18,16,22,11
5.22581,86,18,9,8,4
7.93548,64,18,11,9,16,19
4.96774,94,18,21,8,16,21
3.80645,68,18,17,11
6,62,18,15,6,8
9.80645,68,18,7,22,4,13,6
5.80645,68,18,2,21,6
7.29032,84,18,6,22,15,5
7.22581,86,18,7,11,9,8
6,62,18,21,4,3
4.83871,98,18,6,17,20
3.74194,70,18,5,7
3.87097,66,18,5,22
5.35484,82,18,22,9,12
4.32258,114,18,8,13,5
4,62,18,16,21
7.22581,86,18,3,11,15,4
9.80645,68,18,15,7,14,8,6
5.35484,82,18,21,16,15
3.67742,72,18,20,6
5.03226,92,18,11,2,17
5.48387,78,18,10,19,9
5.29032,84,18,9,1,13
5.74194,70,18,22,8,6
5.48387,78,18,17,14,6
7.80645,68,18,7,8,14,4
5.22581,86,18,9,3,22
5.29032,84,18,16,16,22,11
4.83871,98,18,7,9,2
5.41935,80,18,4,2,11
5.41935,80,18,14,18,13,11
5.48387,78,18,3,6,22
6,62,18,15,4,15,3
9.67742,72,18,7,5,10,9,1
5.48387,78,18,17,19,10
5.09677,90,18,15,10,6
3.87097,66,18,2,1
5.93548,64,18,19,20,13
5.87097,66,18,1,8,4
7.87097,66,18,8,14,6,22
4.64516,104,18,18,15,5,13
3.16129,88,18,2,10
7.48387,78,18,11,16,5,19
3.80645,68,18,13,13,15
6,62,18,9,22,15
9.93548,64,18,11,19,14,7,15
3.54839,76,18,9,20
5.67742,72,18,7,17,11
9.22581,86,18,14,15,15,7,20,1
5.35484,82,18,21,16,17
5.67742,72,18,12,18,9,3
4.96774,94,18,16,7,9
3.35484,82,18,20,16
7.80645,68,18,21,8,12,13
3.35484,82,18,2,16
3.35484,82,18,20,9
7.6129,74,18,15,14,2,8
5.54839,76,18,1,7,2
7.22581,86,18,16,18,15,6,2
5.29032,84,18,10,5,5,2
7.22581,86,18,2,18,3,8,10
3.74194,70,18,6,11
3.35484,82,18,20,16
5.54839,76,18,18,8,21,5
7.54839,76,18,7,21,17,19
4.96774,94,18,8,17,11
4.90323,96,18,4,6,9
7.22581,86,18,15,9,11,20
5.74194,70,18,15,1,2
5.74194,70,18,20,12,4
3.6129,74,18,18,3,16,18
7.16129,88,18,21,2,15,20
7.54839,76,18,3,1,21,2
5.80645,68,18,12,1,15
5.09677,90,18,10,5,4
3.93548,64,18,2,11
5.41936,80,18,14,13,13,1
5.80645,68,18,21,10,21,15
3.74194,70,18,16,6
6.77419,100,18,19,10,11,4
3.93548,64,18,6,12
5.54839,76,18,22,12,17
7.22581,86,18,16,1,10,17
5.29032,84,18,20,7,4
5.54839,76,18,10,11,5
3.87097,66,18,2,1
4.83871,98,18,13,6,6,1
5.93548,64,18,18,4,18,21,8
5.74194,70,18,13,21,22
3.93548,64,18,2,11
8.25806,116,18,22,7,14,9,13
3.41935,80,18,6,5
7.6129,74,18,7,22,22,10,11
9.09677,90,18,14,21,4,15,10
5.29032,84,18,2,18,7,5
3.6129,74,18,4,1
3.35484,82,18,18,20,16
7.80645,68,18,19,14,21,10
5.09677,90,18,17,21,17,3
5.87097,66,18,20,12,13
5.67742,72,18,8,1,18,18,1,8,9
5.6129,74,18,14,13,19
7.22581,86,18,12,12,14,20,8
6.90323,96,18,17,19,14,5
6,62,18,5,18,1,8
5.09677,90,18,1,10,6
8,62,18,21,15,22,9
5.41936,80,18,13,20,4
4.70968,102,18,14,10,13
3.93548,64,18,5,3
3.93548,64,18,5,15
5.16129,88,18,7,19,5,18
7.74194,70,18,15,2,12,8
6.96774,94,18,18,11,19,7,10
5.6129,74,18,22,12,6
5.93548,64,18,19,9,14
5.80645,68,18,11,22,21
5.87097,66,18,9,19,1
7.67742,72,18,8,22,21,13
6.58065,106,18,3,12,3,20,9
3.93548,64,18,21,4,18
5.54839,76,18,9,8,16
5.41935,80,18,7,3,6
6,62,18,9,8,1
7.48387,78,18,3,7,22,7,3,20
5.74194,70,18,9,11,21
6.77419,100,18,16,5,11,17
5.80645,68,18,14,2,7,14
5.22581,86,18,8,13,8,6
6.77419,100,18,21,19,16,6
5.67742,72,18,9,19,16
5.29032,84,18,7,1,4
5.09677,90,18,12,17,8
8.90323,96,18,19,21,15,17,11
3.6129,74,18,5,12
6,62,18,10,19,8
5.67742,72,18,20,4,2
3.87097,66,18,13,22
8.83871,98,18,19,15,18,22,17,1
5.87097,66,18,7,17,12
4,62,18,16,8,18
5.87097,66,18,17,14,7
5.6129,74,18,21,12,5
3.80645,68,18,13,3
3.6129,74,18,13,11
5.16129,88,18,13,20,8
3.48387,78,18,18,10,6
7.54839,76,18,8,15,14,13
4.12903,120,18,21,10,13
3.41935,80,18,13,1
3.03226,92,18,5,13
7.35484,82,18,22,19,9,17
5.16129,88,18,9,16,16,13
3.54839,76,18,13,17
5.93548,64,18,22,21,16
5.93548,64,18,3,3,20,21
6.3871,112,18,19,8,13,13,9
7.80645,68,18,21,12,14,20
3.93548,64,18,11,6
5.80645,68,18,6,17,22
4,62,18,22,3,18
5.67742,72,18,5,18,12,22
4,62,18,18,11,4
4.25806,116,18,3,5,13
3.03226,92,18,13,9
5.93548,64,18,2,14,21
7.29032,84,18,14,7,4,7,5
3.80645,68,18,13,15
5.29032,84,18,18,21,16,3
7.54839,76,18,9,16,9,9,8,7
5.41935,80,18,3,3,15,5
5.54839,76,18,22,3,5
5.93548,64,18,22,16,8
7.03226,92,18,7,13,6,6,19
3.48387,78,18,6,10
5.67742,72,18,15,13,3
7.03226,92,18,10,1,8,17
5.22581,86,18,20,15,3
7.09677,90,18,18,14,13,6,2
3.16129,88,18,20,5
7.6129,74,18,7,20,21,19
5.48387,78,18,17,17,10,8
3.93548,64,18,1,6
7.6129,74,18,21,20,13,6
5.54839,76,18,1,1,20,21
3.67742,72,18,4,11
5.6129,74,18,12,11,13
4.77419,100,18,8,6,5
9.54839,76,18,7,9,16,10,10,1
5.48387,78,18,3,22,16
7.54839,76,18,14,11,7,12
4.90323,96,18,12,17,3
3.93548,64,18,16,12
3.80645,68,18,20,1
7.80645,68,18,19,8,7,3
5.87097,66,18,12,13,3
3.93548,64,18,12,2,18
3.74194,70,18,2,2,17
4.45161,110,18,18,17,9,9,9,13
5.87097,66,18,21,22,5
7.80645,68,18,7,15,8,20
5.29032,84,18,9,1,13
5.22581,86,18,18,17,4,22
7.41936,80,18,14,3,6,21
7.80645,68,18,4,13,12,14
3.87097,66,18,1,17
7.54839,76,18,17,15,14,2
7.41935,80,18,22,20,21,13
4.90323,96,18,12,17,20
5.80645,68,18,12,11,20
9.41936,80,18,14,8,3,10,17
5.41935,80,18,2,15,6
3.6129,74,18,10,11,18
7.54839,76,18,8,19,21,16
5.35484,82,18,6,18,9,15
5.87097,66,18,4,13,7
4.96774,94,18,20,15,5
3.09677,90,18,10,13
4.83871,98,18,1,20,6
7.48387,78,18,11,3,15,15,8
6.90323,96,18,14,4,7,5
3.87097,66,18,11,17
4.96774,94,18,3,2,2,16
5.74194,70,18,17,16,1
5.54839,76,18,3,6,7
5.87097,66,18,12,3,6
3.93548,64,18,20,8
5.80645,68,18,12,20,1
5.74194,70,18,6,22,8
3.93548,64,18,5,3
4.90323,96,18,10,17,3
5.22581,86,18,21,9,14
3.93548,64,18,2,11
5.6129,74,18,16,10,21
7.41935,80,18,11,5,9,15
5.48387,78,18,9,18,16,17
4,62,18,17,2
5.67742,72,18,13,12,8
5.35484,82,18,18,12,10,11
3.87097,66,18,2,1
3.03226,92,18,5,13
5.80645,68,18,1,7,6
3.74194,70,18,5,7
5.03226,92,18,5,16,4
3.6129,74,18,16,20
3.87097,66,18,17,20
3.87097,66,18,9,21
3.35484,82,18,5,6
5.80645,68,18,3,16,1
7.29032,84,18,7,17,19,5
7.74194,70,18,15,17,19,12
5.48387,78,18,22,18,18,1,17
6,62,18,12,14,10
7.09677,90,18,8,5,16,21
3.09677,90,18,4,10
6,62,18,22,2,14
3.48387,78,18,16,4
4.58065,106,18,2,4,10
4.77419,100,18,4,13,13,5
3.09677,90,18,18,4,10
5.54839,76,18,22,7,20,18
3.87097,66,18,20,19
7.74194,70,18,7,13,12,12,14
5.48387,78,18,18,7,6,10
5.67742,72,18,7,9,19
3.93548,64,18,2,19
3.54839,76,18,9,2
9.35484,82,18,1,15,22,7,4
5.6129,74,18,16,15,12
5.67742,72,18,14,9,9,7
3.6129,74,18,5,12
7.03226,92,18,1,18,15,6,11
5.87097,66,18,16,10,22
5.74194,70,18,14,18,20,8
3.29032,84,18,10,10,2
5.74194,70,18,1,15,18,7
7.74194,70,18,8,14,3,5
7.6129,74,18,21,1,14,7
3.35484,82,18,20,16
4.25806,116,18,3,10,13
4,62,18,2,8
5.87097,66,18,11,2,13
5.87097,66,18,5,10,18,14
5.35484,82,18,7,17,10,18
6,62,18,1,3,20
3.6129,74,18,9,6
6.3871,112,18,3,4,13,9
4.90323,96,18,21,21,10,7
5.03226,92,18,6,19,2
7.48387,78,18,22,12,8,7
7.09677,90,18,1,11,2,19
5.67742,72,18,7,12,6
5.16129,88,18,12,2,10
5.80645,68,18,15,2,11
3.87097,66,18,5,14
3.74194,70,18,18,2,17
6.96774,94,18,21,4,13,9
7.22581,86,18,18,3,12,15,5
5.16129,88,18,3,6,17
7.03226,92,18,12,18,14,14,13,17
7.48387,78,18,1,8,1,3,13
4.51613,108,18,21,16,4
5.87097,66,18,9,3,12
5.67742,72,18,1,2,21
3.87097,66,18,4,19
6,62,18,19,9,19,17
4.51613,108,18,3,6,9
5.35484,82,18,9,14,20
5.67742,72,18,4,15,19
7.80645,68,18,3,15,3,12,14
3.93548,64,18,21,11,18
3.80645,68,18,17,11
4.96774,94,18,17,4,8
7.41935,80,18,22,21,19,18,6
4.83871,98,18,18,6,19,13
5.03226,92,18,19,2,9
3.48387,78,18,7,10,18
5.41935,80,18,20,20,15,6
2.83871,98,18,13,10
3.74194,70,18,5,7
7.35484,82,18,17,22,8,7
3.87097,66,18,17,3
5.80645,68,18,15,6,20
5.6129,74,18,20,21,17
7.80645,68,18,14,15,8,2
3.87097,66,18,9,21
7.6129,74,18,15,19,3,6
3.74194,70,18,6,19,18
3.93548,64,18,2,19
9.80645,68,18,22,12,21,14,8
3.22581,86,18,2,5
5.54839,76,18,22,5,17
7.03226,92,18,8,11,11,8,14,4,8
3.74194,70,18,6,1
5.87097,66,18,12,15,11
8,62,18,12,22,7,6
3.87097,66,18,20,19
3.35484,82,18,9,4
5.48387,78,18,21,3,17
7.41935,80,18,12,15,14,13
5.80645,68,18,4,13,22
7.67742,72,18,8,14,13,21
7.48387,78,18,14,2,8,12
6,62,18,3,10,16
7.54839,76,18,18,14,19,20,19,5
5.48387,78,18,3,15,10
7.48387,78,18,22,17,8,12
6.77419,100,18,21,7,1,4
3.35484,82,18,20,16
5.35484,82,18,2,3,15
7.74194,70,18,8,14,4,12
7.09677,90,18,8,9,5,12
5.87097,66,18,12,17,22
8,62,18,12,3,9,3,8
5.87097,66,18,1,18,18,8,2
5.16129,88,18,8,17,2
3.93548,64,18,2,11
4.3871,112,18,9,18,5,20
7.41935,80,18,21,4,21,2,19
3.93548,64,18,5,15
5.74194,70,18,15,16,18,19
4.83871,98,18,18,13,12,5
3.93548,64,18,20,11
5.87097,66,18,21,8,4
4.64516,104,18,11,20,20,16
5.80645,68,18,18,8,18,11,20
5.67742,72,18,7,9,7,4
7.09677,90,18,18,17,17,9,10,5,18
5.54839,76,18,21,3,6
5.03226,92,18,17,6,3
5.80645,68,18,11,14,13
6.90323,96,18,12,22,21,9
3.93548,64,18,5,15
7.22581,86,18,22,8,11,4
5.29032,84,18,16,5,6
5.35484,82,18,9,17,10
6.3871,112,18,14,3,13,16
6,62,18,7,18,11,15
5.41935,80,18,13,21,17
4.64516,104,18,13,6,9
5.35484,82,18,21,1,21,9
5.03226,92,18,3,7,18,4
3.87097,66,18,10,7
3.09677,90,18,5,5,4
5.03226,92,18,11,18,16,6
6,62,18,3,10,16
6.96774,94,18,18,15,21,21,13,9
3.80645,68,18,20,1
3.74194,70,18,6,11
7.54839,76,18,7,12,3,22
7.74194,70,18,11,8,14,9
6.77419,100,18,19,3,20,9
5.93548,64,18,17,21,19
3.80645,68,18,7,2,18
3.93548,64,18,16,12
5.80645,68,18,6,4,20
5.03226,92,18,14,9,4
3.80645,68,18,20,1
3.54839,76,18,9,18,3,9
5.09677,90,18,16,17,12
5.54839,76,18,4,13,8
6,62,18,21,22,1
7.6129,74,18,9,10,1,21
3.16129,88,18,4,9
6.96774,94,18,3,2,4,19
5.03226,92,18,14,4,5
7.29032,84,18,1,1,11,22,12
7.54839,76,18,1,8,14,5
6.64516,104,18,15,19,5,20
4,62,18,10,14
5.93548,64,18,7,2,15
6.3871,112,18,8,12,4,10
5.67742,72,18,10,18,22,9
5.87097,66,18,12,15,9
3.80645,68,18,6,20
3.93548,64,18,11,6
3.16129,88,18,4,9
7.80645,68,18,22,22,21,8,9
5.03226,92,18,7,4,9
4,62,18,17,12
7.6129,74,18,1,8,11,20
5.67742,72,18,10,8,21
9.35484,82,18,18,14,14,21,3,1,2
5.03226,92,18,19,16,13
3.16129,88,18,2,10
5.16129,88,18,8,11,20,20,8
5.74194,70,18,9,9,22,17
5.80645,68,18,6,13,20
7.35484,82,18,12,19,11,2
6,62,18,22,13,21
2.83871,98,18,13,10
5.93548,64,18,13,2,21
3.35484,82,18,9,9,4
5.67742,72,18,2,18,8,18,9
5.35484,82,18,9,16,4
7.48387,78,18,16,5,19,12
7.80645,68,18,11,10,10,5,1
4,62,18,21,5
3.41935,80,18,17,6,18
9.41936,80,18,7,15,1,11,22
3.41935,80,18,12,6,18
5.74194,70,18,17,18,7,16
3.87097,66,18,10,7
7.80645,68,18,14,22,9,1
5.48387,78,18,4,7,8
5.22581,86,18,15,2,9
5.41935,80,18,3,21,9
6.96774,94,18,3,14,6,8
3.74194,70,18,5,7
6.96774,94,18,16,22,7,10
5.54839,76,18,7,1,3,18
3.87097,66,18,2,1
4,62,18,17,2
7.80645,68,18,3,8,12,7
5.74194,70,18,1,19,2
3.54839,76,18,5,21
5.6129,74,18,4,21,11
5.35484,82,18,18,14,6,10
3.22581,86,18,4,16
5.48387,78,18,21,17,12
5.74194,70,18,4,13,15
3.93548,64,18,11,6
6.64516,104,18,19,18,3,2,16
5.54839,76,18,6,19,6,7
5.80645,68,18,3,19,20
5.67742,72,18,22,10,19
5.16129,88,18,14,4,9
7.41935,80,18,16,15,7,2
3.6129,74,18,13,11
7.67742,72,18,8,12,20,4
3.93548,64,18,13,7
3.03226,92,18,5,13
7.03226,92,18,7,22,2,16
5.80645,68,18,5,1,14
7.6129,74,18,21,8,19,4
5.41935,80,18,11,22,12
7.6129,74,18,18,11,11,9,11,14,1
5.93548,64,18,18,21,2,11
6.77419,100,18,18,22,7,20,5
3.03226,92,18,13,9
5.87097,66,18,1,8,6
4.90323,96,18,8,13,1
5.41935,80,18,18,6,14,20
7.29032,84,18,19,4,21,17
9.22581,86,18,8,14,12,22,2
7.67742,72,18,8,19,19,10,11
5.29032,84,18,9,16,9,4
5.87097,66,18,15,17,3
5.80645,68,18,21,17,14
3.80645,68,18,6,20
3.16129,88,18,20,5
3.80645,68,18,18,6,3
5.93548,64,18,16,3,11
3.67742,72,18,4,11
5.09677,90,18,15,2,2,5
7.22581,86,18,2,18,22,18,19,6
5.48387,78,18,12,11,6
5.35484,82,18,10,5,6
5.74194,70,18,17,22,10
5.54839,76,18,15,1,9,18
7.48387,78,18,22,21,4,17
3.87097,66,18,18,11,17
3.87097,66,18,11,17
7.29032,84,18,22,11,8,5
3.03226,92,18,13,9
5.87097,66,18,21,7,10
5.6129,74,18,18,12,12,22,9
5.09677,90,18,9,18,2,19
6,62,18,15,15,8,4
4,62,18,6,8
5.74194,70,18,2,3,19
4.32258,114,18,3,13,5
5.80645,68,18,15,17,11
7.80645,68,18,12,18,8,2,20
5.80645,68,18,11,8,8,17
4.83871,98,18,17,5,21
5.74194,70,18,9,15,17
5.54839,76,18,7,10,19
5.74194,70,18,14,17,8
7.48387,78,18,22,21,7,5
