5.22581,86,9,12,2,19
3.87097,66,9,22,10
4,62,9,15,5
7.80645,68,9,12,14,8,11
4.83871,98,9,14,20,17
7.74194,70,9,14,14,18,12,8
4.83871,98,9,14,13,11
7.6129,74,9,5,10,12,1
5.16129,88,9,8,12,5
5.6129,74,9,17,6,7
5.67742,72,9,14,18,13
3.67742,72,9,4,2
5.6129,74,9,15,12,7
4,62,9,4,13
5.03226,92,9,9,15,1,20
3.48387,78,9,12,16
4.77419,100,9,10,20,6
2.77419,100,9,1,20,9
3.09677,90,9,4,19
3.87097,66,9,7,1
3.22581,86,9,20,1
5.87097,66,9,5,8,2
5.93548,64,9,18,5,16
7.67742,72,9,10,10,10,1,2,4
3.35484,82,9,13,9,18
8,62,9,19,18,7,18,12
3.87097,66,9,2,12
3.09677,90,9,6,11
5.80645,68,9,5,2,20
3.35484,82,9,20,11
5.03226,92,9,17,19,20
4.58065,106,9,18,6,5
5.16129,88,9,22,21,10
3.03226,92,9,13,18
5.22581,86,9,14,17,6
4,62,9,8,3,3,9
3.87097,66,9,2,12
5.29032,84,9,20,2,22
5.22581,86,9,15,3,13
3.87097,66,9,21,1
7.67742,72,9,5,16,22,13
5.54839,76,9,1,6,15
5.6129,74,9,10,22,5
5.74194,70,9,16,2,16,1
3.87097,66,9,10,10,13
5.22581,86,9,10,6,10,15
4,62,9,10,4
3.80645,68,9,10,3,9
7.74194,70,9,19,14,18,20
3.87097,66,9,21,1
7.48387,78,9,19,18,8,2
3.16129,88,9,2,17
5.22581,86,9,12,2,19
4.12903,120,9,8,4,5
2.19355,118,9,13,10
3.41935,80,9,20,22
3.09677,90,9,4,8
4.83871,98,9,21,2,21,21,10
3.93548,64,9,21,17
7.54839,76,9,15,7,14,16
5.93548,64,9,19,1,12
5.41935,80,9,3,14,5
5.80645,68,9,5,15,16
5.16129,88,9,21,6,18
7.16129,88,9,10,17,16,14
3.09677,90,9,4,19
7.67742,72,9,16,7,19,12
5.80645,68,9,8,2,13
7.80645,68,9,16,3,8,2
3.22581,86,9,13,9,17
3.35484,82,9,6,2
4.12903,120,9,17,5,13
3.67742,72,9,3,17
5.03226,92,9,7,6,20
3.93548,64,9,14,10
3.93548,64,9,21,17
6.96774,94,9,14,18,16,7
3.41935,80,9,9,4,7
3.35484,82,9,2,18
3.54839,76,9,21,9,7
3.87097,66,9,2,21
3.48387,78,9,20,7
2.96774,94,9,13,11
5.6129,74,9,17,10,1
5.87097,66,9,5,21,12
3.80645,68,9,20,21
2.77419,100,9,13,1
3.87097,66,9,3,9,7
3.87097,66,9,6,22
3.6129,74,9,2,7
2.77419,100,9,13,1
5.29032,84,9,17,7,10
4,62,9,9,22,13
5.54839,76,9,3,15,6
7.41935,80,9,14,19,21,1
4,62,9,11,17
5.87097,66,9,18,7,21,18
4.25806,116,9,8,5,4
5.22581,86,9,15,2,8
5.48387,78,9,12,14,17
6,62,9,5,11,20
3.80645,68,9,11,9,20
3.93548,64,9,7,13
5.29032,84,9,11,20,19
3.67742,72,9,4,21
5.16129,88,9,21,2,11
5.74194,70,9,14,8,20
3.35484,82,9,4,22
2.96774,94,9,13,8
4.90323,96,9,18,6,1
5.16129,88,9,10,14,21,10
2.58065,106,9,2,2,10
3.93548,64,9,6,4
5.16129,88,9,15,11,2
3.03226,92,9,13,18
3.6129,74,9,6,6,14
4.96774,94,9,11,6,8
5.29032,84,9,10,8,15,10
5.41935,80,9,8,1,17
5.35484,82,9,11,4,20
2.96774,94,9,13,11
2.32258,114,9,4,10
2.19355,118,9,13,13,10
5.29032,84,9,15,17,13
2.83871,98,9,6,10
7.93548,64,9,15,14,21,4
7.54839,76,9,11,19,21,1
3.67742,72,9,3,17
3.54839,76,9,12,17
4.90323,96,9,7,12,6
7.6129,74,9,10,22,18,17
2.32258,114,9,22,4,9
5.16129,88,9,8,20,22
3.6129,74,9,6,14
2.3871,112,9,21,4,9
3.87097,66,9,2,4
4,62,9,4,13
3.87097,66,9,17,4
6.77419,100,9,22,7,4,11
3.74194,70,9,3,6
7.67742,72,9,18,21,22,14
4.58065,106,9,19,16,13
2.19355,118,9,13,5
3.80645,68,9,13,2
4.96774,94,9,18,20,1
3.6129,74,9,6,14
3.93548,64,9,3,5
4,62,9,4,13
5.35484,82,9,15,6,2
5.16129,88,9,15,17,11
5.54839,76,9,17,7,1
9.16129,88,9,1,3,21,7,20
5.6129,74,9,7,15,5
7.22581,86,9,18,15,3,20
3.35484,82,9,2,18
6.90323,96,9,10,18,11,6
3.41935,80,9,2,8
5.29032,84,9,17,14,4
7.09677,90,9,16,8,4,3
4.96774,94,9,22,8,13
2.25806,116,9,13,16
7.35484,82,9,16,21,7,1
4,62,9,13,4
5.80645,68,9,19,21,19,17
4.77419,100,9,14,13,17
5.87097,66,9,14,8,10
5.87097,66,9,21,15,17
3.35484,82,9,12,5
5.74194,70,9,14,2,4
3.16129,88,9,4,18
6.83871,98,9,11,3,11,16,20
3.41935,80,9,4,20
5.03226,92,9,18,18,1,17
7.41935,80,9,16,18,6,14
9.74194,70,9,1,18,14,22,17
3.6129,74,9,17,11
2.77419,100,9,20,16
4,62,9,18,5,9
5.6129,74,9,18,8,6
6,62,9,16,16,14,13
5.80645,68,9,8,22,6
2.77419,100,9,20,16
7.16129,88,9,1,22,18,5
5.6129,74,9,11,12,6
3.80645,68,9,6,13
5.22581,86,9,1,1,13,13,7
7.67742,72,9,11,1,21,17
3.93548,64,9,3,10
4.58065,106,9,22,16,6
5.29032,84,9,18,20,3
3.6129,74,9,9,17,11
5.35484,82,9,9,3,18,4
5.16129,88,9,21,3,7
4.12903,120,9,21,21,13,16
4.58065,106,9,3,3,20,16
2.96774,94,9,6,16
3.80645,68,9,20,21
4,62,9,18,13
5.29032,84,9,19,8,9,16,8
5.48387,78,9,14,13,13,12
3.87097,66,9,22,10
2.58065,106,9,20,10
3.87097,66,9,7,11
9.16129,88,9,16,19,22,18,13
4,62,9,22,20
5.29032,84,9,15,3,16
7.03226,92,9,18,3,1,22
5.54839,76,9,3,22,14
4.96774,94,9,9,11,5,6
3.35484,82,9,2,2,18
7.67742,72,9,18,22,7,11
5.29032,84,9,3,3,15,20
5.03226,92,9,18,2,6
7.87097,66,9,18,7,18,22,19
3.93548,64,9,22,11
5.67742,72,9,1,2,7
6,62,9,17,9,19,14
4.3871,112,9,15,20,15,20,5
5.6129,74,9,12,20,13
5.41935,80,9,1,20,22
5.80645,68,9,18,22,20
7.41935,80,9,9,16,3,3,1,8,16
5.29032,84,9,19,8,9,18
3.6129,74,9,13,12
4.58065,106,9,1,20,10
3.29032,84,9,15,3,9
3.54839,76,9,13,6
7.6129,74,9,3,12,3,11,5
5.67742,72,9,22,21,11
4.77419,100,9,17,6,1
3.93548,64,9,9,21,17
3.16129,88,9,13,15
5.48387,78,9,7,12,19
3.54839,76,9,9,13,20
3.16129,88,9,6,6,20
5.74194,70,9,15,14,13
5.74194,70,9,15,1,1,3
5.67742,72,9,3,11,2
7.6129,74,9,10,18,12,22
3.93548,64,9,7,13
7.16129,88,9,5,11,10,3
6,62,9,3,11,18
5.16129,88,9,15,2,18
8.90323,96,9,19,19,8,3,8,3,1,17
6,62,9,18,15,16
2.77419,100,9,20,16
3.74194,70,9,20,13
4.90323,96,9,21,6,12
3.67742,72,9,4,21
4,62,9,8,17
5.09677,90,9,9,14,14,9,14,4,19
4.90323,96,9,14,13,18
6.25807,116,9,9,19,16,5,13
3.67742,72,9,17,20
9.67742,72,9,11,14,8,1,5
5.41935,80,9,1,20,22
5.48387,78,9,1,12,16
7.6129,74,9,1,15,7,13
4.90323,96,9,3,22,5
5.67742,72,9,15,12,4
3.09677,90,9,4,19
5.67742,72,9,15,15,18,13
3.48387,78,9,12,16
6,62,9,9,1,12,7
3.6129,74,9,2,14
2.83871,98,9,6,10
5.41935,80,9,9,11,22,3
3.87097,66,9,21,1
4.58065,106,9,15,16,2
5.93548,64,9,18,22,4
9.67742,72,9,15,19,19,14,21,18
2.90323,96,9,9,4,11
5.67742,72,9,19,2,12
4.06452,122,9,15,13,5
5.16129,88,9,19,4,3
7.35484,82,9,11,21,19,16
5.09677,90,9,22,8,6
3.22581,86,9,4,9,14
3.87097,66,9,5,4
4,62,9,13,4
5.48387,78,9,8,22,16
3.35484,82,9,2,18
3.93548,64,9,21,9,19
3.74194,70,9,7,16
3.80645,68,9,6,15
7.09677,90,9,11,5,11,8,11,13
4.77419,100,9,9,8,16,20
7.29032,84,9,11,14,1,22
3.22581,86,9,14,9,4
3.74194,70,9,9,3,6
3.09677,90,9,20,6
3.80645,68,9,6,15
5.87097,66,9,8,18,3,8
4.90323,96,9,19,16,2
3.93548,64,9,12,9,8
5.48387,78,9,14,4,12
5.74194,70,9,10,12,7
3.80645,68,9,6,21
7.16129,88,9,15,8,19,2
7.6129,74,9,19,12,8,18
3.48387,78,9,12,16
3.67742,72,9,4,6
5.74194,70,9,11,20,13
7.16129,88,9,16,18,21,5
5.09677,90,9,3,22,20
5.87097,66,9,5,12,20
5.48387,78,9,11,9,3,4
5.35484,82,9,18,6,17
4.70968,102,9,21,3,17
3.6129,74,9,17,17,11
3.54839,76,9,2,22
4,62,9,12,7
7.09677,90,9,10,19,16,21
5.35484,82,9,15,20,3
3.41935,80,9,4,20
2.96774,94,9,6,6,16
6,62,9,18,8,7
2.58065,106,9,2,10
4,62,9,8,17
7.67742,72,9,16,9,17,14,15
2.90323,96,9,13,17
2.83871,98,9,2,9,6
3.93548,64,9,19,15,15,9
5.54839,76,9,11,20,3
3.48387,78,9,21,16
7.16129,88,9,11,18,22,5
5.54839,76,9,18,17,10
7.54839,76,9,11,10,1,19
3.29032,84,9,20,19
4.90323,96,9,8,10,21
3.93548,64,9,7,20
3.29032,84,9,4,15
4,62,9,22,3
7.48387,78,9,3,15,22,6
3.48387,78,9,20,20,15
5.16129,88,9,8,7,5
3.48387,78,9,20,15
5.6129,74,9,11,20,4
5.48387,78,9,12,3,4
3.48387,78,9,12,16
5.93548,64,9,17,21,15
2.25806,116,9,13,16
3.54839,76,9,6,18
7.48387,78,9,11,8,22,2
5.87097,66,9,5,19,6
7.54839,76,9,18,7,14,2
5.74194,70,9,11,7,8
2.96774,94,9,6,16
5.93548,64,9,15,14,2
7.35484,82,9,8,1,14,17
7.67742,72,9,14,8,18,3
3.29032,84,9,6,12
7.74194,70,9,5,17,22,8
5.09677,90,9,19,4,19,6
3.87097,66,9,10,13
5.74194,70,9,18,8,2
3.87097,66,9,2,12
5.80645,68,9,19,19,1,15
5.48387,78,9,11,2,15
5.41936,80,9,9,21,13,20
4.51613,108,9,12,2,5
5.22581,86,9,17,9,15,4
3.35484,82,9,6,2
7.16129,88,9,11,14,6,18
3.16129,88,9,4,18
5.09677,90,9,3,22,3,16
5.09677,90,9,8,16,12
2.58065,106,9,19,2,9
4.96774,94,9,10,20,19
3.87097,66,9,17,8
3.54839,76,9,6,17
3.48387,78,9,21,14,9
5.67742,72,9,15,19,6
4,62,9,12,1
3.80645,68,9,19,3,9
5.87097,66,9,21,12,14
6.58065,106,9,14,22,21,5
3.93548,64,9,22,22,11
7.74194,70,9,15,21,21,22,6
5.80645,68,9,14,9,10,22
2.96774,94,9,6,16
4.83871,98,9,14,20,17
7.6129,74,9,19,8,11,2
4.96774,94,9,7,9,5,6
8,62,9,11,14,12,2
4.25806,116,9,14,4,5
3.87097,66,9,2,2,21
7.09677,90,9,16,22,21,5
5.16129,88,9,9,7,7,19,20
5.6129,74,9,21,12,11
7.80645,68,9,5,15,7,2
4,62,9,9,2,13
2.83871,98,9,9,4,1
4.77419,100,9,15,1,13
3.67742,72,9,4,21
9.29032,84,9,11,8,14,14,14,3,5
4.32258,114,9,14,4,10
3.29032,84,9,13,7
11.2903,84,9,14,18,7,22,15,1
3.41935,80,9,20,22
4,62,9,22,3
8,62,9,15,21,2,20
5.6129,74,9,8,16,18
5.54839,76,9,16,7,16,9,21
5.48387,78,9,8,7,11
7.41935,80,9,18,1,11,15
3.93548,64,9,3,5
2.77419,100,9,6,5
5.54839,76,9,19,17,21
5.74194,70,9,5,10,13
5.93548,64,9,5,12,21
5.67742,72,9,8,16,19
7.03226,92,9,8,1,5,14
3.35484,82,9,20,8
7.67742,72,9,16,14,11,10
2.58065,106,9,20,10
7.41935,80,9,18,10,5,11
3.93548,64,9,7,13
3.09677,90,9,6,11
2.96774,94,9,12,12,9,4
5.22581,86,9,3,1,4
5.93548,64,9,16,12,4
4,62,9,12,7
5.41935,80,9,8,8,10,19
3.41935,80,9,20,22
3.54839,76,9,20,14
5.48387,78,9,21,15,1
5.48387,78,9,15,3,2
4,62,9,12,1
3.87097,66,9,21,11
3.6129,74,9,17,11
5.22581,86,9,12,4,4,14
5.87097,66,9,10,1,17
3.6129,74,9,17,11
5.16129,88,9,9,18,6,2
5.6129,74,9,22,12,2
2.58065,106,9,20,5
5.22581,86,9,9,18,2,15
4,62,9,18,13
2.25806,116,9,4,5
7.16129,88,9,1,10,11,20
3.35484,82,9,20,8
5.29032,84,9,17,6,14
5.67742,72,9,5,11,6
3.93548,64,9,14,10
5.67742,72,9,21,14,8,21
5.74194,70,9,11,20,13
6,62,9,22,19,22,21
5.74194,70,9,15,22,6,15
4.58065,106,9,15,20,16
5.80645,68,9,10,12,4
3.35484,82,9,6,2
7.22581,86,9,8,21,18,6
5.87097,66,9,11,19,6
5.41935,80,9,9,12,9,12,20,14
5.6129,74,9,14,7,14,14,9,3
7.16129,88,9,1,18,3,18,4
5.16129,88,9,12,15,2
5.54839,76,9,16,6,18
5.67742,72,9,15,16,9,1
5.41935,80,9,11,2,8
5.09677,90,9,11,11,9,17,17,20
5.35484,82,9,17,10,19
5.54839,76,9,15,6,18
3.35484,82,9,6,2
6.06452,122,9,1,21,13,10
5.74194,70,9,5,11,4
4.58065,106,9,1,20,10
3.54839,76,9,20,14
4.06452,122,9,15,13,5
3.54839,76,9,13,6
6,62,9,1,8,13
5.41935,80,9,11,11,15,18,9
3.22581,86,9,13,22
3.48387,78,9,4,12
3.16129,88,9,13,3
3.22581,86,9,13,22
3.80645,68,9,6,13
5.16129,88,9,12,13,3
3.41935,80,9,4,7
3.41935,80,9,9,4,7
4.90323,96,9,3,22,5
3.03226,92,9,20,17
5.54839,76,9,15,12,22
3.6129,74,9,17,22,9
5.93548,64,9,3,20,2
6,62,9,14,4,13
7.74194,70,9,18,21,7,21,4
5.16129,88,9,14,20,8
4,62,9,19,13
3.09677,90,9,4,19
5.6129,74,9,1,15,10
5.93548,64,9,18,1,19
7.74194,70,9,10,15,8,18
3.6129,74,9,17,11
3.80645,68,9,14,9,12
4,62,9,22,3
5.80645,68,9,7,6,4
5.48387,78,9,18,17,14
7.54839,76,9,16,14,1,21
5.41935,80,9,3,12,16
7.6129,74,9,9,5,16,18,13
5.35484,82,9,18,10,8
5.67742,72,9,17,15,3
3.35484,82,9,6,8
9.74194,70,9,16,19,14,20,14,12
3.09677,90,9,6,6,11
5.16129,88,9,19,20,22
2.32258,114,9,19,19,4,9
3.16129,88,9,6,20
4.32258,114,9,19,20,10
4.25806,116,9,19,4,10
3.16129,88,9,6,20
5.03226,92,9,10,20,8
3.87097,66,9,9,21,11
5.67742,72,9,12,19,22
3.16129,88,9,6,3
3.29032,84,9,13,7
5.6129,74,9,12,11,14
3.54839,76,9,20,3
7.93548,64,9,18,21,8,3
7.6129,74,9,14,11,14,21,3
3.09677,90,9,20,6
7.74194,70,9,9,1,16,19,21
3.80645,68,9,22,5
3.22581,86,9,20,1
5.03226,92,9,1,20,17
7.35484,82,9,16,11,16,3,4
7.16129,88,9,22,14,19,6
3.54839,76,9,7,5
5.87097,66,9,11,1,17
4,62,9,18,13
6,62,9,5,17,10,5
3.41935,80,9,6,19
3.87097,66,9,21,1
3.03226,92,9,9,9,13,18
5.80645,68,9,19,12,22
5.74194,70,9,14,2,4
6.83871,98,9,11,8,10,12
5.35484,82,9,11,3,15,11
5.16129,88,9,15,11,20
4.90323,96,9,3,20,6
5.16129,88,9,8,20,8,5
3.16129,88,9,6,20
7.22581,86,9,5,11,15,4
7.54839,76,9,18,19,15,16
3.87097,66,9,22,10
4.58065,106,9,14,14,20,16
3.16129,88,9,6,3
3.67742,72,9,4,6
5.22581,86,9,3,3,1,4
5.74194,70,9,19,22,20
3.16129,88,9,13,3
5.87097,66,9,8,8,19,2
7.87097,66,9,22,18,19,19,15
3.67742,72,9,17,3
3.6129,74,9,7,10
5.74194,70,9,11,5,17
5.74194,70,9,9,15,12,11
3.35484,82,9,2,19
5.41935,80,9,21,4,20
5.22581,86,9,19,12,5
5.74194,70,9,9,19,9,5,19,15
4.96774,94,9,12,20,6
3.16129,88,9,6,3
2.96774,94,9,6,16
5.93548,64,9,10,22,12
5.80645,68,9,5,15,1
3.80645,68,9,13,2
2.77419,100,9,20,16
5.80645,68,9,1,7,12
3.48387,78,9,12,16
7.41935,80,9,15,8,11,18
3.41935,80,9,14,12,9
5.74194,70,9,14,15,11
3.6129,74,9,6,14
5.54839,76,9,14,11,7
2.58065,106,9,20,5
5.16129,88,9,15,11,20
2.96774,94,9,13,11
3.6129,74,9,2,14
7.41935,80,9,22,15,22,15,19,6
3.35484,82,9,20,18
5.6129,74,9,19,4,21
5.09677,90,9,15,2,6
3.87097,66,9,6,22
5.16129,88,9,3,1,17
5.22581,86,9,21,6,14
8,62,9,1,3,22,7
5.67742,72,9,10,16,16,13
5.74194,70,9,3,1,21
3.35484,82,9,6,2
2.19355,118,9,13,10
5.09677,90,9,10,8,21,10
4.70968,102,9,14,6,16
2.58065,106,9,2,10
4.83871,98,9,21,12,5
5.41935,80,9,19,17,6
5.22581,86,9,10,20,3
5.87097,66,9,22,8,1
6.12903,120,9,19,5,16,13
4,62,9,1,18,18,9
5.6129,74,9,22,14,6
7.6129,74,9,14,22,21,12
4.58065,106,9,9,11,20,5
5.22581,86,9,7,19,6
2.96774,94,9,13,19
3.48387,78,9,2,15
3.80645,68,9,22,5
3.93548,64,9,3,5
3.48387,78,9,2,15
5.74194,70,9,17,22,16
5.29032,84,9,5,6,14
3.54839,76,9,6,18
5.6129,74,9,15,19,20
5.6129,74,9,19,4,6
5.29032,84,9,9,18,12,10
3.87097,66,9,7,11
5.6129,74,9,18,4,6
2.64516,104,9,12,2,9
6.83871,98,9,5,9,22,9,10,2
4.83871,98,9,11,5,9,2
5.48387,78,9,1,5,12
2.58065,106,9,2,10
3.74194,70,9,20,13
7.16129,88,9,9,19,9,8,3,13
7.54839,76,9,10,16,11,17
6,62,9,1,12,7
3.74194,70,9,17,13
5.93548,64,9,10,14,10,19
3.35484,82,9,20,11
3.03226,92,9,20,17
4.58065,106,9,19,5,2
5.87097,66,9,9,5,3,20
5.80645,68,9,18,5,18,7
5.93548,64,9,19,12,15
5.54839,76,9,15,8,11,9
5.29032,84,9,12,14,10
3.16129,88,9,13,15
6,62,9,10,8,5
7.29032,84,9,19,3,21,11
4,62,9,3,3,13
5.09677,90,9,21,4,8
3.54839,76,9,13,6
8,62,9,11,18,18,15,18,8
7.16129,88,9,18,12,2,8
7.6129,74,9,10,9,8,1,2
3.48387,78,9,3,9,6
2.96774,94,9,13,11
5.6129,74,9,15,1,10
8,62,9,15,22,15,21,6
3.67742,72,9,4,21
3.35484,82,9,2,19
5.87097,66,9,12,18,22
7.16129,88,9,5,9,3,18,20
3.16129,88,9,4,9,22
3.35484,82,9,21,10
3.35484,82,9,20,11
5.6129,74,9,1,6,22
3.54839,76,9,12,17
7.80645,68,9,10,8,1,8,1,21
5.74194,70,9,11,14,5
5.41935,80,9,7,18,2
3.87097,66,9,21,1
5.16129,88,9,10,2,15
4.83871,98,9,15,9,17,13
5.87097,66,9,15,14,14,6
3.48387,78,9,20,7
5.29032,84,9,3,16,18
3.93548,64,9,8,13
8,62,9,22,14,18,15
3.6129,74,9,11,9,4
5.16129,88,9,1,1,1,13,14
5.16129,88,9,3,22,22,16
3.35484,82,9,18,9,13
7.87097,66,9,5,10,19,6
7.54839,76,9,11,12,14,4
3.03226,92,9,20,17
5.74194,70,9,22,19,16
3.67742,72,9,9,4,21
3.16129,88,9,13,15
4,62,9,10,4
7.74194,70,9,1,14,11,1,10
5.74194,70,9,1,15,15,20
5.6129,74,9,21,19,12
6.51613,108,9,11,3,2,10
4.96774,94,9,18,6,6,6,20
3.87097,66,9,2,12
7.16129,88,9,16,7,2,15
3.22581,86,9,4,9,17
5.80645,68,9,15,12,13
3.22581,86,9,13,14
3.87097,66,9,14,5
3.6129,74,9,17,1
3.54839,76,9,13,6
4,62,9,3,13
5.54839,76,9,15,18,17,15
7.74194,70,9,1,7,21,7,14
3.35484,82,9,7,17,9
5.74194,70,9,10,15,5
5.16129,88,9,15,2,11
4.58065,106,9,9,3,20,16
3.35484,82,9,2,18
4.64516,104,9,12,2,16
3.16129,88,9,6,6,3
7.09677,90,9,15,21,6,19
5.67742,72,9,8,2,4
3.09677,90,9,20,6
3.67742,72,9,4,6
5.74194,70,9,9,8,14,5
5.67742,72,9,19,3,10
3.80645,68,9,6,13
5.67742,72,9,22,17,19
5.41935,80,9,1,4,7
3.35484,82,9,20,18
3.93548,64,9,6,7
5.35484,82,9,19,1,4
5.74194,70,9,10,3,13
3.41935,80,9,2,8
5.54839,76,9,1,13,12
7.41935,80,9,15,1,11,12
5.67742,72,9,21,12,13
3.87097,66,9,21,11
5.16129,88,9,11,13,15
6,62,9,5,17,5,19
3.93548,64,9,8,13
6.96774,94,9,19,8,10,3
3.80645,68,9,17,2
5.87097,66,9,11,20,12
5.48387,78,9,1,7,16
5.6129,74,9,10,6,21
6,62,9,19,18,6
8,62,9,11,11,14,3,3,19
3.29032,84,9,20,19
2.90323,96,9,4,11
8,62,9,1,8,7,6
3.54839,76,9,20,9,18
7.03226,92,9,10,5,2,18
5.48387,78,9,17,6,15
5.54839,76,9,19,4,4,19,7
4.96774,94,9,19,17,20
3.29032,84,9,2,6
7.09677,90,9,5,8,12,6
3.93548,64,9,22,11
3.09677,90,9,4,8
7.93548,64,9,8,15,7,14
3.87097,66,9,6,22
5.54839,76,9,1,6,21
4.58065,106,9,19,10,20
2.90323,96,9,4,11
3.54839,76,9,20,14
5.80645,68,9,11,16,3
3.09677,90,9,20,6
7.67742,72,9,14,18,15,20
5.67742,72,9,5,2,13
5.80645,68,9,10,17,12
3.48387,78,9,2,15
7.16129,88,9,16,16,11,13,7
3.74194,70,9,20,13
6,62,9,8,19,5
3.48387,78,9,20,20,7
5.87097,66,9,9,19,18,2
3.35484,82,9,6,8
3.87097,66,9,21,11
5.87097,66,9,18,1,10
6,62,9,3,18,7
3.35484,82,9,20,11
7.87097,66,9,8,15,15,14,19
4,62,9,5,20
3.35484,82,9,4,14
3.35484,82,9,4,4,14
5.67742,72,9,19,21,19,6
3.35484,82,9,2,11
3.41935,80,9,12,10
5.35484,82,9,12,3,5
4.25806,116,9,18,4,10
7.6129,74,9,9,10,1,10,11,15
2.25806,116,9,13,16
5.16129,88,9,12,9,11,2
5.93548,64,9,19,15,2
4.45161,110,9,8,5,5,2
5.16129,88,9,12,11,7
3.22581,86,9,3,9,4
9.80645,68,9,5,14,8,19,18
7.48387,78,9,22,18,14,17
5.80645,68,9,5,1,6
9.41936,80,9,1,14,21,6,13
5.80645,68,9,5,3,3,7
3.41935,80,9,22,9,6
2.90323,96,9,4,11
3.29032,84,9,13,7
2.90323,96,9,9,4,11
4.3871,112,9,8,10,4
7.80645,68,9,16,17,15,12
3.87097,66,9,21,11
2.83871,98,9,4,1
7.87097,66,9,16,18,7,3
2.96774,94,9,13,8
3.35484,82,9,2,19
5.87097,66,9,10,12,11
5.87097,66,9,17,7,15,17
5.80645,68,9,7,22,16
2.51613,108,9,21,6,9
5.35484,82,9,15,8,4
5.35484,82,9,18,10,8
5.74194,70,9,18,6,4
5.93548,64,9,8,11,11,15
2.77419,100,9,6,5
5.6129,74,9,21,15,21,17
3.35484,82,9,9,2,18
3.48387,78,9,2,15
4,62,9,22,3
9.54839,76,9,14,18,19,8,7
3.22581,86,9,20,1
7.35484,82,9,16,19,20,4
3.09677,90,9,6,11
7.22581,86,9,3,8,18,13
4,62,9,17,9,9,22
2.58065,106,9,3,20,9
5.87097,66,9,19,9,8,21
3.22581,86,9,13,9,14
2.83871,98,9,9,4,1
3.6129,74,9,20,4
3.6129,74,9,2,7
5.54839,76,9,15,8,10
3.29032,84,9,6,12
3.6129,74,9,6,6,14
3.67742,72,9,4,2
7.67742,72,9,14,19,15,12
3.29032,84,9,20,19
3.93548,64,9,3,10
5.87097,66,9,7,22,12
7.48387,78,9,1,21,22,22,21,17
3.48387,78,9,20,7
3.22581,86,9,4,9,17
5.74194,70,9,16,5,4
5.29032,84,9,18,20,20,14
9.80645,68,9,10,22,22,15,21,4
5.22581,86,9,18,4,15
5.48387,78,9,18,11,7
6,62,9,21,15,14
3.09677,90,9,6,11
3.16129,88,9,13,3
3.87097,66,9,7,1
6,62,9,8,10,16
5.74194,70,9,5,3,16
3.87097,66,9,5,4
6,62,9,15,19,16
4.51613,108,9,16,2,10
3.41935,80,9,4,7
3.6129,74,9,12,6
2.96774,94,9,13,8
5.09677,90,9,17,9,8,4
3.35484,82,9,2,9,22
3.67742,72,9,4,21
4,62,9,11,17
4.77419,100,9,15,1,13
7.09677,90,9,5,22,18,13
5.16129,88,9,14,16,17
4.3871,112,9,11,6,5
5.09677,90,9,12,11,2
5.41935,80,9,10,6,14
5.87097,66,9,11,19,6
5.29032,84,9,12,20,22
3.6129,74,9,6,14
3.87097,66,9,17,9,7
3.74194,70,9,17,13
5.93548,64,9,10,10,14,4
4.32258,114,9,1,4,10
5.87097,66,9,5,22,8
5.09677,90,9,1,13,15
5.22581,86,9,1,17,19
3.80645,68,9,9,22,9,7
5.6129,74,9,14,17,7
5.87097,66,9,18,22,16
2.19355,118,9,13,10
3.09677,90,9,4,19
5.09677,90,9,8,20,18
5.29032,84,9,22,17,13
5.48387,78,9,8,22,16
3.93548,64,9,3,5
4,62,9,15,5
3.80645,68,9,13,2
3.87097,66,9,7,11
7.6129,74,9,3,12,19,11
3.09677,90,9,20,6
3.54839,76,9,20,14
7.93548,64,9,16,1,16,5,22
5.22581,86,9,22,19,14,9
3.93548,64,9,7,20
3.87097,66,9,22,10
3.48387,78,9,3,12,9
5.54839,76,9,8,11,4
4,62,9,9,22,3
3.6129,74,9,2,3
7.80645,68,9,9,17,7,22,6
5.80645,68,9,10,2,20
5.87097,66,9,5,8,2
5.16129,88,9,16,6,3
5.54839,76,9,15,20,13
4,62,9,22,13
3.87097,66,9,5,5,4
4.45161,110,9,19,9,14,9,13
5.29032,84,9,17,10,18
3.54839,76,9,12,17
7.35484,82,9,19,12,3,16
7.67742,72,9,18,14,8,11,18
2.58065,106,9,2,10
7.41935,80,9,3,12,11,16
3.87097,66,9,10,10,13
5.67742,72,9,16,16,14,14,15,9
9.74194,70,9,10,10,14,18,19,21
5.22581,86,9,10,12,16
3.74194,70,9,7,16
5.67742,72,9,1,4,2
3.41935,80,9,12,10
4.90323,96,9,16,4,11
5.09677,90,9,1,6,2
8,62,9,15,15,18,11,1
5.54839,76,9,3,22,14
5.29032,84,9,19,9,3,4
2.83871,98,9,6,10
3.35484,82,9,22,9,9,9,20
5.16129,88,9,1,10,2
5.93548,64,9,5,16,16,2
5.16129,88,9,17,16,14
5.54839,76,9,19,17,18
5.41935,80,9,21,18,16
4,62,9,12,7
5.09677,90,9,21,3,4
5.22581,86,9,15,17,20
7.67742,72,9,16,14,2,4
7.6129,74,9,16,10,19,10,7
4.19355,118,9,1,13,16
3.41935,80,9,14,9,9,2
3.54839,76,9,13,20
3.93548,64,9,7,3
4,62,9,16,13
6,62,9,14,8,22
5.41935,80,9,9,21,22,2
7.03226,92,9,1,10,18,4
7.87097,66,9,16,8,21,17
3.93548,64,9,7,13
7.6129,74,9,1,21,12,21,6
3.6129,74,9,6,9,18
4,62,9,19,13
5.67742,72,9,7,8,18
4,62,9,5,20
3.6129,74,9,17,17,1
3.87097,66,9,22,10
3.22581,86,9,13,22
3.80645,68,9,6,6,15
5.48387,78,9,14,3,10
4,62,9,9,16,16,13
3.93548,64,9,22,1
4.96774,94,9,21,2,17
3.80645,68,9,17,2
5.54839,76,9,17,19,12
5.6129,74,9,3,7,17
3.80645,68,9,7,9,22
5.35484,82,9,15,8,4
7.74194,70,9,5,10,21,3
4,62,9,16,13
5.67742,72,9,15,8,22
5.87097,66,9,21,22,18
2.96774,94,9,4,9,12
5.74194,70,9,11,5,19
2.45161,110,9,4,16
5.74194,70,9,14,11,10
3.74194,70,9,9,14,15,9
7.09677,90,9,5,7,18,4
5.16129,88,9,21,20,22
5.29032,84,9,12,4,7
3.87097,66,9,5,4
3.87097,66,9,14,5
7.6129,74,9,10,7,10,16,18
3.87097,66,9,17,8
3.22581,86,9,13,22
3.93548,64,9,22,1
2.96774,94,9,6,16
5.09677,90,9,21,4,19
3.03226,92,9,4,17
3.03226,92,9,13,18
3.16129,88,9,13,3
5.09677,90,9,3,22,13
3.29032,84,9,15,9,13
7.6129,74,9,5,5,19,21,17
7.29032,84,9,22,18,12,7
5.16129,88,9,18,17,2
2.96774,94,9,6,16
4,62,9,22,3
5.29032,84,9,3,22,8
5.93548,64,9,11,11,14,13
7.67742,72,9,5,10,8,17
3.29032,84,9,3,15,9
3.41935,80,9,2,9,3
7.16129,88,9,10,8,8,8,22,1
6,62,9,5,17,14
6,62,9,12,3,14
7.16129,88,9,3,3,11,19,2
