2,62,5,13
5.80645,68,5,9,16,13
7.74194,70,5,16,19,15,4
3.87097,66,5,17,12
3.87097,66,5,12,15
3.80645,68,5,16,13
2.83871,98,5,6,16
5.29032,84,5,19,9,22
3.74194,70,5,17,3
5.74194,70,5,19,7,2
5.6129,74,5,1,19,13
3.87097,66,5,14,9
3.03226,92,5,18,21,5
5.48387,78,5,15,12,4
11.4194,80,5,10,18,14,15,22,16
3.74194,70,5,6,22
3.16129,88,5,4,4,15
5.67742,72,5,11,22,14
3.93548,64,5,8,4
5.80645,68,5,10,7,10,8
5.48387,78,5,15,14,15,13
4.83871,98,5,8,2,17
7.54839,76,5,3,14,18,1
3.93548,64,5,7,12
4.64516,104,5,16,9,6,16
3.93548,64,5,17,4
3.74194,70,5,22,10
6,62,5,14,19,12
5.48387,78,5,21,14,2
5.03226,92,5,19,9,21
4.83871,98,5,19,2,2,17
3.87097,66,5,22,13
4.96774,94,5,5,11,21,14,5
5.80645,68,5,7,18,21
3.67742,72,5,12,5,17
5.35484,82,5,8,15,10
4,62,5,21,18
7.93548,64,5,11,14,21,19
3.16129,88,5,2,1
5.93548,64,5,10,10,3,7
4,62,5,5,15,20
5.93548,64,5,18,3,14
3.93548,64,5,8,4
6,62,5,7,18,19
5.03226,92,5,14,2,19
5.87097,66,5,18,14,13
3.35484,82,5,21,5,5,22
5.48387,78,5,21,12,8
3.87097,66,5,12,4
3.54839,76,5,20,13
5.48387,78,5,18,17,21
3.54839,76,5,4,2
4,62,5,21,4
2,62,5,13
4,62,5,22,22,4
3.87097,66,5,3,13
7.74194,70,5,9,16,1,17
3.87097,66,5,4,13
4,62,5,22,4
5.6129,74,5,3,11,7
3.54839,76,5,7,5,22
7.29032,84,5,1,18,22,13
3.16129,88,5,4,15
3.54839,76,5,3,17
3.48387,78,5,6,14
5.6129,74,5,14,7,4
3.93548,64,5,7,4
4,62,5,19,4
3.29032,84,5,21,16
3.87097,66,5,22,20
7.6129,74,5,16,1,22,22,19
3.03226,92,5,4,18
3.54839,76,5,4,6
3.93548,64,5,5,8,6
5.22581,86,5,16,2,15
3.93548,64,5,1,13
3.35484,82,5,2,15
3.03226,92,5,4,4,18
5.35484,82,5,11,2,22
2.45161,110,5,2,10
4,62,5,18,4
7.22581,86,5,3,11,14,14,6
2,62,5,5,13
5.29032,84,5,19,17,6
3.22581,86,5,11,5,13
5.74194,70,5,19,3,7
6.96774,94,5,1,12,20,19
5.93548,64,5,1,10,17
6,62,5,18,21,4
4.51613,108,5,6,5,9,2
5.87097,66,5,7,19,8
3.80645,68,5,8,13
3.16129,88,5,21,10
7.03226,92,5,3,12,20,11
2.64516,104,5,5,2,16
2,62,5,13
3.93548,64,5,20,2
2.25806,116,5,4,9
3.87097,66,5,22,20
3.54839,76,5,4,21
3.93548,64,5,3,4
3.74194,70,5,15,5,14
2.90323,96,5,5,20,6
5.09677,90,5,17,21,16
2.70968,102,5,6,10
5.41935,80,5,5,15,5,1,21
4,62,5,11,13
8.70968,102,5,9,16,21,12,10
3.80645,68,5,3,3,10
7.87097,66,5,11,21,14,19
3.29032,84,5,20,7
3.87097,66,5,15,10
3.87097,66,5,14,13
3.87097,66,5,14,16
3.87097,66,5,4,13
3.67742,72,5,17,1
2.3871,112,5,11,20,5
3.22581,86,5,4,14
4.96774,94,5,7,17,12
3.03226,92,5,6,3
6,62,5,15,21,20
7.74194,70,5,11,11,1,12,8
2,62,5,13
5.74194,70,5,22,14,1
5.41935,80,5,21,7,8
2,62,5,13
4,62,5,2,20
7.93548,64,5,16,7,22,6
5.48387,78,5,21,12,8
3.87097,66,5,15,13
3.54839,76,5,4,4,6
5.80645,68,5,10,11,6
7.80645,68,5,1,15,14,8
2,62,5,13
3.87097,66,5,2,13
3.93548,64,5,3,16
5.93548,64,5,9,15,9,14
3.87097,66,5,5,12,15
5.29032,84,5,8,16,14
6,62,5,8,21,19
3.54839,76,5,20,13
3.22581,86,5,6,6,8
3.29032,84,5,4,7
10,62,5,1,8,21,7,22
4.32258,114,5,16,20,10
6,62,5,8,8,22,8,19
3.29032,84,5,19,5,20
7.16129,88,5,11,19,22,9
7.54839,76,5,16,19,22,3
3.80645,68,5,7,13
5.67742,72,5,12,5,16,11
3.35484,82,5,2,15
3.74194,70,5,6,22
3.74194,70,5,2,12
5.54839,76,5,3,20,12
7.41935,80,5,1,11,10,5,5,8
5.80645,68,5,21,14,7
3.80645,68,5,16,13
3.74194,70,5,2,12
3.80645,68,5,7,3
3.87097,66,5,8,5,14
7.87097,66,5,5,1,9,16,3
5.80645,68,5,14,18,9
7.35484,82,5,16,17,18,11
3.6129,74,5,3,6
5.93548,64,5,3,11,12
5.29032,84,5,5,16,19,21,16
3.29032,84,5,6,19
3.03226,92,5,4,18
2,62,5,13
3.93548,64,5,3,22
5.93548,64,5,10,8,6
3.87097,66,5,15,13
7.16129,88,5,9,21,14,10
4,62,5,18,20
2.83871,98,5,21,7,5
3.74194,70,5,7,1
3.16129,88,5,6,12
5.16129,88,5,16,21,10
5.41935,80,5,1,12,6
2,62,5,13
3.16129,88,5,20,8
5.22581,86,5,1,20,22
3.93548,64,5,21,20
3.22581,86,5,2,11
4,62,5,5,16,4
2,62,5,13
3.22581,86,5,12,10
3.74194,70,5,2,12
4,62,5,19,20
7.29032,84,5,10,9,7,17,10
4,62,5,22,4
4,62,5,2,20
3.54839,76,5,4,2
3.87097,66,5,17,12
5.6129,74,5,16,20,12
2,62,5,13
3.03226,92,5,20,5,22
5.41935,80,5,5,15,3,18
2.70968,102,5,6,10
3.93548,64,5,21,20
2,62,5,13
5.67742,72,5,22,15,13
4.90323,96,5,5,17,16,12
3.93548,64,5,3,3,9
3.29032,84,5,4,4,20
6,62,5,1,11,13
5.6129,74,5,11,14,10
3.93548,64,5,3,22
2.96774,94,5,4,8
2.64516,104,5,5,2,16
5.6129,74,5,15,14,15,20
6,62,5,11,1,2
2,62,5,13
5.48387,78,5,15,17,19
3.22581,86,5,5,4,22
2.58065,106,5,20,16
3.54839,76,5,4,2
3.67742,72,5,6,15
3.16129,88,5,2,1
2,62,5,13
5.87097,66,5,18,1,3
2.64516,104,5,2,9
2.90323,96,5,15,5,13
5.22581,86,5,5,1,2,19
4.77419,100,5,9,9,6,16
6.96774,94,5,9,11,16,20
3.16129,88,5,2,1
5.35484,82,5,8,1,4
3.67742,72,5,21,1
7.41935,80,5,19,22,17,21
3.22581,86,5,6,2
3.29032,84,5,2,8
3.87097,66,5,2,13
4,62,5,14,4
4,62,5,21,4
4,62,5,14,4
6,62,5,15,19,21
7.48387,78,5,19,21,14,4
7.35484,82,5,19,16,9,17
5.87097,66,5,17,18,8
3.93548,64,5,10,13
3.87097,66,5,14,16
3.22581,86,5,2,19
5.29032,84,5,18,8,3,5
6,62,5,17,10,5,9
6,62,5,1,12,19
5.29032,84,5,3,1,20
3.67742,72,5,6,13
3.29032,84,5,6,19
4,62,5,14,20
3.6129,74,5,3,6
5.67742,72,5,16,11,17
3.87097,66,5,12,15
3.48387,78,5,2,3
6.96774,94,5,11,12,2,1
5.35484,82,5,14,19,13
5.74194,70,5,11,18,16
2,62,5,13
7.03226,92,5,5,9,12,20,18
4,62,5,14,4
5.22581,86,5,8,9,17
3.03226,92,5,20,1
5.54839,76,5,21,22,19
5.6129,74,5,9,17,17,12
5.80645,68,5,16,22,9
5.74194,70,5,21,14,22
2.45161,110,5,2,10
2.58065,106,5,20,20,16
3.87097,66,5,18,18,13
7.6129,74,5,18,11,11,1,14
5.48387,78,5,19,21,19,19,20
3.93548,64,5,8,4
7.54839,76,5,16,9,10,13
5.74194,70,5,16,5,15,15,1
6,62,5,15,7,2
3.87097,66,5,19,13
3.6129,74,5,3,3,6
2.58065,106,5,6,5,5,2
7.74194,70,5,16,22,19,7
3.80645,68,5,22,1
3.93548,64,5,8,4
3.29032,84,5,6,19
7.67742,72,5,16,1,9,22
3.93548,64,5,7,4
3.29032,84,5,6,19
2.83871,98,5,20,17
3.35484,82,5,12,9
5.87097,66,5,11,16,19
4.25806,116,5,6,6,5,10,13
3.48387,78,5,6,14
2.77419,100,5,4,11
4,62,5,14,20
3.29032,84,5,2,5,18
5.54839,76,5,17,6,15
8,62,5,5,8,11,16,9
3.48387,78,5,6,14
3.87097,66,5,17,2
3.93548,64,5,17,8
3.87097,66,5,14,16
3.87097,66,5,8,17
5.29032,84,5,18,11,2
3.80645,68,5,7,3
3.80645,68,5,17,13
3.54839,76,5,4,2
5.80645,68,5,7,21,4
5.93548,64,5,17,18,7
2,62,5,13
4,62,5,21,4
3.74194,70,5,12,22
5.29032,84,5,8,21,16
3.87097,66,5,21,21,13
3.22581,86,5,2,11
5.80645,68,5,11,9,18
3.35484,82,5,14,15,5
3.67742,72,5,21,1
7.03226,92,5,19,16,10,22
5.87097,66,5,5,17,5,17,21,21,22
3.48387,78,5,2,3
3.09677,90,5,4,3
5.09677,90,5,11,2,6
3.87097,66,5,17,12
2,62,5,13
2,62,5,13
4,62,5,19,4
5.93548,64,5,16,14,4
5.48387,78,5,11,18,20
5.48387,78,5,8,15,1
3.80645,68,5,7,13
3.74194,70,5,16,5,13
2.70968,102,5,4,1
7.48387,78,5,18,3,12,8
5.6129,74,5,3,19,10
7.54839,76,5,19,14,15,2
2.90323,96,5,20,6
3.6129,74,5,7,5,15
2.32258,114,5,4,16
5.74194,70,5,16,18,19,5
9.67742,72,5,18,14,12,3,19
5.29032,84,5,12,2,14
2,62,5,13
5.48387,78,5,16,17,3
3.54839,76,5,4,2
3.87097,66,5,21,13
3.87097,66,5,19,13
3.80645,68,5,22,9
3.35484,82,5,12,17
3.29032,84,5,18,3,5
3.87097,66,5,8,19,5
5.6129,74,5,9,5,8,13
3.48387,78,5,7,10
3.41935,80,5,6,17
3.03226,92,5,6,20
4,62,5,14,4
4,62,5,18,20
5.87097,66,5,1,7,17
3.93548,64,5,10,5,10,13
2,62,5,13
5.16129,88,5,19,11,17
2.19355,118,5,4,10
5.22581,86,5,22,6,19
3.74194,70,5,14,5,15
4.64516,104,5,5,16,9,6,16
5.87097,66,5,3,18,7
5.16129,88,5,8,9,22
3.93548,64,5,16,17,5
3.6129,74,5,17,5,21
7.80645,68,5,9,16,15,10
5.74194,70,5,22,21,13
3.74194,70,5,17,3
6.83871,98,5,1,21,12,17
5.87097,66,5,19,11,18
9.54839,76,5,9,19,18,15,4
3.87097,66,5,12,15
5.35484,82,5,14,11,7
4,62,5,15,11
2,62,5,13
3.35484,82,5,12,17
2.58065,106,5,20,9
4.70968,102,5,12,5,16,20
4,62,5,5,19,20
5.80645,68,5,11,18,1
3.74194,70,5,5,7,1
7.80645,68,5,10,5,16,22,3
3.87097,66,5,14,9
4,62,5,22,2
4,62,5,15,20
4,62,5,2,20
5.6129,74,5,3,2,2,4
6,62,5,15,22,15,21,22
2.83871,98,5,6,16
5.54839,76,5,7,22,11
5.80645,68,5,15,7,11
5.74194,70,5,22,19,7
5.74194,70,5,19,7,12
5.29032,84,5,7,14,13
5.54839,76,5,19,3,10
2.32258,114,5,4,16
5.80645,68,5,5,15,8,18
5.29032,84,5,11,12,16
5.87097,66,5,16,10,6
3.67742,72,5,6,15
5.74194,70,5,12,14,7
5.35484,82,5,19,10,18
5.48387,78,5,14,8,6
3.80645,68,5,12,7
5.41935,80,5,15,15,6,14
4,62,5,15,20
6.90323,96,5,14,18,14,14,11,13
4.70968,102,5,17,6,16
2,62,5,13
3.41935,80,5,12,6
4,62,5,12,19
5.67742,72,5,3,21,20
3.74194,70,5,17,3
5.22581,86,5,16,2,15
5.16129,88,5,22,21,16
2.64516,104,5,10,5,6,10
5.09677,90,5,7,6,8
3.16129,88,5,2,6
5.74194,70,5,5,8,7,19
5.80645,68,5,18,11,18,21
2.32258,114,5,4,16
3.93548,64,5,3,9
3.16129,88,5,10,12,5
3.93548,64,5,7,2
3.93548,64,5,7,4
3.93548,64,5,22,16
5.29032,84,5,18,11,22
7.16129,88,5,16,14,1,22
3.93548,64,5,8,8,6
5.74194,70,5,7,22,4
3.93548,64,5,1,13
5.6129,74,5,5,19,1,7
5.87097,66,5,15,18,17
2.77419,100,5,4,11
6.70968,102,5,16,11,9,4
3.6129,74,5,8,14,5
5.41935,80,5,3,19,2
3.87097,66,5,2,13
4.83871,98,5,7,17,3
5.93548,64,5,3,14,22
9.74194,70,5,9,11,8,11,1,22
5.93548,64,5,3,18,19
3.22581,86,5,2,19
5.93548,64,5,10,21,13
5.87097,66,5,8,7,14
3.87097,66,5,11,6
7.03226,92,5,19,22,17,4
3.54839,76,5,21,5,18
3.93548,64,5,18,5,3
4,62,5,19,5,3
5.35484,82,5,18,8,8,13
3.87097,66,5,14,16
3.93548,64,5,12,11
3.35484,82,5,20,14
3.67742,72,5,20,12
3.87097,66,5,8,17
7.80645,68,5,11,14,12,20
3.74194,70,5,3,5,22
4,62,5,21,8
7.29032,84,5,16,21,15,11
4,62,5,18,2
3.93548,64,5,1,17
3.22581,86,5,2,19
3.74194,70,5,18,5,7
5.80645,68,5,11,16,18
3.35484,82,5,20,3
5.41935,80,5,14,7,1
4,62,5,14,4
5.93548,64,5,5,19,12,13
5.22581,86,5,10,6,8
7.74194,70,5,9,3,21,22
5.67742,72,5,21,14,1
5.87097,66,5,18,16,18,7
5.22581,86,5,10,20,7
5.93548,64,5,10,5,12,19
6.96774,94,5,8,19,12,9
5.35484,82,5,22,14,9
5.41935,80,5,18,3,9
2,62,5,13
2.3871,112,5,20,10
2,62,5,13
7.48387,78,5,15,22,17,6
4,62,5,8,20
4.45161,110,5,19,2,9
5.67742,72,5,17,15,11
5.67742,72,5,7,15,16
3.74194,70,5,7,11
6,62,5,14,11,3
5.22581,86,5,21,22,12
5.67742,72,5,19,11,15
3.54839,76,5,4,2
3.16129,88,5,6,12
5.54839,76,5,11,3,17
2,62,5,13
6,62,5,16,22,4
5.16129,88,5,21,15,10
3.29032,84,5,4,20
2,62,5,13
3.16129,88,5,14,22,5
4,62,5,5,21,8
5.74194,70,5,19,12,1
5.87097,66,5,18,7,12
5.29032,84,5,19,3,17
5.80645,68,5,11,15,17
9.48387,78,5,16,5,8,19,14,2
3.87097,66,5,17,2
3.16129,88,5,5,20,18
5.87097,66,5,1,9,22
5.80645,68,5,17,7,12
5.03226,92,5,1,16,4
3.87097,66,5,11,6
7.54839,76,5,15,18,21,20
5.16129,88,5,1,16,20
3.93548,64,5,11,4
4.96774,94,5,19,2,6
8,62,5,9,19,9,8,3
7.93548,64,5,16,22,18,12
7.80645,68,5,16,17,16,9,10,17
7.35484,82,5,11,7,22,8
3.22581,86,5,2,19
3.87097,66,5,2,13
5.93548,64,5,5,3,19,21
3.09677,90,5,20,19
5.87097,66,5,18,14,13
3.48387,78,5,2,7
7.54839,76,5,16,16,12,14,22
7.80645,68,5,18,7,19,14
3.29032,84,5,8,15,5
4,62,5,9,18,5
3.87097,66,5,3,13
5.41935,80,5,18,8,17
4.45161,110,5,19,10,20
4,62,5,12,13
5.93548,64,5,3,19,21
7.6129,74,5,14,21,7,19
3.41935,80,5,6,18
4,62,5,21,18
4,62,5,15,16
5.67742,72,5,11,8,13
2,62,5,13
3.80645,68,5,7,20
3.03226,92,5,2,17
3.87097,66,5,21,13
3.09677,90,5,4,3
7.54839,76,5,16,16,10,8,20
3.22581,86,5,6,2
7.41935,80,5,10,17,18,6
5.22581,86,5,3,2,15
3.41935,80,5,6,17
7.67742,72,5,16,14,15,12
3.54839,76,5,4,21
7.41935,80,5,18,22,21,17
7.22581,86,5,9,8,22,3
5.6129,74,5,11,10,19
6,62,5,5,14,21,20
3.6129,74,5,14,8,5
7.54839,76,5,11,12,2,21
3.03226,92,5,2,17
5.93548,64,5,19,12,8
9.22581,86,5,5,9,18,15,19,20
3.87097,66,5,14,9
7.67742,72,5,15,7,22,20
3.29032,84,5,21,16
3.87097,66,5,12,15
6.96774,94,5,11,19,21,16
2,62,5,13
2.90323,96,5,20,6
5.93548,64,5,1,3,9
3.22581,86,5,2,11
5.67742,72,5,16,21,11
5.35484,82,5,17,19,10
5.41935,80,5,9,7,10
3.80645,68,5,7,20
3.93548,64,5,7,12
5.80645,68,5,19,3,15
4,62,5,18,2
3.87097,66,5,12,4
4,62,5,14,4
5.87097,66,5,9,10,2
5.22581,86,5,16,2,15
5.93548,64,5,11,19,9
3.80645,68,5,22,9
6,62,5,15,19,22
7.93548,64,5,9,19,14,20
7.41935,80,5,9,8,15,20
3.29032,84,5,2,8
2.25806,116,5,2,5,13
4,62,5,12,12,19
5.22581,86,5,7,19,17
3.09677,90,5,10,21,5
3.87097,66,5,4,13
5.29032,84,5,8,2,3
7.80645,68,5,16,7,21,22
3.93548,64,5,3,22
5.29032,84,5,14,5,1,15
5.67742,72,5,17,15,2
5.48387,78,5,11,14,1,5
3.80645,68,5,7,5,19
4,62,5,21,2
2.70968,102,5,4,1
4,62,5,14,6
5.87097,66,5,9,7,12
5.87097,66,5,9,7,2
3.93548,64,5,7,12
3.22581,86,5,2,11
6,62,5,11,15,21
7.67742,72,5,8,1,14,3
5.67742,72,5,11,9,14
7.41936,80,5,18,21,14,4
4.83871,98,5,5,8,5,11,17
4,62,5,18,20
7.22581,86,5,16,3,11,13
6,62,5,7,14,19
5.74194,70,5,19,22,4
5.87097,66,5,9,3,16
3.54839,76,5,4,21
5.67742,72,5,17,19,21
2.83871,98,5,20,17
4,62,5,22,4
3.80645,68,5,7,20
6.77419,100,5,9,7,7,6,1
3.93548,64,5,1,17
2.83871,98,5,6,16
7.03226,92,5,14,8,18,8,4
5.03226,92,5,17,10,7
3.41935,80,5,20,4
3.93548,64,5,1,13
5.09677,90,5,8,10,15
7.16129,88,5,16,18,7,14,16
5.6129,74,5,5,12,21,2
2,62,5,13
3.80645,68,5,17,13
3.87097,66,5,22,13
5.16129,88,5,21,22,16
2.19355,118,5,4,10
3.74194,70,5,2,21
3.29032,84,5,20,7
6,62,5,11,16,1
5.67742,72,5,19,1,15
3.48387,78,5,2,3
2.96774,94,5,4,8
6,62,5,19,21,19,12
3.87097,66,5,14,9
5.67742,72,5,10,6,15
3.93548,64,5,20,2
7.16129,88,5,16,11,11,2,15
2.64516,104,5,2,16
3.48387,78,5,6,14
2,62,5,13
2,62,5,13
5.03226,92,5,11,9,2
5.16129,88,5,16,22,14,5
2.96774,94,5,6,6,11
5.54839,76,5,7,22,9
6,62,5,14,18,3
3.93548,64,5,11,11,4
4.51613,108,5,18,12,18,5,13
6,62,5,22,21,7
3.74194,70,5,21,17
5.29032,84,5,18,16,14
3.48387,78,5,2,7
3.93548,64,5,22,16
3.87097,66,5,22,13
4.96774,94,5,10,4,19
6.77419,100,5,3,8,12,10
3.29032,84,5,4,20
4,62,5,14,4
3.80645,68,5,19,11,5
3.93548,64,5,17,8
3.80645,68,5,8,13
4.58065,106,5,17,9,6
3.80645,68,5,5,12,7
6,62,5,9,11,13
5.93548,64,5,17,18,7
3.41935,80,5,20,20,4
3.87097,66,5,22,20
5.29032,84,5,11,19,11,17
3.87097,66,5,21,5,1
3.87097,66,5,18,13
4,62,5,15,9
3.29032,84,5,4,4,7
3.80645,68,5,5,22,1
5.54839,76,5,11,7,8
5.87097,66,5,8,5,9,14
4,62,5,15,2
7.6129,74,5,1,11,16,3
4,62,5,21,4
3.54839,76,5,4,6
3.74194,70,5,6,22
3.29032,84,5,2,8
3.87097,66,5,11,6
5.74194,70,5,3,3,21,19
5.87097,66,5,10,17,12
3.16129,88,5,2,6
3.67742,72,5,6,15
4,62,5,14,4
5.48387,78,5,18,8,8,6
10,62,5,10,16,1,3,21
7.22581,86,5,8,15,22,9
5.67742,72,5,19,5,19,3,9
3.16129,88,5,2,6
3.6129,74,5,7,7,16
7.74194,70,5,11,19,21,22
2.83871,98,5,6,16
4.70968,102,5,19,16,5,12
3.93548,64,5,8,4
3.87097,66,5,12,15
3.48387,78,5,2,14
5.6129,74,5,17,16,1
3.93548,64,5,3,22
4,62,5,15,11
2,62,5,13
6.90323,96,5,18,19,7,10
4,62,5,7,8
3.87097,66,5,14,13
6.90323,96,5,18,22,21,9
4,62,5,19,20
4,62,5,15,11
3.22581,86,5,4,14
2.83871,98,5,6,16
2.19355,118,5,4,10
3.22581,86,5,2,19
3.93548,64,5,1,17
5.93548,64,5,11,15,14
4,62,5,9,4
3.29032,84,5,20,7
5.87097,66,5,8,7,14
5.35484,82,5,1,20,20,14
2,62,5,13
3.67742,72,5,21,11
5.80645,68,5,12,21,12,3
3.41935,80,5,20,4
5.09677,90,5,15,17,13
4.96774,94,5,19,17,19,13
9.41936,80,5,1,19,8,3,9
9.22581,86,5,10,3,1,11,20
3.93548,64,5,8,6
2,62,5,13
5.54839,76,5,5,5,22,17,6
7.35484,82,5,8,21,8,3,22
7.54839,76,5,10,21,19,22
4,62,5,19,4
4,62,5,5,21,2
3.87097,66,5,12,4
5.48387,78,5,9,17,20
4.51613,108,5,18,10,6
3.93548,64,5,1,13
3.93548,64,5,3,16
5.41935,80,5,15,17,9
3.29032,84,5,20,15
9.16129,88,5,16,9,12,14,17
2.19355,118,5,4,10
2.96774,94,5,4,8
3.74194,70,5,6,22
3.03226,92,5,6,20
5.74194,70,5,15,18,6
5.54839,76,5,18,10,1
7.16129,88,5,19,18,3,16
5.6129,74,5,3,21,13
7.48387,78,5,5,10,8,3,17
5.35484,82,5,1,12,9
3.09677,90,5,20,19
7.29032,84,5,19,22,14,2
7.80645,68,5,10,11,14,4
7.09677,90,5,16,21,22,3
5.48387,78,5,18,11,21
3.87097,66,5,11,6
5.74194,70,5,7,15,3
3.93548,64,5,3,22
7.93548,64,5,10,14,22,18
3.80645,68,5,8,8,13
5.6129,74,5,8,5,17,15
4,62,5,11,13
3.22581,86,5,2,2,19
5.87097,66,5,3,12,4
3.41935,80,5,20,4
5.54839,76,5,16,8,18,8,8,5
3.22581,86,5,11,11,15,5
3.80645,68,5,16,16,13
5.48387,78,5,15,19,2
3.22581,86,5,4,22
4.90323,96,5,5,17,9,12
2,62,5,13
7.67742,72,5,9,14,11,16
5.67742,72,5,1,16,7
3.74194,70,5,6,22
3.74194,70,5,7,1
5.41935,80,5,10,12,6
2,62,5,13
2.96774,94,5,4,19
5.41935,80,5,1,15,13
4,62,5,15,4
6,62,5,11,16,1
3.22581,86,5,4,22
5.74194,70,5,19,8,4
3.16129,88,5,20,11
7.09677,90,5,1,14,1,5,10,6
3.74194,70,5,2,12
5.67742,72,5,7,21,6
5.87097,66,5,16,2,20
2,62,5,13
3.93548,64,5,7,12
7.67742,72,5,10,14,19,17
5.74194,70,5,18,1,10
5.93548,64,5,11,19,9
7.6129,74,5,19,22,7,22,4
3.16129,88,5,15,5,2
2.58065,106,5,20,16
2.58065,106,5,15,6,5
7.48387,78,5,1,18,22,8
2,62,5,13
3.87097,66,5,18,13
3.87097,66,5,3,13
3.87097,66,5,17,12
4,62,5,1,6
2.90323,96,5,20,6
5.54839,76,5,19,6,7
5.16129,88,5,9,6,8
3.80645,68,5,22,1
3.67742,72,5,17,1
3.67742,72,5,17,11
5.67742,72,5,18,22,3
3.80645,68,5,7,20
5.80645,68,5,22,7,13
3.16129,88,5,5,21,10
2.83871,98,5,20,17
7.6129,74,5,10,17,19,7
5.35484,82,5,11,20,14
4.51613,108,5,3,2,16
4,62,5,8,20
5.48387,78,5,19,16,15
6,62,5,22,19,18
2.77419,100,5,4,11
3.93548,64,5,3,22
5.22581,86,5,5,21,7,20
5.54839,76,5,14,19,2
5.87097,66,5,11,21,18
5.74194,70,5,19,12,1
5.09677,90,5,14,1,20
3.93548,64,5,3,9
3.93548,64,5,10,13
3.74194,70,5,3,8,5
3.67742,72,5,21,1
3.54839,76,5,3,17
4,62,5,1,4
3.93548,64,5,20,2
5.93548,64,5,5,3,19,21
5.41935,80,5,21,12,11
2,62,5,13
5.74194,70,5,1,19,4
2,62,5,13
5.54839,76,5,11,10,10,8
5.48387,78,5,7,14,2
6.83871,98,5,16,10,21,9
3.48387,78,5,2,3
2.96774,94,5,4,19
5.6129,74,5,10,16,14,10
3.29032,84,5,20,7
4,62,5,14,20
3.29032,84,5,20,7
5.74194,70,5,1,2,4
2.96774,94,5,6,11
2,62,5,13
7.09677,90,5,18,21,22,22,22,3
7.67742,72,5,15,14,7,18
4,62,5,21,8
2.58065,106,5,20,9
4,62,5,21,8
3.09677,90,5,20,19
5.16129,88,5,21,14,10
3.87097,66,5,17,12
7.67742,72,5,15,18,12,21
5.6129,74,5,15,14,17
3.09677,90,5,4,3
3.41935,80,5,20,4
2.90323,96,5,5,20,6
5.54839,76,5,1,15,19,1
5.93548,64,5,16,19,4
3.41935,80,5,6,6,18
2.96774,94,5,6,11
2.19355,118,5,4,10
3.67742,72,5,5,15,15,18,5
3.54839,76,5,4,2
5.41935,80,5,3,18,9
4.25806,116,5,19,2,10
3.03226,92,5,20,1
4.58065,106,5,9,20,16
5.80645,68,5,1,1,14,9
5.67742,72,5,19,3,9
3.93548,64,5,1,13
3.35484,82,5,2,15
5.09677,90,5,10,7,10,6
3.93548,64,5,20,2
3.22581,86,5,6,6,5,15
5.74194,70,5,10,6,22
2.45161,110,5,2,10
4,62,5,18,2
5.16129,88,5,10,5,1,22,10
3.22581,86,5,21,9
5.74194,70,5,18,17,15
5.03226,92,5,10,10,1,5,6
2.77419,100,5,4,11
7.67742,72,5,9,19,8,6
3.80645,68,5,16,13
5.93548,64,5,21,22,22,15
4,62,5,12,13
4,62,5,22,12
7.87097,66,5,10,19,12,11
4.45161,110,5,5,3,20,16
3.6129,74,5,20,20,21
3.80645,68,5,7,7,3
5.6129,74,5,15,17,21
3.87097,66,5,14,13
3.87097,66,5,19,19,13
4,62,5,1,4
5.54839,76,5,9,20,13
4,62,5,12,8
4,62,5,14,4
5.48387,78,5,15,19,6
3.93548,64,5,1,17
4,62,5,14,6
2,62,5,13
7.87097,66,5,10,14,14,12,19
6.96774,94,5,8,19,3,17
5.67742,72,5,9,7,11
5.35484,82,5,9,6,17
5.80645,68,5,19,15,16
5.09677,90,5,17,21,16
5.09677,90,5,11,11,2,1
4.83871,98,5,12,2,17
3.09677,90,5,20,19
5.80645,68,5,1,22,14
3.87097,66,5,12,15
4,62,5,18,4
4,62,5,9,13
2,62,5,5,13
2.64516,104,5,2,9
3.29032,84,5,21,16
7.22581,86,5,22,14,18,10
2.3871,112,5,20,10
7.16129,88,5,15,14,18,13
2,62,5,13
3.93548,64,5,14,14,17
5.80645,68,5,10,22,1
3.80645,68,5,5,7,20
3.93548,64,5,17,4
5.74194,70,5,3,15,21
7.67742,72,5,9,11,11,16,15
6,62,5,8,21,21,2
3.74194,70,5,21,21,17
7.29032,84,5,14,7,22,3
7.67742,72,5,3,14,21,8
3.67742,72,5,6,13
5.80645,68,5,14,21,17
4,62,5,22,2
3.48387,78,5,2,14
5.54839,76,5,22,5,10,7
3.48387,78,5,2,14
3.16129,88,5,6,12
5.87097,66,5,9,22,16
4,62,5,22,4
3.48387,78,5,18,22,5
4,62,5,1,4
5.74194,70,5,22,7,11
5.80645,68,5,1,12,7
3.93548,64,5,5,7,5,11
4.64516,104,5,18,6,16
3.87097,66,5,22,20
5.03226,92,5,18,16,21
3.16129,88,5,3,12,5
3.87097,66,5,19,13
3.74194,70,5,17,20
2,62,5,13
3.22581,86,5,21,9
5.87097,66,5,11,19,10
6.77419,100,5,19,19,19,22,22,17,11
3.87097,66,5,12,12,4
3.67742,72,5,21,11
5.16129,88,5,9,20,18
4.83871,98,5,10,20,6
7.87097,66,5,1,8,10,16
5.74194,70,5,19,16,11
3.16129,88,5,2,6
2,62,5,13
5.87097,66,5,21,14,12
5.29032,84,5,15,21,9
3.87097,66,5,8,17
3.93548,64,5,17,8
4,62,5,1,4
3.80645,68,5,22,9
7.48387,78,5,9,9,1,2,3
3.93548,64,5,7,4
3.03226,92,5,2,17
5.93548,64,5,10,21,13
4,62,5,16,4
4,62,5,18,2
5.80645,68,5,9,3,13
6.96774,94,5,8,9,10,3
