5.41935,80,12,9,9,5,14
4.64516,104,12,12,8,6,6,5
5.35484,82,12,17,15,2
2.77419,100,12,5,20
2.83871,98,12,5,2
5.48387,78,12,7,20,3
8,62,12,14,1,15,22
4.90323,96,12,15,10,21
7.35484,82,12,2,20,19,9
5.87097,66,12,4,6,17
3.80645,68,12,10,17
5.67742,72,12,13,8,21
5.35484,82,12,12,17,15,11
5.6129,74,12,3,5,18
5.03226,92,12,15,5,14
2.96774,94,12,16,4
7.48387,78,12,11,9,5,3
5.41935,80,12,22,7,2,22
5.54839,76,12,13,21,12,7
5.48387,78,12,10,5,15
3.16129,88,12,6,6,5
7.35484,82,12,3,19,20,4
3.67742,72,12,2,10
3.29032,84,12,5,7
6.64516,104,12,12,22,7,7,2,9
3.48387,78,12,17,13
7.80645,68,12,14,18,18,6,18,11
4.96774,94,12,9,11,13
11.4194,80,12,14,8,21,7,15,4
5.67742,72,12,8,15,5
5.35484,82,12,19,5,22
7.48387,78,12,21,14,2,19
3.41935,80,12,4,10
5.54839,76,12,2,8,5
5.03226,92,12,1,2,6
5.74194,70,12,1,14,17
6.90323,96,12,1,19,11,11,4
5.87097,66,12,13,20,7
3.6129,74,12,19,12,4,19
3.41935,80,12,5,14
3.6129,74,12,13,9
3.67742,72,12,20,10
9.93548,64,12,14,7,21,8,11
5.35484,82,12,17,15,1
5.03226,92,12,16,1,2
9.09677,90,12,15,15,14,3,11,11,2
6.32258,114,12,18,14,13,5
3.80645,68,12,9,14
5.48387,78,12,13,4,16
6,62,12,19,8,12,12,13
5.87097,66,12,21,6,19
3.74194,70,12,9,22
4.96774,94,12,2,1,13
5.54839,76,12,22,16,19
5.35484,82,12,20,4,1
5.35484,82,12,7,13,14
5.16129,88,12,22,20,18
3.35484,82,12,12,17,11
4.45161,110,12,2,12,9,4
7.35484,82,12,15,18,17,6
3.48387,78,12,17,13
3.74194,70,12,6,2
4.77419,100,12,15,2,16
5.74194,70,12,13,20,11
5.16129,88,12,15,2,17
5.35484,82,12,7,8,17
5.6129,74,12,7,7,8,10
4.83871,98,12,13,12,14,13,19
4.64516,104,12,15,16,4
5.48387,78,12,12,16,1,5
5.41935,80,12,8,10,14
5.67742,72,12,20,14,13
5.35484,82,12,15,11,22
5.03226,92,12,7,13,17
5.41935,80,12,21,3,12,6
2.83871,98,12,21,10,12
5.6129,74,12,19,12,16,12,12,2
3.35484,82,12,17,11
4,62,12,20,4,12
6,62,12,17,22,18
7.93548,64,12,1,14,18,21
5.93548,64,12,13,12,2,8
4.90323,96,12,8,16,4
3.74194,70,12,6,8
5.67742,72,12,2,22,13
4.90323,96,12,20,13,16
5.41935,80,12,13,22,9
4.58065,106,12,15,20,10
5.6129,74,12,20,1,18
2.77419,100,12,10,4
4.64516,104,12,3,13,5
5.6129,74,12,14,10,14,17
3.67742,72,12,2,10
3.74194,70,12,9,22
5.74194,70,12,18,6,14
5.67742,72,12,20,1,5
5.87097,66,12,1,7,18
3.93548,64,12,9,8
7.67742,72,12,21,18,14,5
7.54839,76,12,14,15,13,20
5.87097,66,12,21,3,13
3.74194,70,12,9,22
5.67742,72,12,1,18,9
3.54839,76,12,17,2
7.35484,82,12,3,3,14,20,18
5.41935,80,12,13,7,16
7.35484,82,12,21,18,16,18,6
5.29032,84,12,4,13,9
7.80645,68,12,15,7,16,10
5.29032,84,12,15,5,19
9.22581,86,12,12,19,15,18,7,15,13
3.93548,64,12,9,8
5.67742,72,12,15,10,1
3.41935,80,12,10,7
3.87097,66,12,17,19
7.22581,86,12,18,15,16,16,16,7
5.54839,76,12,2,11,15
7.29032,84,12,2,7,14,16
5.6129,74,12,12,7,14,5
3.22581,86,12,6,6,10
3.48387,78,12,4,9
5.80645,68,12,11,9,17
5.41935,80,12,3,13,11
3.67742,72,12,20,20,5
4.70968,102,12,8,16,13
5.54839,76,12,17,12,18,11
5.09677,90,12,4,8,6
5.22581,86,12,22,8,17
3.54839,76,12,17,2
3.22581,86,12,11,10,12
3.67742,72,12,2,10
5.48387,78,12,9,9,12,3,22
3.54839,76,12,9,1,12
5.80645,68,12,7,17,6
7.80645,68,12,14,16,10,1
7.54839,76,12,19,14,20,2,12
5.41935,80,12,15,11,7
7.48387,78,12,18,1,8,5
5.6129,74,12,2,22,9
7.67742,72,12,7,15,17,16
5.67742,72,12,4,12,1,21
6,62,12,4,7,6
3.80645,68,12,10,19
7.80645,68,12,18,16,9,8
5.67742,72,12,6,15,17
5.29032,84,12,11,21,16
5.6129,74,12,20,6,22
3.93548,64,12,6,18
8.64516,104,12,19,1,16,9,2
7.16129,88,12,20,3,3,1,22
5.6129,74,12,22,19,6
5.54839,76,12,15,2,22
3.93548,64,12,16,18
5.54839,76,12,1,7,8
5.09677,90,12,19,9,6
7.03226,92,12,21,3,2,6
4.70968,102,12,14,13,16
7.48387,78,12,1,3,11,3,4
7.67742,72,12,3,14,19,1,12
5.41935,80,12,13,8,22
3.87097,66,12,17,19
5.6129,74,12,15,4,20
4.70968,102,12,13,12,10,21
5.16129,88,12,14,6,10
5.16129,88,12,19,19,19,13,15
5.74194,70,12,22,3,14
3.16129,88,12,9,20
6,62,12,22,10,5
5.48387,78,12,3,1,7,12
3.6129,74,12,9,7
3.6129,74,12,6,12,9
3.54839,76,12,10,3
5.80645,68,12,18,7,5
5.93548,64,12,12,1,8,2
4,62,12,9,12,1
5.74194,70,12,8,7,8,5
5.80645,68,12,1,8,4
8,62,12,19,8,14,17
5.6129,74,12,3,16,3,10
3.87097,66,12,20,9
6,62,12,20,21,20,20,15
3.6129,74,12,13,9
5.6129,74,12,7,1,5
4.64516,104,12,3,13,5
7.74194,70,12,3,9,16,22
4.83871,98,12,8,6,16
3.29032,84,12,10,21
5.80645,68,12,11,1,13
7.48387,78,12,11,19,8,4
4.64516,104,12,10,5,5,4
5.93548,64,12,17,22,21
5.54839,76,12,22,3,18
6.06452,122,12,18,12,9,5,13
7.6129,74,12,7,1,11,19
6.3871,112,12,7,13,4,16
4,62,12,6,14
3.6129,74,12,10,15
5.09677,90,12,3,6,20
8,62,12,3,2,7,22
5.03226,92,12,13,8,17
4.96774,94,12,8,6,1
7.41935,80,12,15,1,15,12,15,21,3
3.22581,86,12,9,6
3.6129,74,12,17,4
5.48387,78,12,13,15,1
4.96774,94,12,4,2,10
8.70968,102,12,14,11,9,1,9,1,4
7.80645,68,12,13,21,19,3
5.87097,66,12,1,7,21
5.54839,76,12,4,21,16
5.48387,78,12,15,16,22
5.74194,70,12,2,6,15
5.22581,86,12,11,9,6
8.90323,96,12,14,16,5,9,21
6,62,12,19,15,10
5.16129,88,12,7,9,15
3.67742,72,12,20,5
6.25806,116,12,3,8,13,10
3.41935,80,12,3,16,12
8,62,12,19,18,3,1
5.93548,64,12,14,2,15
4.83871,98,12,15,13,1
3.09677,90,12,16,20
7.48387,78,12,12,13,21,8,16
5.54839,76,12,15,5,1
6.90323,96,12,21,12,18,17,20
5.87097,66,12,20,20,19,21
7.80645,68,12,14,19,1,22
5.54839,76,12,11,4,2
4.90323,96,12,3,3,9,4
5.48387,78,12,7,11,10
4,62,12,17,18
5.22581,86,12,1,22,20
4.64516,104,12,21,9,20
5.29032,84,12,9,5,7
7.48387,78,12,19,15,8,15,11
3.74194,70,12,9,22
5.80645,68,12,6,21,7
5.48387,78,12,4,6,20
3.93548,64,12,16,18
7.74194,70,12,21,22,18,5
3.41935,80,12,4,10
4,62,12,9,9,19
6,62,12,8,9,11
5.87097,66,12,15,15,11,19
5.35484,82,12,17,22,1
5.09677,90,12,12,22,6,16
3.80645,68,12,10,17
5.54839,76,12,18,11,13
2.83871,98,12,5,2
3.93548,64,12,12,11,17
3.74194,70,12,2,5
5.67742,72,12,21,22,22,12,13
5.87097,66,12,2,2,11,9
3.16129,88,12,3,5,12
5.22581,86,12,22,4,8
5.67742,72,12,21,20,12,1
4,62,12,16,19
3.22581,86,12,9,6
3.87097,66,12,17,16
3.35484,82,12,17,1
2.83871,98,12,5,2
5.29032,84,12,22,4,18
5.22581,86,12,22,2,6
7.35484,82,12,3,7,17,6
7.48387,78,12,3,15,17,10
4,62,12,7,3,12
2.83871,98,12,10,20
3.67742,72,12,5,17
9.35484,82,12,14,21,8,11,8,18,11
5.48387,78,12,11,13,21
4,62,12,13,1
3.29032,84,12,10,10,21
3.6129,74,12,17,12,6
6,62,12,18,22,10
5.80645,68,12,8,8,18,13
5.35484,82,12,10,1,18
5.29032,84,12,7,13,15
3.80645,68,12,9,14
4.83871,98,12,16,9,13
5.80645,68,12,19,19,4,6
5.41935,80,12,18,17,13
5.41935,80,12,1,22,8
6,62,12,15,10,16
3.48387,78,12,5,3
4.90323,96,12,16,12,19,13
5.93548,64,12,21,12,12,15,4
4.3871,112,12,5,16,13
3.87097,66,12,2,9
5.93548,64,12,21,13,14
7.35484,82,12,19,5,10,22
5.67742,72,12,13,21,20,12
3.6129,74,12,5,8
7.16129,88,12,2,20,20,18,4
5.80645,68,12,14,14,9,8
5.41935,80,12,22,22,21,9
7.29032,84,12,13,4,4,13,22,3
6,62,12,11,21,8
3.74194,70,12,16,3
3.35484,82,12,4,5
3.6129,74,12,5,18
4.64516,104,12,18,2,10
3.80645,68,12,17,9
7.29032,84,12,1,9,1,10,8
5.80645,68,12,3,20,18
5.80645,68,12,8,20,21
5.87097,66,12,12,3,12,13,8
2.83871,98,12,10,20
3.22581,86,12,6,10
5.03226,92,12,16,11,20
5.67742,72,12,18,21,9
9.16129,88,12,15,22,7,20,7,11
3.87097,66,12,17,16
5.67742,72,12,20,8,22
5.03226,92,12,11,21,5
4,62,12,16,19
3.67742,72,12,12,5,17
3.41935,80,12,17,20
5.80645,68,12,20,20,11,16
3.74194,70,12,9,22
3.93548,64,12,11,17
3.67742,72,12,20,20,5
5.41935,80,12,5,10,14
3.48387,78,12,17,13
3.87097,66,12,2,9
5.80645,68,12,21,11,15
5.74194,70,12,13,20,18
5.35484,82,12,20,1,7
2.96774,94,12,9,4
5.29032,84,12,22,2,18
3.93548,64,12,4,1
3.48387,78,12,9,21
3.29032,84,12,1,10,12
7.87097,66,12,21,22,19,16
7.87097,66,12,18,15,14,13
7.48387,78,12,19,19,3,15,6
3.09677,90,12,15,16,12
4,62,12,16,12,12,12,15
5.80645,68,12,22,17,9
3.16129,88,12,9,20
3.93548,64,12,16,18
5.67742,72,12,4,13,12,22
5.54839,76,12,7,20,4
5.22581,86,12,13,8,5
5.54839,76,12,13,3,20
3.93548,64,12,22,12,9
5.41935,80,12,1,16,21
4,62,12,9,19
5.6129,74,12,9,16,7
7.22581,86,12,16,9,9,1,9,17
5.48387,78,12,2,17,2,3
4.96774,94,12,10,9,6
3.80645,68,12,1,13
6.83871,98,12,21,12,12,21,20,3,6
3.09677,90,12,5,21
5.80645,68,12,2,3,7
3.35484,82,12,17,1
5.29032,84,12,4,15,5
7.74194,70,12,8,1,10,11
5.35484,82,12,7,21,5
3.87097,66,12,1,6
5.87097,66,12,12,9,16,9,9,8
2.96774,94,12,9,4
3.74194,70,12,10,8
2.90323,96,12,5,6
7.87097,66,12,18,19,8,20
5.54839,76,12,16,5,17
9.29032,84,12,14,15,19,11,22
5.48387,78,12,12,9,11,18
3.80645,68,12,1,13
5.87097,66,12,1,7,21
4.90323,96,12,1,2,17
5.41935,80,12,15,10,17
7.74194,70,12,4,14,21,14,3
3.80645,68,12,16,15
7.16129,88,12,8,16,10,7
5.54839,76,12,19,4,20
3.03226,92,12,10,6
7.48387,78,12,18,12,19,15,13
7.93548,64,12,14,13,4,6
3.54839,76,12,12,10,3
6,62,12,7,22,10
5.67742,72,12,21,12,16,12,19
3.93548,64,12,17,12,22
5.67742,72,12,15,8,2
4.45161,110,12,15,16,13
5.6129,74,12,15,11,10
5.41935,80,12,8,3,3,22,12
3.80645,68,12,10,19
5.74194,70,12,11,13,2
5.48387,78,12,13,18,17
7.22581,86,12,19,3,20,7
3.80645,68,12,1,13
6.90323,96,12,3,2,22,5
3.87097,66,12,9,9,15
3.29032,84,12,5,7
7.22581,86,12,13,21,6,18
5.93548,64,12,2,15,6
3.87097,66,12,17,19
5.6129,74,12,5,12,18,8
5.35484,82,12,21,20,20,9
5.6129,74,12,11,18,2
3.87097,66,12,17,6
5.41935,80,12,13,3,16
7.93548,64,12,15,21,2,4
5.29032,84,12,1,5,7
5.74194,70,12,10,1,8
3.93548,64,12,9,18
4.32258,114,12,21,10,4
6.77419,100,12,8,3,20,16
3.48387,78,12,6,11
7.41935,80,12,14,1,1,18,6
3.93548,64,12,9,8
3.22581,86,12,6,10
5.29032,84,12,20,19,4
5.67742,72,12,21,11,22
3.93548,64,12,16,18
3.6129,74,12,16,7
5.22581,86,12,21,22,1,21
5.41935,80,12,3,13,11
5.67742,72,12,14,11,17
5.16129,88,12,16,5,7
7.6129,74,12,2,18,19,1
3.74194,70,12,6,21,12
7.48387,78,12,20,21,21,15,5
5.80645,68,12,6,4,2
4.58065,106,12,15,20,10
3.35484,82,12,17,11
3.93548,64,12,4,1
5.87097,66,12,21,21,17,5
5.74194,70,12,2,22,16
3.87097,66,12,20,9
7.09677,90,12,15,20,20,2,19
6.32258,114,12,15,18,10,20
9.6129,74,12,8,3,21,22,22,19
9.29032,84,12,18,7,15,20,20,4
3.93548,64,12,6,18
5.48387,78,12,11,20,3
5.80645,68,12,14,9,8
3.80645,68,12,10,19
6,62,12,13,15,14
5.03226,92,12,22,16,21
5.93548,64,12,2,15,8
5.6129,74,12,8,2,22
7.87097,66,12,8,14,11,5
5.22581,86,12,13,7,5
3.74194,70,12,6,8
5.41935,80,12,19,5,3
7.35484,82,12,21,4,14,6
3.41935,80,12,10,7
5.22581,86,12,18,2,17
6,62,12,21,3,7
3.54839,76,12,6,3
4.83871,98,12,20,4,10
3.41935,80,12,12,10,7
7.29032,84,12,7,15,7,8,4
5.41935,80,12,7,17,13
4.90323,96,12,3,7,17,3
6,62,12,3,13,20
6.77419,100,12,14,8,17,1
4.90323,96,12,18,6,5
5.87097,66,12,11,21,3
3.80645,68,12,1,17
5.6129,74,12,15,2,3
3.74194,70,12,10,8
7.35484,82,12,8,12,4,21,4,22
3.74194,70,12,6,2
4,62,12,17,18
7.35484,82,12,11,15,22,13
4.90323,96,12,3,17,1
7.29032,84,12,1,19,3,4
4.70968,102,12,21,16,2
5.67742,72,12,7,13,21
6,62,12,21,17,18
3.87097,66,12,1,6
5.48387,78,12,18,4,3
5.67742,72,12,11,11,12,21,16
3.35484,82,12,17,1
3.93548,64,12,7,5
6,62,12,19,3,16
3.48387,78,12,4,4,9
5.93548,64,12,8,7,2
6.3871,112,12,14,3,9,4
7.35484,82,12,21,17,15,1
3.54839,76,12,17,12,9
4.32258,114,12,1,2,10
2.90323,96,12,5,6
7.87097,66,12,20,2,4,22
5.22581,86,12,2,11,13
5.74194,70,12,7,19,17
7.03226,92,12,5,10,10,16,21
3.80645,68,12,1,17
3.41935,80,12,13,5
6.96774,94,12,8,7,21,10
7.35484,82,12,1,18,14,13
6,62,12,1,12,18,11
6,62,12,3,11,6
9.09678,90,12,3,11,1,8,22,22,1
3.80645,68,12,6,19
5.6129,74,12,3,5,3,16
5.6129,74,12,1,21,21,17
4,62,12,4,11
7.41935,80,12,22,21,8,16
5.67742,72,12,7,12,18,2
7.41935,80,12,8,8,19,9,14
3.80645,68,12,12,1,13
3.93548,64,12,12,17,10
4.96774,94,12,22,13,13,19
3.16129,88,12,9,20
3.67742,72,12,2,10
5.74194,70,12,20,4,3
5.48387,78,12,2,11,7
9.54839,76,12,14,8,18,16,1
6,62,12,4,18,15
5.29032,84,12,22,10,11
3.48387,78,12,6,11
5.74194,70,12,8,22,16
5.22581,86,12,22,3,4
5.6129,74,12,7,4,22
6.51613,108,12,15,2,20,9
4.3871,112,12,22,13,9
5.16129,88,12,3,17,4
7.6129,74,12,20,21,19,9
8,62,12,17,15,7,22
5.03226,92,12,2,11,17
5.87097,66,12,15,15,13,2
2.83871,98,12,10,2
2.58065,106,12,5,13
5.6129,74,12,15,2,15,21,12
2.77419,100,12,12,16,13
3.74194,70,12,16,14
7.29032,84,12,21,15,3,3,5
9.74194,70,12,15,14,18,18,7,19
4,62,12,17,21
5.67742,72,12,20,14,16
5.48387,78,12,12,13,18,17
5.67742,72,12,11,10,18
3.54839,76,12,17,2
5.93548,64,12,20,4,7
5.54839,76,12,20,8,10
4.83871,98,12,8,2,9
5.67742,72,12,12,15,3,2
5.80645,68,12,22,14,22,2
3.48387,78,12,5,3
5.54839,76,12,13,12,12,7,16
2.83871,98,12,10,2
7.87097,66,12,12,12,18,18,19,2,20
3.6129,74,12,9,7
7.29032,84,12,14,5,10,3
5.35484,82,12,21,6,9
5.93548,64,12,15,8,7
3.6129,74,12,5,18
5.93548,64,12,17,12,15,7
2.83871,98,12,5,2
4.96774,94,12,9,1,6
5.09677,90,12,1,5,21
3.93548,64,12,6,17
5.22581,86,12,18,6,1
3.87097,66,12,17,5
3.48387,78,12,17,13
2.96774,94,12,9,13
5.09677,90,12,13,8,6
3.54839,76,12,4,16
5.16129,88,12,10,12,13,7
7.67742,72,12,12,1,3,11,11,5
5.29032,84,12,20,6,18
3.22581,86,12,6,10
5.87097,66,12,19,5,1
6.90323,96,12,22,14,21,5
5.6129,74,12,10,5,18
2.83871,98,12,10,12,10,20
4.32258,114,12,18,13,10
5.54839,76,12,22,1,10
4.96774,94,12,18,6,10
3.6129,74,12,9,7
4.70968,102,12,11,10,4
2.96774,94,12,9,13
5.80645,68,12,11,9,9,3
4.77419,100,12,2,6,10
7.16129,88,12,21,2,14,10
7.16129,88,12,3,21,3,20,11
3.93548,64,12,11,17
7.09677,90,12,17,15,22,9
4.70968,102,12,12,20,12,9,6
7.41935,80,12,11,8,7,13
7.54839,76,12,8,3,13,13,21
5.22581,86,12,19,13,22
3.6129,74,12,5,18
7.48387,78,12,21,22,2,7
7.67742,72,12,8,14,19,13
5.87097,66,12,12,13,13,4,1
5.74194,70,12,2,6,13
5.22581,86,12,18,2,2,17
5.67742,72,12,21,1,22
5.67742,72,12,20,8,22
7.87097,66,12,19,1,8,7
5.16129,88,12,22,22,4,17
6,62,12,19,15,10
6.64516,104,12,14,4,6,10
3.41935,80,12,13,5
7.87097,66,12,2,8,3,14
4.58065,106,12,20,20,6,10
2.64516,104,12,5,4
5.6129,74,12,10,16,18
7.87097,66,12,18,5,9,1
3.41935,80,12,10,7
6.90323,96,12,21,15,21,4,9
7.09677,90,12,11,9,9,16,2
7.48387,78,12,3,20,2,1
5.41935,80,12,22,8,5
5.67742,72,12,4,8,21
3.93548,64,12,16,8
3.87097,66,12,2,9
4,62,12,17,21
6.90323,96,12,14,19,20,17
7.48387,78,12,1,8,8,18,15,12
7.74194,70,12,22,16,9,1
4.96774,94,12,8,9,20
7.67742,72,12,12,8,19,12,18,7
6.58065,106,12,5,5,10,9,4
7.09677,90,12,1,9,16,2
5.67742,72,12,21,11,20
5.03226,92,12,7,9,22
5.67742,72,12,8,9,15
4,62,12,17,18
4.96774,94,12,2,17,13
5.87097,66,12,2,6,2,4
5.48387,78,12,15,3,9
7.54839,76,12,18,19,16,15
5.41935,80,12,22,2,15
7.16129,88,12,13,14,15,1
5.74194,70,12,4,7,2
5.80645,68,12,2,6,22
5.87097,66,12,22,15,12,21
4.25806,116,12,8,13,16
4.51613,108,12,5,10,5,13
5.41935,80,12,21,9,8
3.54839,76,12,10,22
7.87097,66,12,7,3,8,14
5.35484,82,12,13,17,21
3.74194,70,12,16,14
5.48387,78,12,15,3,22
5.09677,90,12,22,2,17
5.16129,88,12,21,12,6,12,17
5.87097,66,12,4,4,3,1
7.54839,76,12,3,11,15,2
7.87097,66,12,14,15,1,9
2.96774,94,12,9,13
4.83871,98,12,22,22,20,17
8,62,12,18,11,3,1
5.16129,88,12,1,2,8
3.22581,86,12,6,10
5.74194,70,12,8,7,11
3.6129,74,12,6,12,9
4.96774,94,12,22,13,11
7.16129,88,12,14,15,13,3
4.90323,96,12,7,1,6
5.41935,80,12,18,13,7
3.93548,64,12,12,7,5
5.87097,66,12,13,11,3
5.6129,74,12,22,20,21
3.03226,92,12,16,5,12
5.29032,84,12,22,8,6
4.96774,94,12,8,13,19
3.74194,70,12,6,8
7.29032,84,12,21,1,21,1,3,9
4.25806,116,12,15,15,10,13
3.74194,70,12,16,3
10,62,12,21,7,15,22,16
5.09677,90,12,14,9,6
3.67742,72,12,2,10
5.87097,66,12,14,6,17
3.22581,86,12,9,6
3.6129,74,12,9,7
3.93548,64,12,9,8
4.77419,100,12,22,1,4
5.22581,86,12,20,11,13
3.87097,66,12,17,16
5.67742,72,12,8,15,5
5.54839,76,12,22,3,18
2.77419,100,12,5,20
3.93548,64,12,16,18
4,62,12,4,11
5.29032,84,12,4,22,5
5.87097,66,12,11,4,13
4.96774,94,12,3,4,16
3.74194,70,12,16,14
7.6129,74,12,8,1,18,16
5.80645,68,12,19,4,6
5.54839,76,12,12,15,9,8
6.90323,96,12,18,12,13,2,9
3.93548,64,12,5,1
3.48387,78,12,5,3
7.41935,80,12,21,7,21,7,4,3
5.48387,78,12,21,18,11,21
2.83871,98,12,10,2
5.09677,90,12,6,15,6,2
3.35484,82,12,17,11
7.54839,76,12,11,3,3,3,18,3,15
5.93548,64,12,2,20,6
7.80645,68,12,20,18,14,18,8
4.83871,98,12,2,17,11
7.09677,90,12,2,13,6,1
6.96774,94,12,8,11,2,1
7.22581,86,12,8,21,3,8,9
3.87097,66,12,1,6
5.48387,78,12,19,4,22
4.70968,102,12,18,4,16
7.80645,68,12,18,21,6,7
7.22581,86,12,18,22,20,7
6.90323,96,12,18,12,21,6,16
3.87097,66,12,12,2,9
3.74194,70,12,10,8
7.16129,88,12,19,19,21,2,17
5.93548,64,12,13,8,19
7.48387,78,12,15,22,11,16
3.80645,68,12,16,17
2.77419,100,12,10,4
3.48387,78,12,16,21
5.16129,88,12,13,19,2
4.83871,98,12,6,12,7,10
5.16129,88,12,13,19,2
4.83871,98,12,11,13,17
3.09677,90,12,16,2
3.03226,92,12,12,10,6
4,62,12,17,18
3.6129,74,12,13,9
5.29032,84,12,21,21,9,14
7.80645,68,12,7,19,21,15
7.87097,66,12,14,11,1,2
6.77419,100,12,3,11,5,20
5.54839,76,12,1,10,3
5.74194,70,12,14,21,1,12
5.16129,88,12,20,11,11,4
5.80645,68,12,14,2,11
5.22581,86,12,8,6,2
3.54839,76,12,21,17,12
3.6129,74,12,5,18
6,62,12,6,13,4
6.90323,96,12,6,15,22,5
4,62,12,16,19
7.67742,72,12,3,21,19,18,12
9.22581,86,12,18,19,1,10,17
5.35484,82,12,15,20,8
8.70968,102,12,20,2,11,1,6
3.6129,74,12,17,4
4.77419,100,12,9,11,17
4.70968,102,12,21,11,12,10
6.90323,96,12,14,16,5,21
5.54839,76,12,20,13,17
5.93548,64,12,14,16,19
3.48387,78,12,13,16
3.41935,80,12,17,20
3.54839,76,12,10,14
5.6129,74,12,19,21,9
7.74194,70,12,19,7,18,11
3.35484,82,12,17,1
5.80645,68,12,22,12,15,8
7.29032,84,12,21,21,13,2,17
7.54839,76,12,11,18,19,9
3.09677,90,12,16,2
6,62,12,19,13,4
5.67742,72,12,2,15,4
5.41935,80,12,18,21,2,18
3.54839,76,12,17,2
7.54839,76,12,13,21,18,11
3.74194,70,12,6,8
7.74194,70,12,14,21,20,11
5.6129,74,12,11,9,9,7
3.6129,74,12,16,7
3.03226,92,12,10,6
5.03226,92,12,6,13,18
2.83871,98,12,5,5,2
3.87097,66,12,9,15
3.41935,80,12,10,7
5.35484,82,12,13,12,15,14,13
7.80645,68,12,3,8,11,6
7.67742,72,12,13,14,21,8
7.80645,68,12,8,18,18,8,3,12,8,15
3.41935,80,12,17,3
5.80645,68,12,22,4,21
5.16129,88,12,5,10,21
3.87097,66,12,20,16
5.87097,66,12,1,14,2
3.54839,76,12,17,2
5.93548,64,12,3,5,1
9.09677,90,12,3,14,20,2,18
7.35484,82,12,13,21,19,5
9.54839,76,12,19,18,19,7,14,22
6.96774,94,12,14,3,5,15
5.48387,78,12,14,20,6
3.54839,76,12,17,2
3.74194,70,12,6,2
7.09677,90,12,14,19,17,3
3.93548,64,12,6,17
5.35484,82,12,13,7,13,13,18
4,62,12,22,12,6
4,62,12,4,11
3.80645,68,12,10,19
5.80645,68,12,12,14,2,19
5.80645,68,12,11,1,17
5.22581,86,12,5,12,14,13
3.41935,80,12,5,14
7.74194,70,12,8,8,19,17,15
3.93548,64,12,4,4,1
3.54839,76,12,10,3
4.70968,102,12,13,17,1
5.41935,80,12,2,8,6
4.70968,102,12,8,6,10
5.48387,78,12,22,6,8
5.80645,68,12,14,17,19
5.54839,76,12,18,5,8
9.22581,86,12,20,12,21,8,1,7
7.54839,76,12,8,8,14,18,8,2
3.87097,66,12,2,9
5.67742,72,12,1,14,16
6,62,12,8,13,4
3.54839,76,12,22,17,12
5.80645,68,12,3,17,15
5.6129,74,12,12,19,21,9
5.54839,76,12,18,22,4,12
5.09677,90,12,20,6,8
3.6129,74,12,10,15
5.93548,64,12,3,5,1
2.77419,100,12,5,20
5.6129,74,12,13,19,7
4.70968,102,12,2,6,5
3.6129,74,12,12,5,18
5.48387,78,12,19,2,19,17
3.87097,66,12,17,17,14
5.41935,80,12,8,14,12,10
5.80645,68,12,19,15,19,13
5.80645,68,12,14,11,15,14
5.87097,66,12,11,4,4,13
5.03226,92,12,4,12,6,2
7.22581,86,12,20,8,14,9
5.48387,78,12,21,13,1
7.29032,84,12,12,21,8,22,13
7.48387,78,12,12,11,3,22,6
7.54839,76,12,8,14,7,19,12
5.48387,78,12,14,12,10,11
3.35484,82,12,17,11
9.48387,78,12,18,3,14,8,15
5.74194,70,12,11,20,21
2.96774,94,12,9,13
2.83871,98,12,10,10,2
3.09677,90,12,5,21
5.16129,88,12,1,11,7,1
5.67742,72,12,20,14,13
3.80645,68,12,10,19
3.6129,74,12,9,7
4.70968,102,12,19,5,20
7.87097,66,12,12,12,14,21,1,5
5.09677,90,12,3,17,2
5.41935,80,12,13,6,1
5.6129,74,12,21,12,22,22,10
5.16129,88,12,22,3,13
3.87097,66,12,17,5
4,62,12,4,11
3.67742,72,12,5,17
3.67742,72,12,5,17
7.48387,78,12,8,3,3,16,16,18
3.80645,68,12,12,17,9
4.3871,112,12,19,13,9
5.87097,66,12,19,6,6,4
4.3871,112,12,1,2,5
9.35484,82,12,11,11,8,1,3,7
3.54839,76,12,6,20
5.54839,76,12,15,6,2
3.41935,80,12,10,7
3.93548,64,12,6,18
3.48387,78,12,9,21
3.80645,68,12,16,22
3.80645,68,12,16,15
7.09677,90,12,21,6,7,5
5.22581,86,12,18,10,21
3.16129,88,12,9,2
7.87097,66,12,11,1,2,20
4.70968,102,12,21,9,6
3.41935,80,12,5,14
5.48387,78,12,20,8,2
6.83871,98,12,9,1,11,6
7.09677,90,12,8,2,13,14
3.74194,70,12,12,6,8
5.48387,78,12,1,5,3
3.29032,84,12,1,10,12
4.77419,100,12,3,6,10
5.67742,72,12,21,20,6
3.87097,66,12,17,5
2.83871,98,12,10,20
8,62,12,7,21,22,17
5.22581,86,12,8,11,12,17
5.93548,64,12,18,1,21
3.48387,78,12,6,11
5.41935,80,12,4,4,8,22
5.67742,72,12,4,3,21
7.80645,68,12,19,21,3,14
4.58065,106,12,12,15,9,4
3.87097,66,12,17,16
8.77419,100,12,14,18,14,7,20,6
5.87097,66,12,21,19,12,8
5.41935,80,12,10,5,14
6.90323,96,12,19,12,21,11,13
5.03226,92,12,18,6,9
5.67742,72,12,7,4,20
3.41935,80,12,5,14
3.67742,72,12,2,10
3.54839,76,12,12,12,17,2
5.54839,76,12,14,5,19
3.6129,74,12,12,15,1,12
7.6129,74,12,3,15,3,14,2
4.70968,102,12,20,12,16,6
5.67742,72,12,14,13,22
6,62,12,12,1,8,10
3.93548,64,12,2,18,18,12
2.83871,98,12,5,2
5.93548,64,12,14,12,11,2
5.80645,68,12,22,1,8
5.74194,70,12,7,11,14
5.09677,90,12,5,16,21
5.22581,86,12,13,11,7
4.77419,100,12,15,9,2
7.09677,90,12,8,12,4,6,2
5.16129,88,12,4,8,20
2.90323,96,12,5,6
3.93548,64,12,6,17
3.48387,78,12,14,17,12
7.16129,88,12,11,1,11,5,7
5.03226,92,12,16,9,2
3.29032,84,12,6,9
3.48387,78,12,5,15
5.03226,92,12,8,13,18
5.67742,72,12,3,13,22
7.35484,82,12,14,12,21,14,1,7
7.29032,84,12,13,2,7,11
7.22581,86,12,7,22,16,3
3.93548,64,12,16,18
5.35484,82,12,13,15,10
6,62,12,21,2,18
7.35484,82,12,14,8,21,5
7.6129,74,12,12,8,14,22,11
4.96774,94,12,12,14,20,5
3.87097,66,12,2,16
5.6129,74,12,12,13,3,2
5.93548,64,12,22,15,5
5.09677,90,12,15,4,11
5.35484,82,12,4,22,10
5.22581,86,12,10,1,21
5.22581,86,12,15,5,18
5.80645,68,12,19,3,21,19
8,62,12,18,3,11,19
3.16129,88,12,6,5
6.96774,94,12,19,18,18,19,6,8
3.74194,70,12,2,5
7.48387,78,12,13,7,15,9
3.48387,78,12,3,9,12
4.96774,94,12,11,4,4,19
3.87097,66,12,5,12,15
4.96774,94,12,13,17,8
3.35484,82,12,1,16,12
5.74194,70,12,14,20,18
2.77419,100,12,16,13
3.22581,86,12,12,6,10
7.6129,74,12,8,8,12,21,2,22
7.16129,88,12,15,6,4,3
3.80645,68,12,5,11
6.70968,102,12,22,18,11,6
4.77419,100,12,1,10,4
5.74194,70,12,15,16,11
5.93548,64,12,3,15,9
5.48387,78,12,3,5,15
7.16129,88,12,21,14,9,7
5.93548,64,12,3,15,4
2.77419,100,12,5,20
5.54839,76,12,15,4,14
9.93548,64,12,14,21,7,15,2
8.64516,104,12,3,14,1,9,6
5.35484,82,12,15,6,3
7.09677,90,12,12,2,19,14,10
3.87097,66,12,9,15
6,62,12,13,14,7
5.09677,90,12,22,3,10
5.74194,70,12,22,18,4
4.58065,106,12,5,9,13
5.80645,68,12,19,1,2
8,62,12,21,19,11,14
3.03226,92,12,10,6
2.83871,98,12,10,2
5.29032,84,12,18,17,1
7.87097,66,12,12,19,8,20,2
5.74194,70,12,15,12,2,11
5.22581,86,12,1,22,13
5.41935,80,12,15,17,3
5.35484,82,12,6,22,16
5.35484,82,12,22,4,3
3.41935,80,12,13,10
5.6129,74,12,21,1,2
5.80645,68,12,7,18,2
5.54839,76,12,8,22,10
5.16129,88,12,11,9,20
