5.29032,84,17,10,19,2
5.87097,66,17,15,7,12,15
3.93548,64,17,6,17,4
3.29032,84,17,11,4
8.96774,94,17,22,15,18,6,1
5.22581,86,17,9,14,14,6
3.80645,68,17,16,12
6,62,17,14,18,10
3.74194,70,17,2,11
3.80645,68,17,20,14
5.09677,90,17,12,12,11,11,20
3.6129,74,17,20,11
3.41935,80,17,12,10
5.6129,74,17,14,14,22,20
8,62,17,22,19,5,9
3.87097,66,17,8,2
3.54839,76,17,12,9
3.41935,80,17,1,20
7.80645,68,17,22,7,2,15
4.77419,100,17,20,21,9
4,62,17,8,9
3.41935,80,17,1,20
5.54839,76,17,16,11,15
5.67742,72,17,16,22,19
5.29032,84,17,21,6,3
3.67742,72,17,2,6
2.70968,102,17,4,20,17
4,62,17,6,8
4.90323,96,17,21,6,21,4,17
5.48387,78,17,13,2,22
3.29032,84,17,5,20
5.54839,76,17,7,20,11
3.48387,78,17,4,1
3.29032,84,17,13,1
5.87097,66,17,6,14,15
4.96774,94,17,4,12,6
3.67742,72,17,11,15
5.41935,80,17,17,13,13,21,6
3.87097,66,17,11,18
3.67742,72,17,1,15
7.93548,64,17,15,22,3,19
3.74194,70,17,2,18
3.93548,64,17,4,4,15
5.29032,84,17,3,11,2
3.74194,70,17,21,5
3.6129,74,17,12,6
3.6129,74,17,11,7
3.6129,74,17,1,7
5.87097,66,17,14,18,2
3.41935,80,17,9,9,9,18,17
5.03226,92,17,3,12,16
7.29032,84,17,17,14,22,19,9
3.6129,74,17,20,8
4.51613,108,17,7,9,4
7.41935,80,17,15,12,19,9
5.54839,76,17,18,12,6
5.09677,90,17,21,2,9
3.16129,88,17,5,4
4,62,17,12,1
5.48387,78,17,14,14,13,21
5.67742,72,17,7,14,3,7
5.74194,70,17,18,10,18,10,1
3.80645,68,17,20,3
5.54839,76,17,21,7,5
6.77419,100,17,15,19,5,5,12
4.83871,98,17,16,5,13
3.74194,70,17,8,6
5.35484,82,17,17,17,14,2,8
5.22581,86,17,8,7,13
3.87097,66,17,3,17,18
3.74194,70,17,1,21
3.6129,74,17,6,16
4,62,17,3,18
5.80645,68,17,19,15,1
4.90323,96,17,4,12,9
3.22581,86,17,11,6
3.87097,66,17,8,5
5.54839,76,17,18,1,7
3.74194,70,17,6,11
5.74194,70,17,16,16,10,3
7.6129,74,17,22,18,22,14,10
3.93548,64,17,2,22
3.6129,74,17,20,11
3.6129,74,17,6,16
3.93548,64,17,5,22
4,62,17,2,14
5.03226,92,17,4,6,3
5.80645,68,17,15,16,8
3.54839,76,17,3,10
3.67742,72,17,2,1
5.48387,78,17,7,17,3,21
5.54839,76,17,10,18,1
3.16129,88,17,14,9,17
5.93548,64,17,16,18,22
2.90323,96,17,13,9
3.35484,82,17,5,2
3.48387,78,17,16,2
5.03226,92,17,17,5,8,4
3.87097,66,17,21,21,10
7.74194,70,17,22,17,7,12,19
6,62,17,6,21,22
5.48387,78,17,7,1,22
5.54839,76,17,12,20,12,4
3.29032,84,17,5,19,17
9.03226,92,17,17,10,5,11,1,20
4,62,17,12,1
5.41935,80,17,5,10,6
5.54839,76,17,17,13,6,4
5.87097,66,17,6,14,15
3.74194,70,17,2,19
7.22581,86,17,22,21,1,2
3.87097,66,17,11,18
5.87097,66,17,6,14,12
4.51613,108,17,14,2,10
4.77419,100,17,15,20,10
4.51613,108,17,7,9,13
5.35484,82,17,12,3,10
3.35484,82,17,20,6
7.6129,74,17,7,1,11,5
4.96774,94,17,19,2,1
7.54839,76,17,14,21,8,16
5.80645,68,17,4,21,8
2.77419,100,17,13,16
5.80645,68,17,3,11,14
4.58065,106,17,18,9,4
5.67742,72,17,4,7,18
5.6129,74,17,20,12,2
3.35484,82,17,3,6
5.6129,74,17,6,22,16
4.90323,96,17,7,16,6
4,62,17,12,7
5.93548,64,17,8,1,16
3.54839,76,17,10,6
5.03226,92,17,11,19,6
5.74194,70,17,14,17,15,3
6.70968,102,17,18,21,6,1
3.67742,72,17,15,8,17
5.09677,90,17,9,15,10
3.93548,64,17,12,22
7.29032,84,17,18,7,12,1
5.22581,86,17,5,5,8,10
6,62,17,8,3,21
3.48387,78,17,1,2
5.16129,88,17,9,18,20
7.03226,92,17,15,15,19,9,21
5.80645,68,17,2,21,12
5.74194,70,17,19,11,21
2.96774,94,17,4,10
5.6129,74,17,21,3,9
3.54839,76,17,4,11
3.29032,84,17,17,13,1
7.54839,76,17,21,22,6,13
7.22581,86,17,7,21,13,19
5.93548,64,17,17,21,12,21,1
5.87097,66,17,18,11,16
4.96774,94,17,8,21,10
7.93548,64,17,22,19,11,11,12
3.80645,68,17,16,12
5.09677,90,17,6,17,16,7
3.41935,80,17,4,6,17
5.41935,80,17,2,13,14
5.03226,92,17,16,10,20
3.48387,78,17,3,17,4
6.32258,114,17,15,19,2,5
5.67742,72,17,3,19,21
6.96774,94,17,19,3,11,6
3.67742,72,17,3,9
3.22581,86,17,1,4
3.93548,64,17,14,5
5.6129,74,17,22,12,6
4,62,17,9,22
4.77419,100,17,19,5,12
3.03226,92,17,2,5
5.16129,88,17,2,13,19
2.96774,94,17,2,10
5.48387,78,17,4,21,1
3.16129,88,17,16,13
3.74194,70,17,6,1
3.6129,74,17,11,7
5.80645,68,17,5,11,19
3.74194,70,17,6,1
6,62,17,7,11,19
3.67742,72,17,6,17,11
5.6129,74,17,18,3,9
5.22581,86,17,20,21,1
6,62,17,16,8,1
4,62,17,4,14
5.48387,78,17,18,12,9
5.09677,90,17,19,21,5
5.41935,80,17,6,22,10
5.16129,88,17,8,7,11
5.93548,64,17,7,5,16
5.41935,80,17,3,1,12
3.48387,78,17,13,8
3.03226,92,17,4,9
5.54839,76,17,18,12,6
5.41935,80,17,10,17,18,5
4,62,17,2,3
3.87097,66,17,8,5
5.35484,82,17,15,15,12,5
3.74194,70,17,3,7
5.74194,70,17,7,11,10
3.16129,88,17,10,13
4.77419,100,17,13,6,20
3.35484,82,17,10,20
3.48387,78,17,8,17,3
5.35484,82,17,21,13,19
5.93548,64,17,21,2,3
5.93548,64,17,22,8,10
5.29032,84,17,10,16,20
3.74194,70,17,2,19
4,62,17,9,22
5.54839,76,17,15,20,11
6,62,17,12,11,1
6,62,17,8,21,15
5.35484,82,17,12,18,6
3.93548,64,17,11,16
3.74194,70,17,20,7
3.22581,86,17,15,20,17
4.96774,94,17,14,6,3
5.54839,76,17,6,19,1
3.67742,72,17,13,3
4.77419,100,17,13,6,6,20
3.41935,80,17,6,5
3.87097,66,17,8,5
4.77419,100,17,15,2,10
7.67742,72,17,16,19,14,7
5.80645,68,17,15,16,18
9.80645,68,17,15,22,18,18,21,3
5.67742,72,17,8,8,18,18,11
4,62,17,3,21
5.74194,70,17,19,8,4
7.16129,88,17,7,22,5,22,11
3.48387,78,17,16,2
5.54839,76,17,4,2,14
3.6129,74,17,11,7
3.54839,76,17,12,9
2.70968,102,17,13,10
5.35484,82,17,17,19,12,6
7.41935,80,17,16,5,1,12
3.67742,72,17,13,3
7.16129,88,17,17,7,22,13,8
7.48387,78,17,18,19,19,3,4
5.48387,78,17,4,2,22
5.6129,74,17,9,8,12
3.80645,68,17,3,20
4,62,17,21,16
5.87097,66,17,5,8,14
5.09677,90,17,22,4,2,4,17
5.09677,90,17,21,6,16
5.93548,64,17,2,21,15
4,62,17,2,7
3.22581,86,17,1,6
3.35484,82,17,16,4
5.67742,72,17,15,3,16
3.48387,78,17,12,16
3.48387,78,17,13,19
7.41935,80,17,7,6,15,9
5.80645,68,17,19,12,4
3.80645,68,17,4,18
8,62,17,21,14,12,8
3.41935,80,17,5,6
4.96774,94,17,9,14,10
5.41935,80,17,19,16,3
4.96774,94,17,7,20,9
3.16129,88,17,16,8,17
5.16129,88,17,17,17,11,8,6
5.74194,70,17,21,1,1,21,3
5.29032,84,17,12,13,7
3.6129,74,17,11,7
7.41935,80,17,18,15,20,13
5.03226,92,17,16,10,20
7.48387,78,17,18,18,14,22,11
5.03226,92,17,16,10,20
3.6129,74,17,6,6,16
3.41935,80,17,7,10,17
3.6129,74,17,20,11
5.29032,84,17,16,3,20
4,62,17,12,1
4.90323,96,17,14,6,11
7.54839,76,17,18,19,7,2
3.03226,92,17,20,20,16
3.80645,68,17,17,10,21
5.35484,82,17,21,11,20
3.67742,72,17,9,17,20
3.6129,74,17,2,17,8
3.87097,66,17,9,7
4.96774,94,17,22,16,16,4
7.35484,82,17,7,21,7,11,10
5.54839,76,17,13,2,3
3.67742,72,17,5,12
3.16129,88,17,17,16,13
3.93548,64,17,10,17,2
5.09677,90,17,15,10,21
5.80645,68,17,22,12,22,20
9.6129,74,17,21,18,22,7,19
3.35484,82,17,20,6
4,62,17,16,7
7.09677,90,17,19,14,3,6
3.87097,66,17,16,21
4,62,17,19,4
3.74194,70,17,21,5
5.29032,84,17,8,17,22,17,4
7.03226,92,17,18,16,5,22
5.16129,88,17,14,4,19
5.16129,88,17,18,2,19
3.41935,80,17,6,5
2.70968,102,17,4,20,17
7.48387,78,17,16,11,1,21
3.87097,66,17,19,13
5.87097,66,17,18,4,18,19
3.35484,82,17,3,6
5.6129,74,17,10,1,7
5.16129,88,17,16,5,6
3.74194,70,17,20,15
3.6129,74,17,20,18
3.80645,68,17,4,18
3.74194,70,17,4,19
5.16129,88,17,18,2,19
5.09677,90,17,9,3,4
5.41935,80,17,16,22,8
3.6129,74,17,8,13
5.67742,72,17,14,3,22
3.29032,84,17,11,4
3.29032,84,17,10,4
3.41935,80,17,9,2
7.16129,88,17,10,1,3,4
7.54839,76,17,15,21,19,20
5.35484,82,17,13,12,1
7.67742,72,17,14,18,12,15
5.41935,80,17,19,6,15
5.16129,88,17,12,8,8,20
3.6129,74,17,16,6
5.54839,76,17,1,8,7
5.80645,68,17,12,21,4
4,62,17,21,16
9.93548,64,17,22,17,14,8,3,11
4,62,17,3,3,18
8,62,17,15,18,11,19
5.93548,64,17,16,1,10
3.93548,64,17,6,12
5.67742,72,17,5,19,11
6,62,17,7,12,15
7.09677,90,17,10,9,10,18,2
5.29032,84,17,15,5,3
5.80645,68,17,19,11,10
5.29032,84,17,17,17,4,2,18
7.67742,72,17,19,18,21,20
3.41935,80,17,5,6
7.41935,80,17,18,8,1,22
3.54839,76,17,11,2
7.03226,92,17,21,7,8,4
7.35484,82,17,9,11,1,11,7
6,62,17,15,6,14
5.80645,68,17,11,14,19
3.67742,72,17,8,22,17
3.54839,76,17,20,19
3.80645,68,17,9,12
5.6129,74,17,14,15,5
5.93548,64,17,14,7,8
3.93548,64,17,2,22
3.80645,68,17,20,14
3.48387,78,17,4,1
5.48387,78,17,17,11,3,2
3.6129,74,17,11,7
5.67742,72,17,14,15,10
4.83871,98,17,20,21,16
7.03226,92,17,21,19,22,5
3.6129,74,17,6,16
3.87097,66,17,2,15
5.35484,82,17,6,15,5
3.93548,64,17,6,12
3.6129,74,17,3,13
4.58065,106,17,18,2,9
5.87097,66,17,4,21,12
5.22581,86,17,15,21,13,17
5.6129,74,17,7,21,5
5.67742,72,17,17,18,6,21
5.74194,70,17,14,22,2
3.87097,66,17,17,8,5
3.41935,80,17,9,20
3.41935,80,17,20,17,12
5.22581,86,17,17,8,7,3
4.51613,108,17,14,4,16
5.87097,66,17,17,21,18,21,1
5.74194,70,17,21,19,22,21
7.54839,76,17,8,1,11,21
6,62,17,14,1,19
3.03226,92,17,4,9
3.22581,86,17,9,13
7.48387,78,17,22,3,8,5
5.6129,74,17,14,19,13
4.45161,110,17,6,17,10,20
3.48387,78,17,12,16
5.87097,66,17,16,11,9
4.96774,94,17,18,10,12
3.6129,74,17,17,16,6
5.6129,74,17,3,1,14
3.6129,74,17,20,11
4,62,17,6,8
3.54839,76,17,1,22
7.93548,64,17,7,7,22,19,5
5.29032,84,17,1,8,2
3.80645,68,17,4,18
5.80645,68,17,10,11,9
3.48387,78,17,20,1
3.67742,72,17,3,4
3.80645,68,17,1,12
5.74194,70,17,22,9,8
5.6129,74,17,7,3,4
3.74194,70,17,8,6
4.90323,96,17,18,4,11
5.41935,80,17,12,3,13
7.74194,70,17,11,8,3,12
6.25806,116,17,15,13,2,10
3.48387,78,17,4,1
3.54839,76,17,13,18
3.35484,82,17,11,13
3.16129,88,17,2,16
3.74194,70,17,2,18
3.41935,80,17,17,9,2
3.74194,70,17,2,11
5.35484,82,17,21,13,19
3.74194,70,17,20,15
6,62,17,17,19,10,10,10,19,14
9.54839,76,17,15,14,18,12,22
3.74194,70,17,2,19
3.67742,72,17,19,17,1
3.29032,84,17,11,4
6,62,17,15,11,9
5.93548,64,17,15,6,18
3.74194,70,17,4,19
6,62,17,12,3,14
3.87097,66,17,20,17,18
2.90323,96,17,13,12,17
3.41935,80,17,17,17,5,6
7.87097,66,17,10,16,5,16,18
5.22581,86,17,19,2,19,10
5.93548,64,17,3,12,14
5.48387,78,17,18,11,22
5.16129,88,17,1,8,6
3.16129,88,17,14,9,17
5.48387,78,17,9,16,6
2.96774,94,17,2,10
5.67742,72,17,15,9,15,1
5.48387,78,17,8,22,6
9.74194,70,17,7,15,15,15,22,19,22,21,19
5.41935,80,17,13,4,8
3.74194,70,17,20,15
4.58065,106,17,20,21,5
7.29032,84,17,18,15,2,14
5.29032,84,17,20,12,22
3.54839,76,17,11,22
4,62,17,3,3,18
7.29032,84,17,7,6,22,10
7.03226,92,17,18,21,13,15
3.48387,78,17,6,10
4.77419,100,17,7,4,5
3.54839,76,17,6,9
4.51613,108,17,18,5,2
4.83871,98,17,22,4,5
3.54839,76,17,20,19
3.6129,74,17,3,13
4.96774,94,17,8,21,10
5.74194,70,17,7,20,3
3.09677,90,17,13,2,17
3.80645,68,17,17,13,17,17,14
3.41935,80,17,9,20
4.90323,96,17,19,10,12
5.74194,70,17,17,14,6,7
5.09677,90,17,10,22,20
7.35484,82,17,10,5,18,16
3.54839,76,17,11,20
8,62,17,7,7,6,22,18
7.87097,66,17,18,17,18,1,8,11
5.48387,78,17,17,13,20,21
2.83871,98,17,20,10
3.93548,64,17,10,17,2
5.74194,70,17,21,22,1
3.54839,76,17,12,9
3.54839,76,17,11,22
5.6129,74,17,21,3,9
3.03226,92,17,20,9
5.67742,72,17,8,12,19
4.45161,110,17,19,6,10
3.74194,70,17,13,22
3.93548,64,17,10,7
5.03226,92,17,22,9,6
5.6129,74,17,19,18,13
4.32258,114,17,1,9,13
7.74194,70,17,7,7,22,20,13
5.29032,84,17,5,18,9
5.29032,84,17,7,5,19
5.87097,66,17,19,14,16
5.48387,78,17,19,6,22
3.41935,80,17,9,2
7.35484,82,17,7,18,3,5
5.03226,92,17,13,6,19
5.22581,86,17,17,10,9,13
5.16129,88,17,16,14,13
3.93548,64,17,5,22
4,62,17,17,9,22
3.87097,66,17,17,6,17,12
3.74194,70,17,4,19
3.74194,70,17,3,7
7.54839,76,17,19,15,14,2
5.80645,68,17,17,22,8,20
5.74194,70,17,19,22,2
7.6129,74,17,15,4,21,22
5.16129,88,17,16,19,13
4,62,17,8,9
5.54839,76,17,12,12,13,20
6,62,17,15,1,14
3.35484,82,17,11,13
5.29032,84,17,4,2,19
3.29032,84,17,5,20
5.48387,78,17,15,16,7
5.80645,68,17,21,1,10
3.54839,76,17,10,6
2.77419,100,17,13,16
5.29032,84,17,16,3,20
5.09677,90,17,3,19,20
8.77419,100,17,14,19,8,21,9
4,62,17,20,13
7.6129,74,17,18,18,5,9,1
4,62,17,12,17,18
4.64516,104,17,4,6,5
3.54839,76,17,13,18
5.54839,76,17,6,22,3
3.87097,66,17,19,13
4.64516,104,17,22,10,4
5.35484,82,17,16,3,2
3.67742,72,17,2,2,1
3.67742,72,17,2,1
6,62,17,10,16,22
4.83871,98,17,17,9,5,13
3.87097,66,17,3,2
5.22581,86,17,19,21,10
5.67742,72,17,17,13,21,7
5.35484,82,17,18,9,22
4,62,17,17,17,1,16
6,62,17,19,19,5,9
9.74194,70,17,15,22,6,21,7
3.80645,68,17,8,20
3.74194,70,17,11,21
3.93548,64,17,2,22
5.67742,72,17,4,7,18
3.03226,92,17,20,16
5.54839,76,17,12,14,20
3.93548,64,17,5,22
5.09677,90,17,4,7,1
5.54839,76,17,4,12,13
5.80645,68,17,18,6,4
5.29032,84,17,12,4,7
3.29032,84,17,3,14,17
5.80645,68,17,2,13,12
3.74194,70,17,6,1
6,62,17,18,8,16
3.16129,88,17,8,16,17
3.16129,88,17,10,1,17
4.96774,94,17,15,9,20
3.09677,90,17,17,5,13
4.45161,110,17,19,5,2
5.80645,68,17,21,17,9,1
4,62,17,5,3
3.6129,74,17,22,9,17
4.45161,110,17,13,6,10
3.74194,70,17,13,22
5.16129,88,17,14,14,19,16,14
4.32258,114,17,12,4,16
4,62,17,3,18
3.6129,74,17,6,16
3.80645,68,17,11,10
5.16129,88,17,17,21,13,1
3.80645,68,17,6,3
7.41935,80,17,9,10,16,21
3.93548,64,17,4,15
3.54839,76,17,17,4,11
5.16129,88,17,4,20,15
3.93548,64,17,2,22
3.6129,74,17,20,18
5.09677,90,17,8,16,14
3.80645,68,17,20,20,14
3.74194,70,17,20,17,14
7.93548,64,17,21,2,20,12
2.96774,94,17,2,10
4,62,17,9,22
5.54839,76,17,12,13,6
5.67742,72,17,8,7,14
5.41935,80,17,9,5,12
2.96774,94,17,4,10
3.48387,78,17,13,8
4,62,17,6,8
3.16129,88,17,2,16
4.77419,100,17,12,13,1
5.48387,78,17,18,4,12
3.87097,66,17,17,19,13
5.87097,66,17,5,19,18
3.54839,76,17,11,22
5.80645,68,17,14,15,4
3.6129,74,17,20,11
3.80645,68,17,20,3
3.67742,72,17,20,22
3.80645,68,17,11,10
4,62,17,19,20
3.93548,64,17,11,11,16
4,62,17,19,20
3.93548,64,17,12,22
7.03226,92,17,21,7,6,20
5.67742,72,17,22,15,16,17
2.90323,96,17,13,9
3.74194,70,17,13,22
5.87097,66,17,16,14,19
5.41935,80,17,12,18,9
7.74194,70,17,14,1,3,11
3.74194,70,17,13,14
5.54839,76,17,10,18,1
5.16129,88,17,6,18,2
5.74194,70,17,2,21,19
5.87097,66,17,22,21,9
7.87097,66,17,18,15,22,20
3.03226,92,17,20,16
5.54839,76,17,6,22,13
3.80645,68,17,9,17,2
3.74194,70,17,1,21
4.77419,100,17,13,6,3
5.67742,72,17,14,9,1
5.29032,84,17,19,21,18,18,17
2.77419,100,17,13,16
4,62,17,5,15
3.6129,74,17,3,13
3.22581,86,17,1,6
2.70968,102,17,13,5
3.54839,76,17,10,6
3.93548,64,17,4,15
3.67742,72,17,19,17,1
7.22581,86,17,15,2,12,22
6,62,17,18,1,19
2.70968,102,17,13,10
5.6129,74,17,3,19,19,12
3.48387,78,17,13,19
3.93548,64,17,5,14
3.80645,68,17,5,7
5.87097,66,17,8,18,12
5.16129,88,17,1,3,22
4,62,17,12,7
5.67742,72,17,3,14,11
4,62,17,20,13
7.6129,74,17,10,1,8,15
5.29032,84,17,13,17,7,20
4,62,17,6,2
5.93548,64,17,19,12,8
5.22581,86,17,10,19,4
3.35484,82,17,16,4
3.67742,72,17,2,1
5.74194,70,17,8,1,12
3.16129,88,17,1,13
4.96774,94,17,11,1,8,17
3.67742,72,17,3,22
3.6129,74,17,1,7
3.74194,70,17,1,21
3.80645,68,17,4,18
4.83871,98,17,14,21,17,12
3.87097,66,17,1,18
7.41935,80,17,21,3,8,2
3.80645,68,17,20,3
5.6129,74,17,10,5,21
5.87097,66,17,7,8,10
5.74194,70,17,21,11,12
3.93548,64,17,5,14
5.54839,76,17,4,12,19
4.25806,116,17,7,10,13
5.6129,74,17,8,7,6
3.87097,66,17,19,13
6,62,17,10,15,7
3.16129,88,17,14,11,17
3.54839,76,17,11,11,22
3.93548,64,17,8,10
3.48387,78,17,9,6
9.67742,72,17,5,10,9,18,22
5.48387,78,17,5,18,3
3.93548,64,17,11,12
5.93548,64,17,19,8,10
3.67742,72,17,3,4
4.83871,98,17,18,13,11
3.67742,72,17,3,9
5.35484,82,17,17,20,12,7
5.29032,84,17,1,19,9
5.16129,88,17,11,3,10
3.35484,82,17,12,5
7.87097,66,17,15,18,7,11
5.41935,80,17,16,11,22
5.03226,92,17,16,3,5
3.54839,76,17,13,18
5.80645,68,17,18,17,19,1
3.74194,70,17,3,3,7
3.74194,70,17,2,11
4,62,17,5,15
3.6129,74,17,16,6
3.80645,68,17,20,3
10,62,17,17,15,18,8,19,11
5.80645,68,17,20,21,14
6.90323,96,17,4,2,2,4,13,11
5.35484,82,17,14,3,6
6.45161,110,17,17,22,18,10,4
4,62,17,11,9
3.6129,74,17,5,21
5.48387,78,17,6,18,1
3.87097,66,17,17,3,2
4.45161,110,17,22,5,13
5.67742,72,17,17,8,21,3
4.83871,98,17,17,4,12,16
4.83871,98,17,6,19,13
3.74194,70,17,2,19
3.80645,68,17,3,15
3.80645,68,17,8,20
3.74194,70,17,4,8
3.87097,66,17,1,1,18
5.16129,88,17,8,16,15
3.93548,64,17,8,10
5.54839,76,17,9,17,9,11,15
3.74194,70,17,3,17,6
5.35484,82,17,18,2,22
3.74194,70,17,13,22
4,62,17,3,18
6,62,17,17,22,2,7
6.70968,102,17,4,13,12,10
2.77419,100,17,13,16
3.87097,66,17,1,18
3.35484,82,17,10,20
5.67742,72,17,7,6,3
3.6129,74,17,20,18
5.48387,78,17,17,17,17,12,3,9
3.80645,68,17,4,18
3.16129,88,17,1,13
4,62,17,9,22
5.48387,78,17,2,20,11
5.16129,88,17,8,18,8,13
9.09677,90,17,7,21,8,18,2
3.74194,70,17,2,19
3.54839,76,17,1,22
5.41935,80,17,18,4,7
3.67742,72,17,17,13,3
7.74194,70,17,15,18,8,3,15
5.80645,68,17,16,22,18
5.35484,82,17,7,18,10,17
3.48387,78,17,9,6
3.03226,92,17,14,17,5,14
5.09677,90,17,5,9,13
3.93548,64,17,10,7
5.09677,90,17,18,10,7
5.67742,72,17,15,21,5
5.67742,72,17,18,6,15
3.54839,76,17,12,9
7.09677,90,17,15,11,1,4
3.74194,70,17,17,11,21
3.80645,68,17,3,20
3.93548,64,17,10,7
6.96774,94,17,15,12,13,12,9
3.16129,88,17,1,13
3.74194,70,17,9,21
3.67742,72,17,2,6
5.80645,68,17,17,12,21,8
3.80645,68,17,17,8,20
3.54839,76,17,20,19
4,62,17,6,8
5.80645,68,17,12,15,18
5.41935,80,17,9,18,16
5.87097,66,17,10,17,18,21
3.16129,88,17,10,14,17
3.80645,68,17,5,17,13
3.6129,74,17,5,5,21
5.03226,92,17,3,14,5
4,62,17,1,1,10
5.74194,70,17,17,7,8,20
5.74194,70,17,2,13,6
7.03226,92,17,8,19,22,1
7.80645,68,17,7,20,2,21
3.6129,74,17,7,8,17
3.74194,70,17,2,11
3.87097,66,17,4,3
3.67742,72,17,2,6
3.22581,86,17,11,6
5.48387,78,17,6,7,16
3.29032,84,17,11,4
5.35484,82,17,8,18,2
9.93548,64,17,7,15,19,18,11
9.29032,84,17,8,19,14,14,18,9
9.16129,88,17,7,15,18,3,11,7
4.45161,110,17,4,20,16
4,62,17,6,8
5.93548,64,17,22,22,11,12
7.35484,82,17,22,9,10,3
5.22581,86,17,8,22,2
5.74194,70,17,16,11,18
5.6129,74,17,5,11,18
5.16129,88,17,21,13,1
3.22581,86,17,11,6
3.80645,68,17,4,18
3.6129,74,17,20,8
3.74194,70,17,1,21
5.09677,90,17,12,8,4
5.80645,68,17,6,7,2
5.67742,72,17,9,18,21
5.35484,82,17,20,2,18
7.03226,92,17,14,15,21,10
5.03226,92,17,16,5,20
3.87097,66,17,21,10
5.35484,82,17,18,4,14
5.93548,64,17,16,1,10
3.67742,72,17,22,8,17
5.6129,74,17,21,20,8
2.83871,98,17,20,5
5.48387,78,17,16,10,12
3.74194,70,17,2,18
3.48387,78,17,9,6
4.58065,106,17,18,5,5,6
3.87097,66,17,19,17,12
5.6129,74,17,22,21,20,22
5.93548,64,17,5,10,3
5.93548,64,17,21,3,18
4.90323,96,17,13,6,12
5.74194,70,17,14,4,21
5.03226,92,17,4,20,8
3.48387,78,17,9,6
5.16129,88,17,18,6,12
7.03226,92,17,18,7,8,4
3.29032,84,17,10,4
5.67742,72,17,7,8,6
3.93548,64,17,14,5
5.29032,84,17,18,11,13
7.16129,88,17,15,13,15,18,4
3.74194,70,17,11,21
7.41935,80,17,8,11,1,7
3.16129,88,17,5,4
5.67742,72,17,12,21,3
5.80645,68,17,6,21,3
3.93548,64,17,1,5
4,62,17,9,22
3.80645,68,17,11,11,10
5.54839,76,17,10,14,11
5.35484,82,17,7,8,7,6,17
4.25806,116,17,19,5,4
3.87097,66,17,1,18
3.67742,72,17,20,20,22
7.6129,74,17,21,15,15,3,1
3.67742,72,17,3,16
5.29032,84,17,6,14,9
3.93548,64,17,2,22
6.96774,94,17,7,19,19,10,14
9.87097,66,17,15,14,8,1,5
5.29032,84,17,6,14,16
3.80645,68,17,17,6,20
4.96774,94,17,10,18,14,10
5.74194,70,17,15,17,10,10,8
7.67742,72,17,7,1,8,21
5.41935,80,17,18,16,18,20
3.93548,64,17,5,22
4.64516,104,17,22,10,4
7.35484,82,17,21,7,15,17,10
5.48387,78,17,10,1,2
4,62,17,9,22
5.67742,72,17,5,9,12
3.93548,64,17,6,12
5.22581,86,17,9,1,6
8,62,17,15,7,6,14
5.93548,64,17,21,4,4,20
5.35484,82,17,4,12,7
5.6129,74,17,13,12,20
4.70968,102,17,13,6,1
5.93548,64,17,22,14,5
5.03226,92,17,13,6,19
3.74194,70,17,8,6
6,62,17,21,18,1
5.6129,74,17,10,3,1
6,62,17,22,2,7
7.87097,66,17,15,8,1,5
3.09677,90,17,14,2,2,17
5.80645,68,17,13,2,12
4.64516,104,17,13,4,10
4.64516,104,17,10,17,16,20
5.80645,68,17,21,3,2
3.6129,74,17,3,13
5.54839,76,17,20,2,22
4,62,17,11,9
4.96774,94,17,6,19,4
3.54839,76,17,20,19
3.6129,74,17,5,21
3.16129,88,17,1,17,11
3.6129,74,17,1,7
4.96774,94,17,4,4,12,6
3.80645,68,17,9,9,12
3.54839,76,17,12,9
5.67742,72,17,15,3,22
2.90323,96,17,11,3,17
3.67742,72,17,13,15
4,62,17,12,1
5.67742,72,17,8,18,1
4,62,17,11,17,11,9
4,62,17,4,22
5.54839,76,17,6,15,4
4,62,17,14,10
4.90323,96,17,22,10,6
3.93548,64,17,2,22
5.93548,64,17,12,18,19
3.93548,64,17,10,7
3.74194,70,17,2,11
5.80645,68,17,5,11,19
3.09677,90,17,4,16
7.6129,74,17,21,14,22,2
5.29032,84,17,8,15,9
5.54839,76,17,21,14,17,15
3.67742,72,17,5,12
6.77419,100,17,1,8,3,6
6,62,17,14,21,21,1
7.09677,90,17,15,10,5,7
4,62,17,6,2
5.03226,92,17,10,15,5
4,62,17,5,15
4,62,17,10,17,17,8
6,62,17,21,15,16
3.54839,76,17,3,10
2.90323,96,17,17,17,12,20,17
5.16129,88,17,3,19,2
3.74194,70,17,13,22
5.09677,90,17,16,3,13
5.09677,90,17,9,3,4
3.09677,90,17,8,11,17
7.87097,66,17,5,9,1,14
3.93548,64,17,14,17,8
4.90323,96,17,22,4,10
3.35484,82,17,17,22,13,13,17
3.67742,72,17,17,2,6
3.67742,72,17,13,3
5.16129,88,17,14,14,20,19
5.29032,84,17,8,15,20
4,62,17,6,8
5.93548,64,17,21,6,15
7.09677,90,17,22,14,1,13
7.29032,84,17,18,21,8,10
6,62,17,16,19,15
3.48387,78,17,17,4,1
3.29032,84,17,13,1
7.48387,78,17,21,7,12,8
5.09677,90,17,16,3,13
5.6129,74,17,22,15,9,17
5.6129,74,17,15,12,12,6
3.6129,74,17,1,7
3.87097,66,17,11,18
5.74194,70,17,7,8,20
5.74194,70,17,14,7,13
3.16129,88,17,10,13
5.16129,88,17,10,10,17,6,6,2
7.03226,92,17,7,8,21,16
2.77419,100,17,13,16
2.96774,94,17,4,10
7.67742,72,17,22,22,13,22,21,18
4.19355,118,17,18,17,4,4,10
5.6129,74,17,11,14,14,3
3.80645,68,17,11,5
4.64516,104,17,15,5,2
5.22581,86,17,9,3,20
3.93548,64,17,14,5
11.5484,76,17,22,15,19,12,21,4
5.67742,72,17,13,4,14
5.41935,80,17,11,3,15
3.80645,68,17,3,20
5.35484,82,17,15,16,21
5.41935,80,17,22,13,11
5.67742,72,17,21,18,2
7.6129,74,17,15,19,18,15,16
3.93548,64,17,11,12
3.80645,68,17,10,12
3.48387,78,17,13,19
3.80645,68,17,11,10
5.80645,68,17,20,21,14
3.41935,80,17,6,5
6.25806,116,17,7,18,20,5
4,62,17,4,22
5.41935,80,17,12,20,3
5.29032,84,17,13,2,11
3.29032,84,17,19,12,17
4,62,17,2,7
3.54839,76,17,13,18
4.3871,112,17,19,10,4
3.74194,70,17,4,8
5.74194,70,17,4,12,14
3.29032,84,17,10,4
5.93548,64,17,8,21,7
3.48387,78,17,16,20
3.80645,68,17,6,3
3.74194,70,17,3,7
3.93548,64,17,4,15
4.70968,102,17,4,12,5
9.22581,86,17,6,7,22,15,5
4,62,17,1,10
4.51613,108,17,18,18,10,2
3.74194,70,17,1,21
3.74194,70,17,13,22
3.54839,76,17,10,6
