5.16129,88,0,16,7,11
5.74194,70,0,16,7,21
5.54839,76,0,18,17,8
5.35484,82,0,16,9,13
3.29032,84,0,16,13
10,62,0,7,15,19,22,15,17
4,62,0,11,10
5.67742,72,0,19,4,6
5.54839,76,0,16,7,19
3.74194,70,0,12,9
3.22581,86,0,2,10
5.80645,68,0,9,1,15
3.67742,72,0,6,10
3.03226,92,0,20,5
7.29032,84,0,21,19,22,9
2.96774,94,0,13,16
4,62,0,5,15
5.41935,80,0,19,17,17,9
3.6129,74,0,16,2
3.6129,74,0,16,2
5.41935,80,0,5,8,7
5.48387,78,0,1,3,20
5.22581,86,0,2,15,16
6,62,0,5,9,15
3.48387,78,0,20,17
5.80645,68,0,21,2,11
5.67742,72,0,2,13,14
4,62,0,20,3
7.35484,82,0,7,19,21,16
5.67742,72,0,14,13,20
5.93548,64,0,14,5,9
5.35484,82,0,11,8,6
3.87097,66,0,21,5
6,62,0,7,19,20
7.67742,72,0,8,1,9,11
3.29032,84,0,16,13
7.03226,92,0,22,13,6,12
6.83871,98,0,19,18,10,7
5.74194,70,0,21,3,4
5.80645,68,0,10,18,22
5.41935,80,0,16,14,6
5.35484,82,0,2,14,17
5.67742,72,0,21,7,5
5.16129,88,0,1,19,20
6,62,0,12,21,2
3.35484,82,0,1,17
5.22581,86,0,19,5,14
9.16129,88,0,17,22,7,5,19
5.29032,84,0,10,11,22
5.93548,64,0,21,4,15
2.90323,96,0,13,5
4.58065,106,0,8,9,20
5.87097,66,0,10,17,22
7.74194,70,0,19,8,15,6
5.80645,68,0,10,11,14
5.16129,88,0,8,7,9
6.58065,106,0,7,2,4,9
5.87097,66,0,12,15,14
5.67742,72,0,16,11,15
5.93548,64,0,9,10,3
5.54839,76,0,17,3,4
5.48387,78,0,2,4,18
5.93548,64,0,5,9,17
7.29032,84,0,3,14,8,9
5.87097,66,0,12,8,21
4.45161,110,0,3,2,9
3.87097,66,0,8,17
3.03226,92,0,20,10
4.58065,106,0,7,10,4
5.6129,74,0,2,15,15,17
3.48387,78,0,11,4
3.93548,64,0,16,12
4,62,0,6,3
5.16129,88,0,4,7,9
6,62,0,3,12,20
3.35484,82,0,5,2
4,62,0,2,11
7.41935,80,0,22,2,20,6
3.67742,72,0,13,11
5.80645,68,0,1,19,3
5.03226,92,0,19,17,20
6.83871,98,0,21,15,6,9
5.67742,72,0,8,11,20
8.90323,96,0,17,14,21,13,18
3.93548,64,0,5,22
9.54839,76,0,18,7,7,8,8,8,14,14,1
4,62,0,6,3
7.41935,80,0,16,8,19,9
5.6129,74,0,16,3,21
5.93548,64,0,7,1,12
3.41935,80,0,1,4
7.48387,78,0,6,13,2,7
6.83871,98,0,19,14,6,1
8,62,0,7,21,17,15
5.80645,68,0,11,18,15
7.93548,64,0,17,14,1,3
5.48387,78,0,14,5,1
5.54839,76,0,16,11,22
7.54839,76,0,17,7,2,18
7.87097,66,0,18,1,11,10
7.22581,86,0,17,21,13,19
5.16129,88,0,16,22,5
3.87097,66,0,9,21
5.67742,72,0,1,14,11
7.35484,82,0,17,16,10,12
3.87097,66,0,3,22
5.35484,82,0,11,3,10
3.87097,66,0,11,15
7.93548,64,0,17,8,18,19
5.6129,74,0,12,3,13
5.80645,68,0,10,9,7
5.87097,66,0,17,8,9
6,62,0,16,7,22
3.87097,66,0,3,4
3.93548,64,0,8,6
5.54839,76,0,17,13,3
5.93548,64,0,22,6,6,20
6.32258,114,0,15,2,4,5
4.96774,94,0,3,21,16
6.58065,106,0,17,14,2,9
3.74194,70,0,11,20
5.67742,72,0,12,3,4
5.93548,64,0,6,2,20
3.80645,68,0,5,7
3.6129,74,0,6,5
3.54839,76,0,9,20
5.93548,64,0,10,16,22
8,62,0,10,16,9,19
5.54839,76,0,17,3,22
7.67742,72,0,1,8,19,11
6.83871,98,0,21,15,3,17
6,62,0,3,14,12
5.67742,72,0,1,14,11
5.67742,72,0,17,20,14
5.80645,68,0,6,21,11
5.22581,86,0,22,20,9
5.03226,92,0,18,5,21
7.16129,88,0,18,22,2,1
5.87097,66,0,2,12,11
5.87097,66,0,19,17,15
6.77419,100,0,7,18,16,4
5.09677,90,0,13,12,17
5.16129,88,0,2,8,8,10
5.6129,74,0,2,13,3
3.87097,66,0,13,3
3.48387,78,0,20,17
5.6129,74,0,12,15,8
6,62,0,19,15,4
3.93548,64,0,13,14
9.29032,84,0,17,22,18,1,2
3.80645,68,0,20,8
4,62,0,3,15
3.54839,76,0,20,6
7.09677,90,0,7,2,3,13
7.41935,80,0,18,21,3,7
4,62,0,10,22
7.16129,88,0,22,2,13,1
5.22581,86,0,22,9,6
6,62,0,2,14,8
8.90323,96,0,22,7,16,9,20
5.35484,82,0,8,15,10
5.09677,90,0,4,21,5
5.6129,74,0,16,3,21
7.41935,80,0,7,3,11,20
3.16129,88,0,5,4
5.87097,66,0,11,1,12
5.87097,66,0,12,21,3
5.80645,68,0,17,5,22
7.22581,86,0,2,22,15,3
7.87097,66,0,22,15,3,16
4,62,0,4,8
5.74194,70,0,19,7,1
5.09677,90,0,5,19,4
7.29032,84,0,15,22,12,5
7.41935,80,0,8,15,21,13
3.54839,76,0,9,2
5.93548,64,0,18,20,12
4.12903,120,0,19,13,16
5.35484,82,0,12,13,15
5.67742,72,0,22,12,16
5.74194,70,0,18,11,2
5.67742,72,0,17,4,18
3.93548,64,0,8,6
4,62,0,8,20
4.96774,94,0,19,6,6,3
7.16129,88,0,22,21,16,14
6,62,0,16,19,22
3.29032,84,0,10,20
7.16129,88,0,2,12,12,14,9
6,62,0,3,14,12
5.22581,86,0,19,2,18
5.54839,76,0,17,3,9
7.67742,72,0,2,7,22,21
5.03226,92,0,8,16,21
3.35484,82,0,1,13
4,62,0,11,5
6,62,0,15,6,19
4.19355,118,0,1,5,4
7.6129,74,0,7,17,22,17,4
3.87097,66,0,20,22
5.93548,64,0,18,6,13
5.6129,74,0,16,11,7
5.80645,68,0,7,16,18
8,62,0,22,6,18,19
3.54839,76,0,9,2
6.77419,100,0,22,18,9,4
5.6129,74,0,9,8,7
5.67742,72,0,22,4,11
5.74194,70,0,21,4,8
5.22581,86,0,18,6,1
7.41935,80,0,22,17,16,7
6,62,0,22,17,11
5.87097,66,0,7,6,3
5.41935,80,0,18,20,11
5.03226,92,0,19,17,20
5.87097,66,0,7,19,13
3.22581,86,0,10,4
5.22581,86,0,2,22,3
9.22581,86,0,22,17,21,20,20,3
4.96774,94,0,8,2,6
3.87097,66,0,10,7
7.03226,92,0,21,2,13,1
3.22581,86,0,20,9
2.90323,96,0,13,5
3.93548,64,0,20,7
7.67742,72,0,8,15,21,7
3.87097,66,0,3,22
5.03226,92,0,13,12,16
5.54839,76,0,8,7,2
3.80645,68,0,12,6
4.70968,102,0,6,12,5
10,62,0,17,15,19,21,22
7.67742,72,0,21,15,7,10
5.87097,66,0,19,14,5
3.87097,66,0,3,9
5.67742,72,0,3,21,8
7.35484,82,0,10,9,5,12
4,62,0,5,3
6.90323,96,0,7,22,5,21
3.67742,72,0,1,2
6,62,0,14,15,9
5.22581,86,0,9,15,15,13
5.16129,88,0,12,20,6
5.87097,66,0,21,4,3
6.96774,94,0,15,8,2,6
5.87097,66,0,19,1,15
5.74194,70,0,4,6,14
7.48387,78,0,10,9,5,7
7.54839,76,0,22,12,1,5
3.6129,74,0,5,21
4,62,0,3,15
3.67742,72,0,6,10
4,62,0,10,3
5.03226,92,0,10,19,13
5.35484,82,0,2,7,13
5.93548,64,0,16,8,21
5.41935,80,0,15,1,4
3.35484,82,0,1,13
5.6129,74,0,11,12,12,20
7.80645,68,0,17,15,6,18
5.80645,68,0,5,8,11
7.80645,68,0,14,18,9,1
7.54839,76,0,6,14,21,13
5.35484,82,0,8,7,1
7.29032,84,0,6,15,14,13
5.67742,72,0,19,22,10
5.22581,86,0,16,1,13
5.16129,88,0,16,17,17,4
5.74194,70,0,18,21,16
6.51613,108,0,14,18,6,5
3.29032,84,0,16,13
3.29032,84,0,4,9
3.6129,74,0,16,2
3.6129,74,0,5,21
5.74194,70,0,22,11,2
4,62,0,20,3
4.96774,94,0,20,13,11
8.96774,94,0,7,15,1,14,14,10
5.29032,84,0,19,21,5
5.22581,86,0,10,8,2
5.35484,82,0,14,1,4
5.87097,66,0,9,3,11
7.54839,76,0,17,3,19,21
6.64516,104,0,18,9,16,13
3.93548,64,0,6,11
5.93548,64,0,19,16,11
5.48387,78,0,19,21,9
3.41935,80,0,1,4
3.93548,64,0,20,7
4,62,0,8,20
5.87097,66,0,17,2,3
3.80645,68,0,1,7
5.41935,80,0,2,13,8
5.03226,92,0,5,10,13
5.67742,72,0,4,14,1
5.35484,82,0,9,8,5
5.6129,74,0,11,8,9
7.29032,84,0,8,3,19,4
3.35484,82,0,1,13
5.67742,72,0,6,7,16
5.35484,82,0,9,15,1
5.29032,84,0,15,10,12
5.80645,68,0,2,7,14
7.22581,86,0,19,1,16,14
4,62,0,10,14
7.54839,76,0,21,14,22,22,9
4.90323,96,0,6,4,10
3.93548,64,0,5,14
3.93548,64,0,20,7
5.35484,82,0,3,21,1
9.87097,66,0,19,3,8,14,11
5.41935,80,0,10,1,1,1,2
3.74194,70,0,11,20
5.54839,76,0,13,2,8
3.48387,78,0,10,6
5.67742,72,0,4,13,8
5.87097,66,0,19,10,1
6.70968,102,0,8,15,21,10
6,62,0,10,19,14
5.74194,70,0,14,7,16
3.74194,70,0,3,10
7.54839,76,0,19,7,15,10
4,62,0,9,7
3.74194,70,0,11,20
5.6129,74,0,1,11,20
5.48387,78,0,6,12,11
5.22581,86,0,11,9,14
4.96774,94,0,13,6,3
7.22581,86,0,3,14,19,17
5.80645,68,0,18,17,19
5.41935,80,0,14,16,22
7.87097,66,0,14,18,22,4
6.32258,114,0,19,9,5,13
7.22581,86,0,17,21,12,5
5.35484,82,0,17,12,16
7.87097,66,0,17,10,5,15
3.74194,70,0,6,9
5.93548,64,0,10,19,18
7.80645,68,0,17,8,1,14
6,62,0,12,14,1
5.22581,86,0,8,9,17
5.67742,72,0,1,14,22
3.67742,72,0,13,19
5.16129,88,0,22,5,21
4,62,0,9,7
6,62,0,14,2,4
4.58065,106,0,12,13,9
3.54839,76,0,9,2
5.67742,72,0,2,21,1
3.87097,66,0,10,7
3.67742,72,0,20,1
5.6129,74,0,21,1,1,15
5.35484,82,0,12,2,6
4,62,0,11,10
3.93548,64,0,8,6
4,62,0,10,22
3.93548,64,0,16,12
7.29032,84,0,9,10,16,6
3.74194,70,0,12,9
6,62,0,22,17,1
4,62,0,3,20
5.16129,88,0,12,21,10
5.03226,92,0,6,17,3
5.09677,90,0,14,17,13
5.67742,72,0,5,11,16
4.51613,108,0,4,20,5
3.29032,84,0,4,9
7.41936,80,0,15,11,18,3
5.48387,78,0,22,5,14
3.87097,66,0,8,17
3.22581,86,0,4,10
5.48387,78,0,12,11,21
4,62,0,3,15
5.6129,74,0,13,12,4
3.48387,78,0,16,4
7.16129,88,0,9,8,3,8,5
4.96774,94,0,1,16,21
6,62,0,17,12,11
5.87097,66,0,4,13,15
5.80645,68,0,5,8,11
3.74194,70,0,1,22
5.41935,80,0,4,14,20
5.6129,74,0,4,7,8
5.54839,76,0,6,12,19
4,62,0,5,15
7.22581,86,0,7,8,21,16
9.41936,80,0,7,8,14,1,18
3.87097,66,0,8,17
5.41935,80,0,18,1,4
7.6129,74,0,19,14,17,7
3.74194,70,0,13,18
5.35484,82,0,9,15,20
4.32258,114,0,14,13,10
5.48387,78,0,19,9,22
5.93548,64,0,5,8,3
7.54839,76,0,17,9,11,5
7.48387,78,0,22,13,12,1
5.41935,80,0,12,4,22
5.54839,76,0,10,11,5
5.87097,66,0,2,8,3
5.67742,72,0,8,11,2
5.6129,74,0,15,9,7
5.54839,76,0,6,12,13
7.67742,72,0,14,15,12,20
5.41935,80,0,11,19,10
5.87097,66,0,17,11,9
7.35484,82,0,22,1,9,17
5.74194,70,0,4,7,19
3.41935,80,0,11,6
5.35484,82,0,9,1,4
4.96774,94,0,10,15,5
6.90323,96,0,16,14,18,13
3.87097,66,0,3,16
9.35484,82,0,15,8,19,22,16
4,62,0,11,10
3.93548,64,0,13,14
6,62,0,2,4,6
5.41935,80,0,5,11,15
5.09677,90,0,9,14,10
3.16129,88,0,4,5
6.96774,94,0,15,20,13,18
3.80645,68,0,20,8
5.35484,82,0,9,19,6
5.03226,92,0,4,20,6
3.29032,84,0,10,20
3.6129,74,0,1,20
7.22581,86,0,10,16,9,6
7.48387,78,0,2,20,12,7
5.29032,84,0,19,4,4,15
3.74194,70,0,4,1
7.80645,68,0,18,8,3,13
3.87097,66,0,3,9
5.03226,92,0,11,19,13
3.74194,70,0,10,21
3.29032,84,0,4,9
5.6129,74,0,14,17,21
5.67742,72,0,1,18,7
5.35484,82,0,5,11,7
3.48387,78,0,11,4
5.54839,76,0,7,13,8
7.48387,78,0,6,18,19,12
5.93548,64,0,19,22,12
3.09677,90,0,5,13
3.80645,68,0,20,18
3.35484,82,0,5,2
3.93548,64,0,6,1
7.80645,68,0,22,4,4,6,21
7.29032,84,0,7,4,14,2
5.48387,78,0,14,9,8
9.29032,84,0,17,22,6,4,8
4,62,0,10,14
3.74194,70,0,10,12
9.35484,82,0,22,7,12,13,14
3.41935,80,0,1,4
3.6129,74,0,9,6
7.41935,80,0,22,2,4,18
5.54839,76,0,6,14,17
4,62,0,13,7
5.67742,72,0,15,6,1
7.29032,84,0,15,21,11,13
7.74194,70,0,10,5,18,19
5.48387,78,0,19,2,7
6,62,0,14,2,12
5.22581,86,0,16,22,10
4.77419,100,0,18,16,13
2.96774,94,0,13,16
5.87097,66,0,13,4,22
3.48387,78,0,13,1
5.09677,90,0,14,13,11
5.41935,80,0,22,1,4
5.09677,90,0,13,6,12
7.29032,84,0,7,12,2,1
5.35484,82,0,21,16,18
6,62,0,16,19,21
3.67742,72,0,5,12
3.35484,82,0,11,17
6,62,0,9,5,18
7.48387,78,0,7,10,5,19
5.09677,90,0,1,10,14
3.22581,86,0,2,10
7.09677,90,0,14,8,8,10,5,8
5.09677,90,0,1,10,14
7.29032,84,0,22,4,6,12
7.22581,86,0,19,21,8,20
5.22581,86,0,2,13,1
4,62,0,10,3
5.54839,76,0,14,16,8
5.41935,80,0,13,20,3
5.87097,66,0,5,1,14
3.6129,74,0,13,17
3.93548,64,0,6,1
4,62,0,11,10
7.54839,76,0,21,15,1,16
3.74194,70,0,13,18
5.35484,82,0,6,19,5
9.29032,84,0,15,21,3,8,13
7.87097,66,0,14,7,4,13
7.29032,84,0,22,1,16,15
3.29032,84,0,10,2
5.54839,76,0,4,2,19
5.74194,70,0,10,15,21
5.74194,70,0,18,13,13,12
3.6129,74,0,13,17
6,62,0,2,21,4
5.16129,88,0,2,22,1
3.93548,64,0,2,1
5.87097,66,0,13,12,21
4.83871,98,0,18,9,4
5.93548,64,0,6,18,8
4.12903,120,0,8,5,4
5.54839,76,0,7,13,8
5.54839,76,0,5,1,15
3.80645,68,0,2,17
5.87097,66,0,9,3,11
6.90323,96,0,14,2,13,8
7.41935,80,0,1,8,19,9
5.29032,84,0,5,17,16
3.54839,76,0,9,20
5.41935,80,0,12,8,5
3.80645,68,0,4,11
5.16129,88,0,10,19,20
3.54839,76,0,9,2
8.58065,106,0,22,4,2,20,16
5.6129,74,0,2,13,15
9.74194,70,0,19,15,21,7,14
3.09677,90,0,10,13
3.87097,66,0,3,22
5.80645,68,0,8,11,11,15
5.6129,74,0,18,20,3
5.09677,90,0,21,9,3
3.87097,66,0,3,9
3.74194,70,0,4,1
5.93548,64,0,8,7,18
5.80645,68,0,19,22,3
7.6129,74,0,7,13,6,4
3.67742,72,0,13,8
7.03226,92,0,18,15,9,21
3.6129,74,0,13,17
7.74194,70,0,22,7,20,11
3.29032,84,0,16,13
5.35484,82,0,12,2,6
4,62,0,5,3
7.87097,66,0,22,18,8,4
3.67742,72,0,12,16
6.3871,112,0,11,9,16,4
5.80645,68,0,7,3,22
5.6129,74,0,8,12,22
6,62,0,17,10,15
5.93548,64,0,17,18,13
5.6129,74,0,22,9,7
3.93548,64,0,9,12
5.29032,84,0,8,10,19
5.80645,68,0,21,19,2
5.35484,82,0,10,5,6
5.41935,80,0,14,20,8
3.80645,68,0,4,11
5.35484,82,0,9,14,20
5.87097,66,0,6,8,11
4.90323,96,0,16,7,10
3.48387,78,0,10,6
4,62,0,6,3
4,62,0,4,8
3.6129,74,0,16,2
6.70968,102,0,15,10,1,6
7.74194,70,0,5,9,10,15
6,62,0,21,2,22
9.93548,64,0,22,15,19,3,7
6.96774,94,0,7,3,1,4
6.58065,106,0,7,22,10,4
3.80645,68,0,5,7
3.93548,64,0,6,11
7.93548,64,0,21,11,8,14
6.96774,94,0,22,21,4,10
5.74194,70,0,18,11,20
7.67742,72,0,14,8,21,1
5.09677,90,0,18,13,8
4,62,0,8,20
3.16129,88,0,5,4
7.74194,70,0,14,11,18,19
3.67742,72,0,13,19
3.74194,70,0,3,10
6,62,0,20,21,14
3.22581,86,0,2,10
5.67742,72,0,10,15,19
5.48387,78,0,20,2,1
6,62,0,13,2,21
4.96774,94,0,13,20,6
5.22581,86,0,22,20,9
4.19355,118,0,20,13,5
5.22581,86,0,21,2,16
5.67742,72,0,11,19,12
5.22581,86,0,9,10,20
7.48387,78,0,9,5,1,21
5.67742,72,0,19,10,11
4.96774,94,0,7,20,20,10
3.48387,78,0,20,17
5.67742,72,0,2,20,19
5.41935,80,0,5,19,9
4.51613,108,0,21,9,6
5.93548,64,0,17,4,7
7.80645,68,0,15,8,18,16
5.16129,88,0,21,16,14
5.41935,80,0,15,6,10
7.67742,72,0,17,7,11,18
5.41935,80,0,5,19,9
7.80645,68,0,14,8,18,16
5.16129,88,0,8,22,10
3.54839,76,0,9,2
7.03226,92,0,12,4,13,15
3.09677,90,0,5,13
7.35484,82,0,12,3,14,20
7.54839,76,0,19,14,20,13
3.03226,92,0,20,10
5.54839,76,0,7,1,20
3.93548,64,0,2,1
4.3871,112,0,18,13,16
5.54839,76,0,9,22,6
5.09677,90,0,10,17,8
3.41935,80,0,2,9
5.03226,92,0,5,17,4
3.29032,84,0,10,20
5.93548,64,0,21,1,14
5.6129,74,0,5,19,12
5.87097,66,0,14,22,16
3.09677,90,0,13,9
7.93548,64,0,15,22,16,19
5.16129,88,0,2,22,11
3.74194,70,0,11,2
4,62,0,10,14
7.87097,66,0,18,19,2,20
5.35484,82,0,18,10,10,7
5.29032,84,0,12,11,22
5.6129,74,0,16,10,12
10,62,0,7,19,8,3,21
4,62,0,5,15
4,62,0,20,3
4,62,0,16,21
8.3871,112,0,7,14,12,4,16
6,62,0,9,5,8
3.03226,92,0,20,5
7.48387,78,0,12,8,1,10
7.54839,76,0,21,1,8,15
5.03226,92,0,4,7,5
4,62,0,3,15
5.6129,74,0,14,7,10
3.35484,82,0,9,13
3.93548,64,0,13,14
7.67742,72,0,22,6,15,11
5.80645,68,0,6,4,3
3.48387,78,0,13,1
5.22581,86,0,2,21,9
7.67742,72,0,14,7,22,9
4.51613,108,0,18,5,13
3.48387,78,0,16,4
6.32258,114,0,17,15,13,5
7.54839,76,0,16,8,1,10
3.67742,72,0,20,1
3.80645,68,0,8,13
7.35484,82,0,21,15,4,7
5.6129,74,0,18,1,20
4,62,0,20,14
3.74194,70,0,1,22
5.74194,70,0,14,22,1
6.83871,98,0,22,19,10,6
5.41935,80,0,19,13,20
4,62,0,10,22
5.22581,86,0,6,17,4
5.74194,70,0,18,11,22
3.80645,68,0,1,7
6,62,0,14,3,20
7.16129,88,0,6,14,15,4
4,62,0,21,10
3.09677,90,0,5,13
3.6129,74,0,13,17
7.6129,74,0,7,13,4,3
8,62,0,18,3,12,20
3.09677,90,0,10,13
9.29032,84,0,14,11,1,16,8
3.16129,88,0,5,4
3.80645,68,0,4,11
9.48387,78,0,22,19,21,19,8,19,6
3.35484,82,0,9,13
3.74194,70,0,6,9
5.87097,66,0,12,3,2
3.74194,70,0,1,22
7.74194,70,0,22,17,8,21
7.67742,72,0,14,3,8,5
3.41935,80,0,5,6
5.03226,92,0,5,8,6
6.64516,104,0,19,8,9,6
5.74194,70,0,13,20,12
3.6129,74,0,5,21
6,62,0,14,17,22
7.74194,70,0,15,1,14,3
3.74194,70,0,10,21
5.48387,78,0,18,16,21
5.29032,84,0,5,11,20
6.83871,98,0,7,6,17,11
4,62,0,8,20
5.67742,72,0,12,2,3
3.09677,90,0,10,13
7.48387,78,0,9,5,11,18
5.54839,76,0,17,1,15
4.70968,102,0,18,5,20
5.22581,86,0,11,9,17
4.58065,106,0,18,4,10
7.67742,72,0,6,15,19,7
3.6129,74,0,5,21
4.64516,104,0,2,13,10
4.90323,96,0,5,17,13
3.87097,66,0,3,4
5.41935,80,0,16,14,6
5.80645,68,0,22,20,18
5.22581,86,0,22,2,2,5
3.74194,70,0,12,9
5.6129,74,0,11,12,2
3.87097,66,0,13,3
4.64516,104,0,8,5,12
3.48387,78,0,16,4
3.6129,74,0,9,6
3.41935,80,0,11,6
5.80645,68,0,21,22,10
3.09677,90,0,5,13
4.3871,112,0,1,5,2
3.09677,90,0,5,13
3.93548,64,0,13,14
5.74194,70,0,21,12,6
5.22581,86,0,9,22,16
3.67742,72,0,13,19
3.80645,68,0,20,8
3.80645,68,0,11,7
3.74194,70,0,11,22
7.41935,80,0,22,12,15,3
7.80645,68,0,14,18,2,20
5.67742,72,0,7,16,22
3.74194,70,0,3,5
3.22581,86,0,4,10
3.74194,70,0,13,18
6.58065,106,0,18,7,20,9
6,62,0,19,2,20
5.93548,64,0,3,12,19
5.67742,72,0,17,10,21
5.09677,90,0,22,10,6
3.80645,68,0,6,16
7.54839,76,0,21,8,8,19,6
3.93548,64,0,6,11
6,62,0,14,15,20
5.22581,86,0,2,15,1
5.16129,88,0,9,15,5
5.74194,70,0,18,3,5
3.87097,66,0,10,7
5.22581,86,0,12,7,1
3.80645,68,0,4,11
4,62,0,1,12
7.6129,74,0,15,16,11,14
5.29032,84,0,16,3,22
4,62,0,10,14
5.48387,78,0,17,11,7
3.29032,84,0,2,5
5.16129,88,0,11,3,6
5.74194,70,0,21,2,6
5.41935,80,0,5,17,21
4,62,0,4,19
5.74194,70,0,15,9,22
7.41935,80,0,1,8,14,2
11.5484,76,0,22,15,12,8,14,1
7.16129,88,0,7,6,14,5
5.09677,90,0,4,21,5
5.09677,90,0,12,22,9
7.54839,76,0,16,11,14,22
5.6129,74,0,8,18,5
3.93548,64,0,20,7
4.90323,96,0,3,21,9
6.83871,98,0,7,15,9,13
5.41935,80,0,8,22,4
3.48387,78,0,11,4
3.87097,66,0,3,22
5.54839,76,0,20,4,21
5.74194,70,0,10,17,15
4.96774,94,0,16,7,9
5.80645,68,0,16,17,7
5.67742,72,0,8,21,1
4,62,0,9,7
3.67742,72,0,5,12
5.74194,70,0,20,12,8
3.93548,64,0,6,11
5.35484,82,0,12,2,6
5.54839,76,0,18,12,5
4.77419,100,0,9,17,11
5.67742,72,0,8,15,12
5.22581,86,0,4,20,19
5.03226,92,0,20,12,16
3.74194,70,0,1,22
8.70968,102,0,15,22,4,4,13,13,9
5.48387,78,0,11,3,9
6.45161,110,0,18,1,1,16,4
5.41935,80,0,6,8,22
3.48387,78,0,11,4
3.93548,64,0,2,6
5.03226,92,0,8,2,18
3.09677,90,0,5,13
6,62,0,6,7,2
4.90323,96,0,14,2,9
6,62,0,18,10,1
3.74194,70,0,11,22
6,62,0,17,14,13
4.77419,100,0,18,5,2
7.87097,66,0,14,10,5,16
5.74194,70,0,6,8,18
5.22581,86,0,13,20,8
5.54839,76,0,11,1,2
4,62,0,5,3
6.12903,120,0,14,8,10,13
7.74194,70,0,15,20,2,7
3.74194,70,0,10,12
5.67742,72,0,12,3,4
5.54839,76,0,11,18,12
3.54839,76,0,11,13
3.93548,64,0,6,1
3.67742,72,0,13,19
6.3871,112,0,7,22,5,13
6,62,0,13,2,12
5.48387,78,0,16,5,21
3.22581,86,0,10,4
5.22581,86,0,16,8,8,13
3.87097,66,0,3,4
5.93548,64,0,21,22,13
9.41936,80,0,15,18,19,18,3,18,20
8,62,0,22,19,19,15,11
5.80645,68,0,9,16,12
3.87097,66,0,8,17
6,62,0,22,8,20
6.58065,106,0,7,10,16,2
5.74194,70,0,15,12,17
5.41935,80,0,19,5,18
7.22581,86,0,18,21,1,15
7.80645,68,0,19,8,3,13
4.83871,98,0,8,2,17
3.41935,80,0,5,6
3.93548,64,0,3,7
4.32258,114,0,3,2,5
5.09677,90,0,5,1,6
5.6129,74,0,10,1,15
3.29032,84,0,10,2
7.03226,92,0,22,14,17,20
3.87097,66,0,3,9
4.51613,108,0,8,10,6
5.67742,72,0,2,4,14
9.48387,78,0,7,14,8,3,6
7.29032,84,0,17,18,9,9,3
4.64516,104,0,19,2,16
3.16129,88,0,4,5
7.6129,74,0,17,14,4,6
5.22581,86,0,1,19,6
7.80645,68,0,6,15,21,18
3.22581,86,0,10,4
5.48387,78,0,12,11,21
6,62,0,17,9,15
5.35484,82,0,18,5,14
5.87097,66,0,19,14,5
5.09677,90,0,14,10,3
4,62,0,5,15
3.93548,64,0,3,7
7.87097,66,0,22,14,17,15
3.35484,82,0,11,17
7.74194,70,0,19,1,16,1,3
5.67742,72,0,4,15,17
4,62,0,2,19
5.35484,82,0,1,3,3,16
3.87097,66,0,8,17
5.87097,66,0,2,20,7
5.29032,84,0,19,2,8
5.80645,68,0,15,12,6
7.67742,72,0,22,11,19,7
5.80645,68,0,11,18,15
7.6129,74,0,22,5,9,18
4,62,0,6,3
4,62,0,2,19
6.64516,104,0,19,15,6,10
7.54839,76,0,22,14,11,13
5.03226,92,0,4,3,3,5
4,62,0,10,22
4.96774,94,0,9,17,2
5.6129,74,0,4,7,8
5.29032,84,0,16,19,13
3.74194,70,0,11,22
2.90323,96,0,13,5
9.93548,64,0,7,14,8,3,15
5.22581,86,0,17,12,5
3.67742,72,0,6,10
8.3871,112,0,22,19,11,16,4
5.41935,80,0,16,17,14
5.54839,76,0,20,13,13,6
5.29032,84,0,10,11,20
5.93548,64,0,16,1,18
5.48387,78,0,7,11,13
3.74194,70,0,16,6
5.74194,70,0,2,22,21
7.22581,86,0,22,20,13,14
7.6129,74,0,18,21,11,14
3.87097,66,0,13,3
5.93548,64,0,18,2,4
7.22581,86,0,14,22,18,13
7.54839,76,0,22,14,1,20
9.03226,92,0,18,1,11,1,10,15
5.6129,74,0,14,7,10
5.54839,76,0,19,9,3
6,62,0,18,3,15
5.35484,82,0,11,3,5
5.48387,78,0,7,12,5
3.03226,92,0,20,10
5.48387,78,0,12,19,5
5.6129,74,0,6,13,3
5.87097,66,0,5,8,19
6,62,0,11,3,19
5.80645,68,0,4,15,19
3.87097,66,0,10,7
4,62,0,10,3
5.80645,68,0,9,17,22
7.03226,92,0,7,5,9,5,14
5.03226,92,0,12,22,22,10
5.03226,92,0,10,11,4
8,62,0,18,7,13,4
5.41935,80,0,16,15,2
5.16129,88,0,14,10,15
3.80645,68,0,6,16
3.74194,70,0,13,18
5.03226,92,0,20,13,18
4,62,0,2,19
3.93548,64,0,3,7
3.93548,64,0,8,4
5.22581,86,0,8,7,16
5.80645,68,0,2,7,14
7.87097,66,0,9,10,1,14
9.29032,84,0,22,18,18,11,12,7
7.29032,84,0,15,17,16,17,9
5.22581,86,0,16,5,2
3.74194,70,0,11,2
3.16129,88,0,4,5
5.74194,70,0,3,12,7
5.6129,74,0,6,13,15
5.35484,82,0,5,11,7
4,62,0,5,3
3.93548,64,0,1,21
5.22581,86,0,5,18,6
5.29032,84,0,3,19,20
3.6129,74,0,1,20
5.54839,76,0,4,2,19
7.03226,92,0,17,1,8,6
3.67742,72,0,13,8
5.54839,76,0,3,2,12
7.80645,68,0,22,21,18,4
5.09677,90,0,21,2,5
3.22581,86,0,20,9
7.41935,80,0,14,8,11,4
7.09677,90,0,18,22,9,17
3.74194,70,0,16,6
5.6129,74,0,12,14,13
3.93548,64,0,5,14
7.03226,92,0,21,4,6,20
3.54839,76,0,9,20
7.48387,78,0,19,11,8,2
7.87097,66,0,18,1,1,5,16
5.29032,84,0,5,11,2
3.87097,66,0,10,7
9.67742,72,0,22,7,19,17,15
7.41935,80,0,14,21,2,1
3.93548,64,0,13,22
5.67742,72,0,15,13,14
3.93548,64,0,5,22
5.80645,68,0,11,12,3
5.35484,82,0,17,13,19
5.93548,64,0,1,14,8
5.09677,90,0,21,9,14
7.54839,76,0,7,8,11,8,6
4,62,0,10,3
5.6129,74,0,19,20,21
7.22581,86,0,3,12,21,1
8,62,0,10,5,9,18
4,62,0,8,20
7.29032,84,0,7,13,2,1
3.6129,74,0,5,21
4.83871,98,0,18,2,16
3.80645,68,0,2,17
4,62,0,11,5
4.77419,100,0,4,3,17
4.77419,100,0,12,1,17
9.16129,88,0,18,19,7,14,9
5.09677,90,0,12,20,17
3.74194,70,0,11,20
6.51613,108,0,17,22,13,5
3.93548,64,0,8,4
3.93548,64,0,9,12
5.93548,64,0,8,11,5
4.58065,106,0,11,9,2
5.16129,88,0,3,12,12,10
3.54839,76,0,3,6
5.67742,72,0,16,7,14
7.16129,88,0,2,22,7,20
3.87097,66,0,13,15
