3.74194,70,19,6,18,19
5.80645,68,19,22,16,8
7.54839,76,19,12,18,18,1,5
4,62,19,19,12,5
4.77419,100,19,18,5,4
3.6129,74,19,20,6
9.6129,74,19,15,7,18,1,12
7.6129,74,19,12,18,17,15
7.80645,68,19,8,21,3,2
7.54839,76,19,1,10,11,9
4,62,19,13,19,9
5.74194,70,19,19,10,18,21
6,62,19,11,12,22
3.35484,82,19,13,1
3.6129,74,19,4,11
7.35484,82,19,6,19,14,7,14,19,17
7.03226,92,19,16,5,1,6
7.74194,70,19,11,8,19,12,13
6.96774,94,19,21,19,1,12,9
3.67742,72,19,17,17,1
4.96774,94,19,10,17,3
7.35484,82,19,12,22,7,16
7.93548,64,19,11,9,16,22
8.77419,100,19,14,12,3,4,11
3.09677,90,19,20,10
7.6129,74,19,15,7,17,3
8,62,19,18,11,1,21
7.29032,84,19,11,18,22,10
3.16129,88,19,4,16
5.74194,70,19,8,9,7
4.45161,110,19,13,6,5
7.87097,66,19,9,10,8,1
5.54839,76,19,19,1,6,22
7.48387,78,19,1,21,14,17
6.90323,96,19,21,22,12,16
3.87097,66,19,2,6
3.35484,82,19,10,20
3.67742,72,19,16,2
5.67742,72,19,2,22,21
5.6129,74,19,11,6,7
7.09677,90,19,22,15,5,14
8,62,19,21,18,14,2
8,62,19,18,1,14,12
8,62,19,14,22,10,9
6,62,19,18,18,18,3,13
5.87097,66,19,15,20,14
7.54839,76,19,8,11,10,14
5.54839,76,19,15,7,13,15
5.41935,80,19,15,6,9
8,62,19,8,12,7,12,14
3.54839,76,19,4,1
5.35484,82,19,12,9,8
2.83871,98,19,13,16
5.6129,74,19,11,20,20,20,14
3.35484,82,19,2,16
5.54839,76,19,1,12,6
7.87097,66,19,22,21,14,3,19
7.6129,74,19,16,14,21,12
5.93548,64,19,15,13,20
3.93548,64,19,17,4
5.48387,78,19,19,15,3,6
5.41935,80,19,22,3,10
3.87097,66,19,7,6,19
7.03226,92,19,4,21,15,15,13
3.29032,84,19,20,16
5.6129,74,19,13,4,3
5.93548,64,19,1,18,9
6.25806,116,19,14,20,13,5
5.87097,66,19,22,9,11
7.67742,72,19,15,20,21,12
7.54839,76,19,14,15,14,8,15,20
7.87097,66,19,18,22,5,16
5.87097,66,19,7,15,19,2
5.48387,78,19,10,11,15
5.35484,82,19,1,9,19,5
7.74194,70,19,11,19,21,14,9
3.87097,66,19,20,18
7.48387,78,19,1,3,2,14
5.93548,64,19,8,21,9
4.64516,104,19,2,4,9
5.09677,90,19,18,6,5
5.80645,68,19,7,1,5
6,62,19,16,11,12
5.80645,68,19,12,22,8
5.80645,68,19,3,12,5
7.87097,66,19,3,13,2,20
3.87097,66,19,20,11
7.41936,80,19,19,12,15,18,2
7.35484,82,19,8,1,19,3,8,10
7.09677,90,19,3,19,12,4,17
5.48387,78,19,17,15,5
3.09677,90,19,20,5
5.54839,76,19,22,3,9
7.09677,90,19,1,14,2,18
5.48387,78,19,10,22,6
5.93548,64,19,1,14,9
9.67742,72,19,9,10,9,15,22,18
5.03226,92,19,12,12,17,4
3.16129,88,19,19,4,16
5.6129,74,19,11,12,17
5.67742,72,19,12,4,18
5.6129,74,19,14,13,18
4,62,19,5,15
9.74194,70,19,15,7,22,21,7,2
5.6129,74,19,22,2,11
6,62,19,12,8,9
3.87097,66,19,2,1
7.48387,78,19,3,2,2,13,7
7.48387,78,19,7,15,19,3,22
3.80645,68,19,10,10,21
5.41935,80,19,9,16,4
9.80645,68,19,14,15,7,1,9
4,62,19,12,5
3.74194,70,19,17,3
4.77419,100,19,11,6,1
5.6129,74,19,16,17,18
5.67742,72,19,22,3,20
5.48387,78,19,22,12,6
7.35484,82,19,15,18,6,8
7.16129,88,19,12,12,8,1,4
2.77419,100,19,13,5
7.80645,68,19,11,8,1,22
7.74194,70,19,19,8,7,8,19,15,4
3.80645,68,19,5,7
5.80645,68,19,2,14,15
5.80645,68,19,19,3,15,4
7.29032,84,19,15,3,21,11
7.54839,76,19,19,3,22,15,4
5.87097,66,19,1,21,17
5.87097,66,19,13,4,12
7.22581,86,19,8,12,18,19,4
5.67742,72,19,21,13,18
3.35484,82,19,5,2
9.93548,64,19,21,21,21,14,8,9,5
5.87097,66,19,3,7,12
3.74194,70,19,20,1
5.80645,68,19,1,10,22
3.67742,72,19,22,9,19
5.80645,68,19,7,6,8
3.67742,72,19,17,11
5.74194,70,19,8,2,18
4.58065,106,19,15,13,10
5.54839,76,19,16,21,8
5.16129,88,19,10,11,10,7
5.41935,80,19,5,17,21
7.93548,64,19,11,1,3,9
4.96774,94,19,10,17,10,21
5.29032,84,19,19,16,7,7,20
5.41935,80,19,10,17,5
3.54839,76,19,16,4
7.87097,66,19,20,2,21,14
7.29032,84,19,3,8,2,1
7.48387,78,19,14,5,14,19,21,20
3.35484,82,19,2,16
6.77419,100,19,15,5,9,9,6
5.6129,74,19,9,9,11,22
5.67742,72,19,12,7,1
8,62,19,18,21,18,22,8
3.87097,66,19,17,12
3.16129,88,19,5,4
7.22581,86,19,8,2,12,2,11
7.03226,92,19,1,5,9,20
6.45161,110,19,14,14,11,5,5,5,13
6.64516,104,19,9,16,16,17,16,20
5.6129,74,19,10,3,14
5.09677,90,19,11,10,6
7.35484,82,19,18,15,9,7
5.41935,80,19,2,19,3,5
3.41935,80,19,5,6
5.74194,70,19,7,8,5
6,62,19,11,22,21
4,62,19,12,5
3.35484,82,19,10,2
3.67742,72,19,6,3
9.41935,80,19,3,8,18,7,16
3.93548,64,19,5,22
4.77419,100,19,5,17,1
3.74194,70,19,13,15
7.35484,82,19,18,19,22,3,15
6,62,19,15,12,15,20
7.48387,78,19,12,11,3,22
3.87097,66,19,4,18
5.29032,84,19,1,20,11
7.80645,68,19,19,16,9,3,14
6,62,19,1,18,16
5.09677,90,19,2,14,14,10
5.48387,78,19,5,18,3
7.93548,64,19,7,14,21,17
7.41935,80,19,11,16,5,22
6,62,19,8,5,11
5.87097,66,19,7,5,16
3.87097,66,19,2,12,19
5.48387,78,19,18,3,19,19,19,4
7.41935,80,19,15,9,15,17,21
5.22581,86,19,12,9,14
5.54839,76,19,17,9,11
3.87097,66,19,4,19,6
5.67742,72,19,3,4,15
6,62,19,11,21,6
5.74194,70,19,21,2,2,17
5.16129,88,19,21,21,6,5
3.6129,74,19,9,2
6,62,19,8,1,17
3.74194,70,19,17,20
5.74194,70,19,12,18,7,18,12,7
6,62,19,8,6,15
3.87097,66,19,4,18
3.67742,72,19,17,1
5.6129,74,19,15,1,2
3.6129,74,19,9,2
9.54839,76,19,3,12,15,22,4
7.80645,68,19,14,18,1,22
3.35484,82,19,6,10
9.41936,80,19,21,14,14,8,15,8,15,1
6,62,19,3,14,10
3.48387,78,19,13,17
4,62,19,5,15
5.74194,70,19,1,20,1,14
5.93548,64,19,5,9,14
6,62,19,21,16,5
3.29032,84,19,10,4
4,62,19,4,15
7.09677,90,19,14,8,7,19,20
5.93548,64,19,1,3,5
3.16129,88,19,10,13
5.87097,66,19,3,12,10
3.87097,66,19,20,18
5.41935,80,19,2,13,18
5.93548,64,19,17,22,8
6,62,19,10,8,14
5.74194,70,19,14,9,22
6,62,19,18,8,13
3.48387,78,19,13,17
3.67742,72,19,17,1
3.80645,68,19,17,13
3.54839,76,19,10,6
3.80645,68,19,4,8
4,62,19,12,5
6.90323,96,19,3,7,21,10
7.74194,70,19,15,22,22,20,4
5.22581,86,19,5,17,9
6.96774,94,19,22,18,17,20
5.87097,66,19,21,20,20,8
5.87097,66,19,17,19,22,18,19
5.74194,70,19,3,18,13
7.74194,70,19,9,10,18,8
3.41935,80,19,6,9
3.6129,74,19,13,18
5.74194,70,19,4,21,6
7.22581,86,19,17,22,14,9
4.83871,98,19,6,21,5
5.67742,72,19,2,4,7
3.54839,76,19,4,1
5.22581,86,19,5,10,20
2.96774,94,19,13,9
7.93548,64,19,3,11,3,15,3,1
4,62,19,9,12
5.35484,82,19,10,11,22
5.48387,78,19,22,9,3
7.29032,84,19,18,14,10,22
5.22581,86,19,14,2,5
6.3871,112,19,7,15,10,4
7.6129,74,19,6,21,14,7
7.22581,86,19,11,14,6,17
5.54839,76,19,3,1,7,19
4.70968,102,19,8,13,9
5.87097,66,19,22,13,6
5.6129,74,19,19,9,3,21
5.93548,64,19,12,20,22
7.22581,86,19,11,14,20,7
7.54839,76,19,22,22,7,1,21
5.48387,78,19,11,10,7
5.87097,66,19,12,7,2
5.80645,68,19,21,3,19,21,20
5.87097,66,19,18,13,13,6
5.87097,66,19,8,7,9
3.35484,82,19,6,10
5.03226,92,19,3,2,5
3.16129,88,19,2,10
7.54839,76,19,19,18,5,9,10,19
7.22581,86,19,10,9,3,20
9.41936,80,19,19,15,7,21,18,13
3.09677,90,19,19,20,5
7.6129,74,19,22,6,15,8
7.48387,78,19,7,22,17,11
7.93548,64,19,18,12,11,9
4,62,19,18,17,19
7.87097,66,19,16,5,9,14
7.6129,74,19,21,12,8,9
4,62,19,12,5
5.48387,78,19,3,5,8
3.03226,92,19,4,10
3.6129,74,19,12,4,19
6,62,19,8,11,17
2.83871,98,19,13,16
3.74194,70,19,13,3
5.35484,82,19,1,13,1,18
3.67742,72,19,5,12
7.22581,86,19,8,11,11,7,10
4,62,19,4,19,17
5.09677,90,19,19,10,3,16
5.22581,86,19,5,10,2
3.93548,64,19,4,3
5.48387,78,19,12,10,1
9.54839,76,19,8,14,17,14,12,11
7.29032,84,19,18,9,18,8,4
4.58065,106,19,22,13,16
3.35484,82,19,5,2
3.93548,64,19,20,22
3.35484,82,19,10,10,2
5.35484,82,19,9,22,4
5.87097,66,19,3,2,15
5.87097,66,19,11,16,16,14
5.67742,72,19,14,17,4
7.74194,70,19,14,2,12,4
5.93548,64,19,18,12,9
3.16129,88,19,4,16
5.80645,68,19,13,13,19,21,21,12
7.03226,92,19,10,19,18,19,21,9
3.80645,68,19,13,22
7.16129,88,19,21,2,15,20
8.77419,100,19,19,18,14,18,22,3,17
7.03226,92,19,14,19,1,2,6
9.93548,64,19,22,7,18,1,8
5.48387,78,19,8,10,21
3.74194,70,19,10,15,19
7.48387,78,19,17,15,18,9
5.54839,76,19,17,16,11
5.29032,84,19,17,16,22
3.93548,64,19,5,22
7.74194,70,19,16,9,5,18,19
8,62,19,8,11,14,17
5.80645,68,19,16,14,22
5.87097,66,19,16,1,21
3.67742,72,19,16,2
3.80645,68,19,10,12
5.48387,78,19,22,20,8
5.48387,78,19,8,16,6
3.67742,72,19,6,3
3.54839,76,19,13,11
6.83871,98,19,15,8,10,8,13
5.67742,72,19,6,18,22
5.80645,68,19,8,20,7
4.83871,98,19,7,4,9
4.83871,98,19,1,4,11
9.87097,66,19,18,18,11,8,1,9
3.67742,72,19,6,3
5.35484,82,19,1,4,7
5.6129,74,19,9,18,18,18,17
3.35484,82,19,10,2
3.67742,72,19,16,20
5.41935,80,19,10,9,20
7.67742,72,19,1,10,5,14
7.74194,70,19,15,15,18,17,10
7.48387,78,19,20,2,21,6
7.41935,80,19,1,11,21,12,11
5.09677,90,19,10,8,17
5.87097,66,19,21,2,6
4.90323,96,19,3,20,10
5.22581,86,19,2,19,3,6
7.22581,86,19,16,11,11,9,8
4,62,19,5,15
3.87097,66,19,14,6,19
4.90323,96,19,16,17,16,6
9.67742,72,19,19,15,14,3,8,3,7
7.87097,66,19,3,21,2,4
3.93548,64,19,5,14
6,62,19,21,22,9
7.03226,92,19,4,13,13,4,4,6,12
4.83871,98,19,19,1,4,11
5.54839,76,19,11,19,10,10,22
4.83871,98,19,14,10,20
4,62,19,5,15
3.67742,72,19,17,11
6,62,19,19,21,3,3,15
3.29032,84,19,6,6,5
6.90323,96,19,8,10,1,6
3.87097,66,19,20,8
7.16129,88,19,9,16,11,6
4.96774,94,19,2,15,2,6
6.58065,106,19,7,18,5,21
5.35484,82,19,3,21,19,2
3.29032,84,19,20,16
5.80645,68,19,19,22,21,16
7.87097,66,19,11,19,8,21,1
7.87097,66,19,8,1,5,17
7.48387,78,19,7,14,6,21
7.54839,76,19,18,21,1,12
4.83871,98,19,9,19,5,21
3.16129,88,19,10,13
5.6129,74,19,10,10,1,7
4.51613,108,19,17,5,6
5.80645,68,19,22,11,16
5.87097,66,19,17,18,8
5.67742,72,19,3,2,6
9.6129,74,19,8,12,18,21,21,2
5.6129,74,19,3,18,19,18,5
3.93548,64,19,5,22
4,62,19,20,15
7.80645,68,19,17,19,8,14,2
7.41935,80,19,17,10,10,5,11
5.54839,76,19,17,5,1
5.80645,68,19,6,21,8
5.54839,76,19,1,10,12
5.74194,70,19,1,9,21
7.48387,78,19,3,11,3,16,18
9.6129,74,19,18,14,1,12,2
3.35484,82,19,2,9
6,62,19,11,21,13
6,62,19,1,12,15
5.16129,88,19,1,2,17
4.70968,102,19,7,16,20
7.48387,78,19,22,8,12,11
5.93548,64,19,11,1,1,13
6.96774,94,19,18,9,1,1,17
3.67742,72,19,16,2
5.35484,82,19,11,4,14
3.93548,64,19,2,11
3.6129,74,19,20,6
7.80645,68,19,7,21,15,20
7.16129,88,19,8,6,22,16
7.54839,76,19,15,17,18,16
5.6129,74,19,3,9,14
5.87097,66,19,21,3,16
6.32258,114,19,2,20,2,4,4,10
7.35484,82,19,14,11,7,3
7.48387,78,19,14,1,16,7
5.03226,92,19,3,2,5
7.54839,76,19,8,12,13,3
5.80645,68,19,20,2,22
3.87097,66,19,16,16,22,19
7.35484,82,19,14,3,22,20
7.67742,72,19,5,16,11,14
5.48387,78,19,4,2,15
6,62,19,16,9,12
5.67742,72,19,3,6,22
3.22581,86,19,2,2,5
7.16129,88,19,21,12,20,17
5.48387,78,19,5,8,15
4.90323,96,19,17,17,10,12
3.41935,80,19,9,4
5.22581,86,19,16,21,11
7.29032,84,19,7,11,3,15
4.58065,106,19,15,13,10
6,62,19,22,8,7
3.35484,82,19,6,10
7.35484,82,19,21,2,22,2,14
5.74194,70,19,10,11,12
6,62,19,18,3,13
5.74194,70,19,14,14,15,16,19
3.35484,82,19,10,2
3.80645,68,19,10,21
5.29032,84,19,3,5,22
4.64516,104,19,13,4,5
4.90323,96,19,19,11,19,9,13
8,62,19,3,12,4,2
3.80645,68,19,10,12
5.03226,92,19,22,5,7
5.09677,90,19,19,6,18,5
6,62,19,7,17,16
8,62,19,15,21,14,15,6
5.6129,74,19,12,1,1,19,21
4,62,19,5,15
5.93548,64,19,11,8,12,12,11
5.87097,66,19,16,15,17
5.09677,90,19,16,19,10,21
3.41935,80,19,6,9
7.29032,84,19,12,21,17,6
7.87097,66,19,14,12,7,8
5.67742,72,19,17,15,1
3.74194,70,19,13,3
4.90323,96,19,17,9,12
5.6129,74,19,18,6,12
9.29032,84,19,19,8,14,16,5,18
3.6129,74,19,6,1
3.87097,66,19,19,20,11
3.6129,74,19,13,18
5.35484,82,19,16,18,13
4.83871,98,19,7,2,10
4,62,19,12,5
5.03226,92,19,10,19,20,8
5.87097,66,19,18,2,3
5.48387,78,19,19,16,17,5
3.29032,84,19,19,10,4
3.87097,66,19,6,8
5.74194,70,19,20,19,1,11,19
6,62,19,14,7,5
5.41935,80,19,5,1,22
5.74194,70,19,8,20,22
6,62,19,11,14,13
5.93548,64,19,12,10,9
5.16129,88,19,4,20,22
5.67742,72,19,19,10,1,15
3.87097,66,19,2,1
3.87097,66,19,2,1
5.16129,88,19,15,9,6
5.54839,76,19,1,14,1,6
5.35484,82,19,21,16,17
3.09677,90,19,20,10
5.35484,82,19,10,9,19,19,5
6.70968,102,19,18,1,18,6,11
3.35484,82,19,10,2
6,62,19,21,9,5
3.6129,74,19,16,7,19
3.16129,88,19,5,4
3.87097,66,19,20,19,6
6.45161,110,19,21,11,9,20
3.87097,66,19,13,19,17
2.96774,94,19,4,5
3.54839,76,19,10,6
3.67742,72,19,6,20
7.87097,66,19,10,16,16,5,16,8
3.6129,74,19,9,20
3.80645,68,19,13,14
7.48387,78,19,15,7,3,5
9.03226,92,19,3,18,18,8,14,5
5.87097,66,19,5,19,11,18
5.03226,92,19,4,22,1
7.35484,82,19,21,2,22,8
3.87097,66,19,13,13,7
5.29032,84,19,3,5,22
5.41935,80,19,16,5,16,2
5.35484,82,19,4,12,22
7.54839,76,19,18,1,9,17
7.48387,78,19,11,8,15,13
3.6129,74,19,6,11
7.80645,68,19,18,16,9,22
9.74194,70,19,8,3,3,1,3,11,20
4,62,19,21,5
7.87097,66,19,10,16,18,15
7.87097,66,19,11,1,7,17
8.64516,104,19,3,21,8,11,17
8.96774,94,19,11,10,9,1,20
7.16129,88,19,18,7,6,10
3.6129,74,19,13,18
5.6129,74,19,21,4,22,19
7.35484,82,19,14,12,17,21
5.09677,90,19,21,4,20,19
5.6129,74,19,16,5,19,1
7.09677,90,19,7,12,18,2
6.64516,104,19,3,12,13,10
3.87097,66,19,2,6
8,62,19,15,11,9,10
6,62,19,15,8,5
3.67742,72,19,6,20
5.16129,88,19,15,11,19,2
9.67742,72,19,21,17,15,22,18
5.29032,84,19,22,1,20
5.09677,90,19,7,9,16,7
7.74194,70,19,15,14,22,13
5.22581,86,19,19,13,20,7
7.16129,88,19,18,6,4,8
7.16129,88,19,2,12,3,22
3.54839,76,19,4,1
5.93548,64,19,11,16,22
3.35484,82,19,13,1
7.67742,72,19,22,14,7,14,4
5.22581,86,19,9,22,13
5.93548,64,19,21,20,22
4,62,19,16,12
3.87097,66,19,6,8
7.67742,72,19,8,9,8,14,12,8
3.80645,68,19,6,12
4.25806,116,19,10,19,5,13
7.74194,70,19,8,7,12,18
5.35484,82,19,5,18,16
5.41935,80,19,6,15,9
7.6129,74,19,18,6,15,17
7.09677,90,19,1,11,2,17
3.87097,66,19,17,2
5.29032,84,19,12,20,9
3.93548,64,19,2,18
3.87097,66,19,6,2
5.6129,74,19,12,3,19,6
5.93548,64,19,21,21,22,10
5.6129,74,19,18,16,12
3.48387,78,19,13,17
5.80645,68,19,22,6,8
4,62,19,19,4,15
5.09677,90,19,14,20,5
5.87097,66,19,15,11,21
5.16129,88,19,15,19,20,17
3.35484,82,19,10,20
3.87097,66,19,13,7
5.48387,78,19,13,21,3
6,62,19,8,9,15
5.80645,68,19,7,2,22
5.29032,84,19,17,18,2
9.93548,64,19,14,18,22,6,13
3.80645,68,19,16,6
4.90323,96,19,1,5,4
5.35484,82,19,1,4,7
5.54839,76,19,5,8,12
5.03226,92,19,21,13,9
6.77419,100,19,7,11,8,11,6
4.90323,96,19,11,5,20
5.03226,92,19,11,13,8
5.74194,70,19,6,19,6,19,3,2
3.54839,76,19,20,17
5.6129,74,19,8,13,7
3.6129,74,19,4,11
3.93548,64,19,13,19,10
5.74194,70,19,21,11,15
11.2258,86,19,15,7,18,12,2,22
3.35484,82,19,6,10
8,62,19,19,15,19,20,19,14,21
2.96774,94,19,19,4,5
4,62,19,2,8
3.87097,66,19,4,18
5.6129,74,19,8,5,22
7.35484,82,19,10,10,5,18,16
5.09677,90,19,11,13,18
5.54839,76,19,17,6,15
5.41935,80,19,11,19,5,14
4.96774,94,19,7,7,5,14
3.93548,64,19,5,14
7.93548,64,19,8,21,3,18
8.83871,98,19,18,22,5,10,7
5.35484,82,19,7,4,11
5.87097,66,19,19,13,13,2,12
4.77419,100,19,3,17,11
7.87097,66,19,9,10,5,14
3.6129,74,19,13,18
3.6129,74,19,9,2
3.93548,64,19,2,18
6,62,19,15,1,18
5.48387,78,19,4,4,6,18
7.03226,92,19,11,2,2,13,3
9.48387,78,19,14,2,20,21,6
5.74194,70,19,14,14,10,8
7.35484,82,19,1,15,18,5
5.29032,84,19,13,20,3
6.83871,98,19,17,9,16,21
5.87097,66,19,18,18,21,9
7.93548,64,19,7,22,14,20
3.93548,64,19,2,18
5.03226,92,19,6,21,9
3.87097,66,19,2,1
9.48387,78,19,17,15,22,7,22,12
5.35484,82,19,7,13,7,9
4.25806,116,19,20,20,13,5
5.80645,68,19,20,12,20,21
3.74194,70,19,17,3
5.67742,72,19,6,6,7,12
3.35484,82,19,2,16
5.67742,72,19,16,3,21
9.67742,72,19,14,22,18,15,15,20
8,62,19,1,9,18,18,14
7.35484,82,19,9,1,14,4
4.25806,116,19,11,13,5
5.54839,76,19,18,2,2,1
4.58065,106,19,12,9,2
5.35484,82,19,5,5,19,17,10
5.48387,78,19,21,1,20
5.80645,68,19,15,3,4
5.35484,82,19,19,6,18,18,1
6,62,19,22,14,16
9.09677,90,19,22,7,21,12,5
5.80645,68,19,14,9,17
5.22581,86,19,2,14,2,8
3.87097,66,19,2,1
5.41935,80,19,19,21,12,20,19
5.35484,82,19,11,7,9
3.67742,72,19,19,9,6
3.41935,80,19,6,9
5.87097,66,19,22,14,10
7.93548,64,19,8,11,14,9
3.87097,66,19,20,11
3.93548,64,19,1,1,22,19
5.35484,82,19,11,10,12
5.93548,64,19,19,4,19,12,14
5.80645,68,19,22,17,13
5.41935,80,19,1,21,16
3.48387,78,19,6,16
3.67742,72,19,16,16,20
7.16129,88,19,11,3,10,8
3.93548,64,19,13,19,10
5.35484,82,19,5,11,7
5.74194,70,19,12,4,3
5.16129,88,19,14,16,20
5.80645,68,19,9,11,21
5.93548,64,19,18,12,9
5.6129,74,19,22,3,7
3.87097,66,19,4,18
7.6129,74,19,10,18,14,3
5.80645,68,19,15,20,15,15,2
5.48387,78,19,2,13,2,6
5.87097,66,19,15,6,2
4.32258,114,19,13,13,20,10
7.54839,76,19,14,5,5,9,8
4.96774,94,19,19,10,10,17,20
7.35484,82,19,7,16,9,15
4.96774,94,19,8,2,10
7.6129,74,19,16,18,7,6
7.48387,78,19,3,19,18,12,9
6,62,19,8,2,7
5.6129,74,19,1,1,8,1,5,19
5.09677,90,19,4,6,20
5.48387,78,19,7,13,15
5.22581,86,19,11,6,18
7.54839,76,19,8,12,12,15,9
3.35484,82,19,19,6,10
3.87097,66,19,6,2
3.74194,70,19,13,15
3.35484,82,19,10,2
3.93548,64,19,17,4
6,62,19,15,3,2
5.41935,80,19,9,8,2
3.41935,80,19,19,9,4
3.87097,66,19,6,2
5.03226,92,19,2,14,5
7.35484,82,19,8,18,19,16,17
5.74194,70,19,9,5,11,19
3.6129,74,19,6,11
6,62,19,7,20,12
4.90323,96,19,11,10,20
4.70968,102,19,4,6,5
7.6129,74,19,19,9,9,19,3,21,8
5.48387,78,19,8,13,3
4,62,19,4,15
3.93548,64,19,2,11
3.54839,76,19,10,6
7.93548,64,19,4,19,16,9,5
5.54839,76,19,6,7,20
5.54839,76,19,12,20,17
6,62,19,19,1,3,14,1
3.41935,80,19,6,9
6.58065,106,19,14,11,20,16
7.54839,76,19,12,15,22,1
3.29032,84,19,6,5
7.09677,90,19,12,14,1,6
5.35484,82,19,12,12,4,1
4,62,19,20,7
3.87097,66,19,20,8
5.09677,90,19,14,5,21
3.16129,88,19,5,4
5.6129,74,19,3,6,21
3.93548,64,19,5,14
7.80645,68,19,8,2,12,21
3.35484,82,19,5,2
4.77419,100,19,11,17,13
5.35484,82,19,7,19,20,22
4,62,19,19,12,5
3.6129,74,19,6,11
7.67742,72,19,8,14,5,1
5.87097,66,19,1,5,8
4,62,19,9,12
5.93548,64,19,16,14,12
5.29032,84,19,11,13,22
5.09677,90,19,17,9,22
3.67742,72,19,17,1
5.93548,64,19,15,16,8
6,62,19,18,20,13
7.54839,76,19,10,9,17,7
5.22581,86,19,7,20,6
9.35484,82,19,18,21,14,11,2
3.80645,68,19,6,12
5.29032,84,19,1,7,10
4,62,19,5,3
6,62,19,19,6,22,17
4.77419,100,19,11,6,1
6.45161,110,19,12,19,1,10,4
6.77419,100,19,8,11,20,16
4,62,19,20,7
4,62,19,21,5
9.03226,92,19,11,9,5,10,6
6.12903,120,19,21,10,5,4
3.87097,66,19,20,8
3.74194,70,19,4,17
5.41935,80,19,21,11,13
3.87097,66,19,20,18
5.54839,76,19,7,19,1,4
7.80645,68,19,21,12,12,14,20
3.09677,90,19,4,9
5.48387,78,19,18,4,17
5.67742,72,19,7,16,11
7.35484,82,19,10,5,16,6
3.09677,90,19,4,9
6,62,19,19,19,2,22,15
5.87097,66,19,1,13,13,4
5.74194,70,19,12,7,7,20
5.29032,84,19,11,12,2,11
3.16129,88,19,5,4
4.45161,110,19,11,11,4,16
5.03226,92,19,5,9,19,20
3.29032,84,19,6,5
3.80645,68,19,6,12
6.96774,94,19,8,10,16,20
3.16129,88,19,2,10
3.87097,66,19,20,11
5.03226,92,19,19,22,11,17
5.67742,72,19,18,4,3
7.41935,80,19,1,10,5,12
7.41935,80,19,21,18,22,5
3.67742,72,19,9,6
4.90323,96,19,19,19,3,20,5
7.6129,74,19,15,22,9,8
4.96774,94,19,6,14,5
5.93548,64,19,22,12,15
5.29032,84,19,7,9,3
5.54839,76,19,5,5,16,12
5.22581,86,19,19,21,10,18
7.29032,84,19,9,5,8,16
4.64516,104,19,2,13,16
6.83871,98,19,11,5,10,2
6.90323,96,19,18,19,20,19,22,5
5.6129,74,19,3,16,14
9.35484,82,19,22,17,7,21,1
7.29032,84,19,2,4,13,13,14
6.77419,100,19,21,4,13,13,5
7.87097,66,19,7,22,18,4
5.29032,84,19,19,21,20,9
2.96774,94,19,4,5
5.87097,66,19,6,22,15,19
5.93548,64,19,2,12,18
6.96774,94,19,8,15,9,12
7.67742,72,19,3,12,18,18,20
5.22581,86,19,22,3,6
5.35484,82,19,10,19,17,14
4.90323,96,19,21,10,7
5.67742,72,19,7,17,12
3.16129,88,19,1,17,19
4.06452,122,19,1,13,10
6.58065,106,19,11,8,2,9
5.93548,64,19,10,16,14
3.74194,70,19,17,3
3.67742,72,19,5,12
4.90323,96,19,2,19,10,19,10,7
8,62,19,22,17,21,15
3.35484,82,19,10,2
6.96774,94,19,21,20,3,10
4.58065,106,19,17,17,9,6
3.35484,82,19,10,20
7.6129,74,19,14,21,9,11
5.93548,64,19,15,17,4
3.67742,72,19,17,11
7.74194,70,19,16,14,14,8,11
7.54839,76,19,15,19,1,14,9
5.48387,78,19,10,18,17
7.29032,84,19,22,20,2,8
5.87097,66,19,22,17,2
5.48387,78,19,9,14,2
5.67742,72,19,2,4,4,20
4,62,19,5,15
9.74194,70,19,1,1,19,14,7,18,3
5.09677,90,19,2,3,10
5.54839,76,19,6,7,13
5.6129,74,19,11,19,6,14
4,62,19,2,8
4.90323,96,19,22,22,5,12
3.41935,80,19,9,4
4.83871,98,19,10,19,17,11
5.03226,92,19,3,2,5
5.87097,66,19,11,20,21
2.77419,100,19,19,13,10
5.22581,86,19,7,20,2,19
3.74194,70,19,17,17,3
3.6129,74,19,6,1
10,62,19,8,3,14,11,9
4.32258,114,19,7,10,4
6.83871,98,19,11,14,20,6
5.22581,86,19,10,3,15
5.67742,72,19,22,11,10
3.29032,84,19,19,20,9
4.90323,96,19,12,13,16
5.48387,78,19,11,2,8
5.74194,70,19,12,8,4
5.80645,68,19,21,3,13
5.03226,92,19,1,6,8
9.16129,88,19,12,14,11,14,8,14,10
5.48387,78,19,14,16,12
3.54839,76,19,18,4,19
4.96774,94,19,4,22,10
3.16129,88,19,10,13
5.54839,76,19,18,1,10,19
5.54839,76,19,14,17,13
4.58065,106,19,15,13,5
5.48387,78,19,12,10,1
3.54839,76,19,10,6
5.29032,84,19,19,16,7,13
4,62,19,4,15
3.80645,68,19,17,13
4.25806,116,19,9,7,9,4
5.09677,90,19,11,13,18
9.80645,68,19,14,1,16,1,11,12
3.6129,74,19,9,2
4,62,19,9,12
4.83871,98,19,14,16,13
5.6129,74,19,11,10,14
4.64516,104,19,2,13,16
7.54839,76,19,1,8,11,4
3.29032,84,19,10,4
3.87097,66,19,6,8
3.67742,72,19,6,20
5.22581,86,19,3,4,1
3.67742,72,19,2,15,19
3.74194,70,19,13,13,3
7.54839,76,19,18,22,22,3,2
5.87097,66,19,14,14,19,2,22
5.29032,84,19,20,4,14
8.12903,120,19,11,19,8,21,13,16
3.87097,66,19,20,8
7.6129,74,19,12,2,7,17
5.87097,66,19,18,16,18,4
5.74194,70,19,9,10,10,21
5.93548,64,19,14,20,14,16
3.6129,74,19,4,11
6.83871,98,19,11,14,17,12
8,62,19,15,21,17,21,2
3.93548,64,19,10,7
5.74194,70,19,9,10,12
6.96774,94,19,12,9,10,3
7.67742,72,19,14,11,1,5,11
3.48387,78,19,13,17
5.54839,76,19,17,22,5
5.29032,84,19,12,7,19,9
5.35484,82,19,21,17,20
5.22581,86,19,5,18,10
5.93548,64,19,1,14,16
3.35484,82,19,2,16
5.93548,64,19,18,5,11
7.41935,80,19,15,3,3,11,2
8.64516,104,19,15,18,12,1,13
7.74194,70,19,11,21,2,13
5.67742,72,19,20,13,12
5.87097,66,19,22,19,10,11
3.80645,68,19,13,14
4,62,19,9,9,12
5.54839,76,19,2,13,15
5.54839,76,19,13,12,11
3.54839,76,19,20,17
5.54839,76,19,16,22,12
6.77419,100,19,19,15,6,17,13
3.87097,66,19,17,12
6.83871,98,19,7,2,12,16
3.6129,74,19,6,11
4.90323,96,19,20,14,5
5.93548,64,19,3,19,16,15
7.6129,74,19,21,13,12,11
3.09677,90,19,4,9
7.29032,84,19,8,6,8,21,11
5.41935,80,19,6,22,20
4,62,19,20,15
7.29032,84,19,3,9,16,21
5.09677,90,19,10,14,16
9.09677,90,19,11,8,10,5,15
6,62,19,9,10,22
5.54839,76,19,11,11,22,11,15
9.29032,84,19,14,6,22,7,13
5.87097,66,19,12,12,20,11
5.87097,66,19,21,11,10
3.48387,78,19,6,16
3.09677,90,19,4,9
5.80645,68,19,20,2,22
7.67742,72,19,8,9,11,16
5.6129,74,19,12,3,7,19
5.09677,90,19,15,5,12
7.54839,76,19,15,15,11,1,11,2
5.67742,72,19,22,3,20
5.87097,66,19,2,12,8
7.54839,76,19,11,7,7,21,20
3.74194,70,19,17,3
5.29032,84,19,13,20,14
5.35484,82,19,9,9,14,17
7.93548,64,19,18,22,4,6
7.09677,90,19,8,3,20,16
7.80645,68,19,7,18,11,14
5.80645,68,19,11,10,8
5.87097,66,19,12,13,14
2.83871,98,19,13,16
7.29032,84,19,5,10,1,20
5.67742,72,19,19,17,14,11
3.54839,76,19,13,11
3.67742,72,19,5,12
7.54839,76,19,14,18,2,8
5.80645,68,19,8,6,14
2.96774,94,19,4,5
7.03226,92,19,14,16,1,20
3.87097,66,19,2,12,19
7.48387,78,19,16,9,18,6
5.16129,88,19,20,4,3
3.54839,76,19,16,4
4.83871,98,19,17,6,1
5.09677,90,19,8,6,9
5.93548,64,19,11,2,21
6,62,19,22,6,17
4.83871,98,19,12,17,20
5.67742,72,19,12,2,17
9.41936,80,19,15,22,17,18,10
5.67742,72,19,22,17,1
3.09677,90,19,4,9
6.83871,98,19,1,11,5,5,2
3.6129,74,19,16,7,19
8.83871,98,19,12,14,21,13,17
5.80645,68,19,11,10,18
3.74194,70,19,13,3
5.16129,88,19,16,8,19,20
5.29032,84,19,11,17,21
7.87097,66,19,17,7,22,6
5.67742,72,19,14,22,11,14
