4.25806,116,2,12,5,20
5.29032,84,2,17,7,11
7.67742,72,2,19,18,15,12
3.41935,80,2,10,10,11
5.41935,80,2,17,15,3
3.93548,64,2,20,10
3.6129,74,2,9,19
6,62,2,11,14,3
3.35484,82,2,17,1
5.54839,76,2,1,10,11
5.48387,78,2,20,9,20,13
4,62,2,11,7
5.16129,88,2,18,12,16
5.80645,68,2,15,18,20
7.41935,80,2,13,18,14,6
5.87097,66,2,14,7,13
7.54839,76,2,22,21,12,12,15
3.87097,66,2,2,17,6
6,62,2,12,4,20
3.67742,72,2,16,19
3.93548,64,2,18,4
3.35484,82,2,10,17
3.93548,64,2,18,4
5.67742,72,2,2,3,18,10
3.80645,68,2,17,9
4.70968,102,2,4,1,17
5.35484,82,2,19,2,22,2,7
4.96774,94,2,14,17,20
7.54839,76,2,2,12,14,3,5
3.93548,64,2,20,5
3.80645,68,2,6,8
3.54839,76,2,6,11
7.41936,80,2,11,16,9,8
5.93548,64,2,18,14,20
5.80645,68,2,3,19,18,3
5.29032,84,2,4,8,6
3.74194,70,2,8,19,2
4,62,2,8,20
3.54839,76,2,6,1
9.09677,90,2,8,1,9,5,18
3.6129,74,2,16,8
5.22581,86,2,20,18,18,8,20
9.22581,86,2,14,8,19,1,7
5.87097,66,2,21,21,15,15,6,21
5.41935,80,2,19,2,13,18
5.54839,76,2,4,1,16
5.67742,72,2,6,4,12
5.67742,72,2,4,11,14
5.93548,64,2,18,14,20
5.48387,78,2,19,7,13
2.77419,100,2,16,20
3.74194,70,2,16,11
9.35484,82,2,13,21,8,19,10
3.09677,90,2,10,14
7.74194,70,2,21,8,21,12,1
5.41935,80,2,3,1,4
4.45161,110,2,18,10,6
3.41935,80,2,16,2,8
7.6129,74,2,14,19,3,14,7
5.80645,68,2,2,12,3,17
5.29032,84,2,22,11,11,22,12
5.09677,90,2,15,6,1
7.54839,76,2,13,7,21,17
6,62,2,22,22,22,18,17
9.29032,84,2,2,12,15,15,18,19,5
6,62,2,1,5,16
5.22581,86,2,22,1,15
5.80645,68,2,20,15,13
3.48387,78,2,17,13
3.87097,66,2,17,6
5.16129,88,2,20,1,17
9.16129,88,2,15,14,7,22,3
3.87097,66,2,19,20
5.54839,76,2,1,21,19
7.6129,74,2,20,2,21,21,19,4
4,62,2,1,15
4,62,2,21,5
3.54839,76,2,1,6
8,62,2,8,19,3,11
4.64516,104,2,20,16,6
5.16129,88,2,5,9,15
5.54839,76,2,15,8,10
5.80645,68,2,12,11,22
5.6129,74,2,13,21,10
2.45161,110,2,16,13
5.87097,66,2,12,3,6
3.48387,78,2,1,17
3.16129,88,2,9,9,12
3.41935,80,2,9,14
3.16129,88,2,10,15
5.93548,64,2,13,15,8
7.67742,72,2,20,14,12,22
5.35484,82,2,18,3,3,16
5.74194,70,2,11,15,21
3.6129,74,2,4,10
3.35484,82,2,6,9
7.09677,90,2,20,7,21,10
3.35484,82,2,17,11
5.87097,66,2,19,14,4
3.93548,64,2,20,10
6.96774,94,2,1,5,10,7
3.35484,82,2,17,1
4,62,2,21,5
3.48387,78,2,17,13
5.87097,66,2,16,9,5,16
4.83871,98,2,7,16,12
4.96774,94,2,21,9,12
7.41935,80,2,11,8,18,17
5.29032,84,2,6,22,9
3.6129,74,2,11,6
5.93548,64,2,8,14,6
6.32258,114,2,12,1,10,10,20
5.87097,66,2,8,19,17
3.09677,90,2,10,3
4.83871,98,2,15,1,6
3.74194,70,2,19,13
5.93548,64,2,11,19,21
5.41935,80,2,1,10,10,8
5.48387,78,2,19,3,13
3.54839,76,2,11,17
5.74194,70,2,11,16,1
5.93548,64,2,18,19,8,18
5.41935,80,2,12,16,8
7.41935,80,2,7,14,18,13
5.74194,70,2,3,22,14
2.32258,114,2,8,10,10,2
3.35484,82,2,9,22
5.54839,76,2,4,17,18
3.74194,70,2,6,12
4.83871,98,2,3,21,2,17
5.80645,68,2,6,22,19
3.6129,74,2,16,18
5.93548,64,2,3,7,21
3.54839,76,2,9,8
3.93548,64,2,17,10
5.22581,86,2,20,7,6,2
5.67742,72,2,7,18,13
5.93548,64,2,20,6,4
5.6129,74,2,22,18,13
5.03226,92,2,16,5,5,5,15
4.32258,114,2,22,9,4
6.96774,94,2,15,14,7,5
5.09677,90,2,1,1,5,22
7.09677,90,2,12,11,19,13
3.35484,82,2,5,17
4.90323,96,2,21,10,7
5.87097,66,2,15,1,8
5.67742,72,2,7,4,20
3.80645,68,2,18,13
5.29032,84,2,15,11,15,1
5.41935,80,2,9,9,16,15
5.54839,76,2,3,18,4
2.19355,118,2,10,13
4.83871,98,2,1,21,16
2.77419,100,2,9,20
7.48387,78,2,15,21,7,13
3.16129,88,2,2,5,3
5.80645,68,2,22,10,16
3.74194,70,2,6,12
4.64516,104,2,19,17,11
3.54839,76,2,6,1
3.35484,82,2,5,17
5.22581,86,2,18,3,10
6,62,2,19,10,9
2.96774,94,2,2,5,7
5.48387,78,2,14,6,17
5.54839,76,2,4,15,15,10
5.35484,82,2,12,20,16
3.93548,64,2,18,4
3.35484,82,2,10,17
6.58065,106,2,2,20,11,16,6
5.54839,76,2,19,3,16
5.29032,84,2,4,13,2,16
6.96774,94,2,20,13,6,16
2.77419,100,2,5,21
5.6129,74,2,18,1,5
4.96774,94,2,19,12,5
4,62,2,18,5
5.09677,90,2,18,21,10
7.35484,82,2,8,1,16,18
7.6129,74,2,19,15,21,6
3.09677,90,2,10,3
5.48387,78,2,15,21,2,3
5.80645,68,2,1,21,14
4.77419,100,2,2,22,2,22,16,6
5.29032,84,2,11,3,17
5.41935,80,2,22,19,13
3.93548,64,2,10,16
5.80645,68,2,18,15,11
5.87097,66,2,4,8,21
5.80645,68,2,21,13,13,15
4.77419,100,2,19,19,17,17,13
2.3871,112,2,10,20
3.87097,66,2,19,4
5.22581,86,2,19,3,6
3.87097,66,2,17,19
5.29032,84,2,2,2,20,6,12
6,62,2,12,14,10
5.74194,70,2,6,15,17
5.74194,70,2,18,8,22
7.87097,66,2,21,19,1,10
5.87097,66,2,4,19,21
7.29032,84,2,21,21,8,15,13
5.29032,84,2,16,10,17
3.54839,76,2,1,1,4
3.87097,66,2,1,22
4.51613,108,2,14,14,16,4
6,62,2,12,20,22
4,62,2,21,5
5.74194,70,2,3,4,6
3.80645,68,2,18,13
3.93548,64,2,11,22
5.74194,70,2,3,4,6
3.80645,68,2,16,1
5.74194,70,2,8,3,10
7.29032,84,2,3,12,15,11
3.93548,64,2,20,10
4.96774,94,2,18,3,17
5.48387,78,2,1,14,6
5.67742,72,2,3,19,4
3.87097,66,2,1,22
3.54839,76,2,1,6
2.77419,100,2,2,9,20
5.41935,80,2,19,7,7,1
7.74194,70,2,14,8,18,17
5.87097,66,2,20,8,9
5.67742,72,2,4,15,11
6,62,2,22,9,10
5.09677,90,2,15,20,19
7.09677,90,2,13,21,12,5
7.74194,70,2,8,14,1,1,9
5.6129,74,2,3,11,4
3.16129,88,2,10,15
6,62,2,21,1,5
3.80645,68,2,13,9
5.35484,82,2,12,9,15
3.09677,90,2,5,22
3.48387,78,2,16,22
5.6129,74,2,1,3,20
5.80645,68,2,19,14,17
3.74194,70,2,16,11
5.09677,90,2,13,11,4
5.09677,90,2,21,20,10
4,62,2,17,21
5.74194,70,2,6,21,19
7.54839,76,2,3,12,19,9
5.67742,72,2,7,13,6
5.87097,66,2,8,3,22
5.87097,66,2,22,3,12
5.03226,92,2,19,10,14
3.6129,74,2,16,18
3.80645,68,2,8,13
2.64516,104,2,14,16,16,2
3.80645,68,2,18,13
3.22581,86,2,10,2,8
5.74194,70,2,11,18,21
6.90323,96,2,2,20,15,17,11
5.54839,76,2,21,12,21,5
7.67742,72,2,12,8,14,12,12,19
5.80645,68,2,22,18,5
2.45161,110,2,16,13
6,62,2,14,16,5
3.6129,74,2,2,17,4
5.54839,76,2,4,11,16
3.80645,68,2,13,9
2.45161,110,2,2,16,13
6,62,2,14,11,18
8,62,2,14,8,18,21
5.67742,72,2,8,18,10
2.64516,104,2,14,16,2
4.3871,112,2,8,9,4
4.70968,102,2,7,20,16
5.67742,72,2,14,7,14,10
5.67742,72,2,19,3,15
7.54839,76,2,19,7,15,12
7.48387,78,2,13,4,17,4,7
7.48387,78,2,3,11,14,17
7.48387,78,2,22,15,1,5
5.87097,66,2,12,15,16
4,62,2,15,5
4.3871,112,2,15,20,10
9.74194,70,2,21,7,14,22,18
5.80645,68,2,21,17,16
4,62,2,8,20
3.67742,72,2,11,4
3.48387,78,2,5,2,2,14
7.67742,72,2,20,21,8,5
3.35484,82,2,17,11
5.93548,64,2,15,16,10
6,62,2,15,7,11
4.12903,120,2,19,10,13
3.09677,90,2,10,22
7.16129,88,2,13,6,14,14,16
4,62,2,7,10
3.41935,80,2,10,10,11
5.93548,64,2,20,9,5
5.35484,82,2,18,1,15
5.35484,82,2,7,17,3
7.48387,78,2,11,14,12,13
5.6129,74,2,4,1,19
3.35484,82,2,10,19
3.6129,74,2,16,2,2,7
5.41935,80,2,4,17,16
9.48387,78,2,20,3,14,12,13
3.87097,66,2,8,8,17
3.80645,68,2,2,6,8
5.87097,66,2,13,19,11
4,62,2,5,16
4.83871,98,2,1,18,1,4
5.03226,92,2,16,10,14
5.87097,66,2,7,6,14
3.93548,64,2,18,21,2
2.83871,98,2,10,10,12
2.96774,94,2,5,7
3.54839,76,2,1,6
6.64516,104,2,19,10,5,12
5.29032,84,2,17,7,11
3.80645,68,2,2,22,12,2
5.74194,70,2,12,17,15
3.09677,90,2,10,3
5.93548,64,2,15,6,7
5.54839,76,2,2,4,1,10
4,62,2,8,20
3.35484,82,2,22,2,10
3.16129,88,2,5,3
3.48387,78,2,16,16,2,15
7.87097,66,2,15,19,19,11,8
4.45161,110,2,1,5,20
3.16129,88,2,16,16,21
7.74194,70,2,7,22,4,21
5.87097,66,2,12,3,2,4
3.6129,74,2,6,6,3
5.16129,88,2,5,9,15
5.67742,72,2,8,12,7
4,62,2,17,18
4.90323,96,2,15,3,17
3.16129,88,2,2,5,15
5.48387,78,2,18,7,16
5.16129,88,2,3,7,9
3.54839,76,2,6,1
3.93548,64,2,10,16
7.41935,80,2,18,14,8,6
3.80645,68,2,6,8
3.48387,78,2,1,17
3.09677,90,2,10,14
3.67742,72,2,16,19
4.64516,104,2,21,16,20
2.51613,108,2,18,9,2
5.41935,80,2,19,19,11,20
3.35484,82,2,10,17
5.67742,72,2,22,9,1
5.54839,76,2,22,1,14
5.87097,66,2,11,12,21
7.54839,76,2,20,22,6,15
7.54839,76,2,19,8,18,1
3.6129,74,2,9,19
5.41935,80,2,12,6,18
5.03226,92,2,1,2,22,22,11
3.80645,68,2,6,8
5.29032,84,2,15,8,17
4.51613,108,2,20,3,2,2,16
3.35484,82,2,17,1
3.6129,74,2,6,20
3.93548,64,2,11,20
3.16129,88,2,16,21
3.6129,74,2,13,13,10
5.22581,86,2,14,10,18
5.93548,64,2,12,13,14
3.93548,64,2,17,10
3.22581,86,2,6,5
7.67742,72,2,3,19,8,9
4,62,2,1,15
5.80645,68,2,20,6,13
2.96774,94,2,10,7
5.03226,92,2,20,4,5
5.29032,84,2,19,10,17
7.80645,68,2,14,4,14,19,18
7.67742,72,2,11,14,21,21,8
7.80645,68,2,13,12,15,17
5.87097,66,2,20,1,18
7.09677,90,2,1,8,3,6
5.41935,80,2,18,19,13
3.6129,74,2,11,6
5.22581,86,2,7,16,15
5.80645,68,2,4,6,12
7.35484,82,2,17,22,7,13
5.03226,92,2,6,21,16
3.93548,64,2,18,4
5.48387,78,2,3,2,19,16
3.41935,80,2,9,3
8,62,2,14,7,18,22
5.87097,66,2,21,19,20
3.93548,64,2,20,10
7.35484,82,2,14,12,8,10
3.09677,90,2,5,22
4,62,2,7,7,7,10
5.16129,88,2,13,8,13,11
3.93548,64,2,7,5
5.74194,70,2,21,8,13
5.54839,76,2,22,16,19
4.96774,94,2,12,6,12,10
3.35484,82,2,10,19
4,62,2,6,17
4.45161,110,2,18,9,16,2
5.54839,76,2,17,7,8
4.90323,96,2,1,12,9
5.16129,88,2,21,9,21,2,2,19
9.74194,70,2,20,14,7,18,19
2.77419,100,2,5,21
5.87097,66,2,15,19,10
3.16129,88,2,5,3
5.87097,66,2,14,7,3
3.93548,64,2,14,19,19,2
5.41936,80,2,1,12,1,18
5.22581,86,2,8,12,9
3.35484,82,2,10,17
5.87097,66,2,12,15,11
3.09677,90,2,10,22
3.41935,80,2,16,3
3.54839,76,2,6,11
6,62,2,8,11,18
5.41935,80,2,7,20,20,15
4.90323,96,2,12,12,5,14
4,62,2,17,21
3.29032,84,2,6,10
7.93548,64,2,20,11,3,19
7.87097,66,2,19,11,1,1,3
4.70968,102,2,18,10,12
3.22581,86,2,9,7
2.64516,104,2,16,4
5.93548,64,2,19,18,1
6,62,2,15,22,13
3.87097,66,2,16,2,4
3.6129,74,2,4,10
7.54839,76,2,8,11,12,18
4.90323,96,2,12,5,14
5.87097,66,2,1,9,11
4,62,2,5,16
3.93548,64,2,19,6
5.54839,76,2,22,9,11
5.48387,78,2,1,8,4
5.74194,70,2,21,13,12,2
5.35484,82,2,13,19,6
3.41935,80,2,6,16
3.6129,74,2,11,6
3.29032,84,2,16,7
3.29032,84,2,10,8
5.80645,68,2,18,7,12
5.67742,72,2,15,8,16
3.09677,90,2,9,9,21
5.41935,80,2,13,17,14
5.74194,70,2,16,9,11
3.41935,80,2,5,2,22
3.41935,80,2,9,14
5.74194,70,2,11,18,21
5.80645,68,2,4,8,12
3.74194,70,2,6,6,12
5.67742,72,2,19,17,22
3.48387,78,2,16,15
5.6129,74,2,21,16,11
2.32258,114,2,5,4
3.87097,66,2,19,20
3.35484,82,2,5,17
5.6129,74,2,22,17,4
3.93548,64,2,11,20
5.93548,64,2,12,16,10
5.74194,70,2,15,14,13
5.48387,78,2,6,7,13
3.54839,76,2,17,12
3.6129,74,2,5,1
3.22581,86,2,9,7
7.35484,82,2,18,8,19,17
7.48387,78,2,14,3,19,10
3.16129,88,2,5,3
5.48387,78,2,7,11,5
6,62,2,11,5,9
5.87097,66,2,14,22,12
5.35484,82,2,21,17,3
4.58065,106,2,14,4,9
9.93548,64,2,12,15,22,22,18,19
5.35484,82,2,7,4,19
5.41935,80,2,11,9,3
7.74194,70,2,14,21,18,1
4,62,2,15,5
8,62,2,22,14,18,14,22,21
4,62,2,6,17
5.67742,72,2,4,14,9
5.54839,76,2,19,12,22
5.54839,76,2,13,4,10
5.35484,82,2,22,3,22,22,12
2.19355,118,2,2,10,10,13
3.87097,66,2,17,6
5.87097,66,2,18,12,19
7.74194,70,2,3,11,21,15
5.6129,74,2,19,11,21
2.64516,104,2,12,9,2
3.93548,64,2,17,10
7.6129,74,2,12,3,18,10
5.80645,68,2,13,19,7
5.93548,64,2,3,2,12,1
3.41935,80,2,3,22,22,2
3.35484,82,2,5,19
7.67742,72,2,12,3,20,3,18
3.87097,66,2,8,17
5.22581,86,2,15,9,17
3.6129,74,2,5,1
7.35484,82,2,20,8,11,22
4.64516,104,2,21,9,6
7.35484,82,2,1,11,9,18
5.22581,86,2,8,9,14
5.93548,64,2,18,21,4
5.35484,82,2,4,1,12
4.96774,94,2,6,21,9
7.22581,86,2,4,21,17,9
5.93548,64,2,21,6,17
2.3871,112,2,3,5,2
3.6129,74,2,9,19
5.6129,74,2,7,4,14
5.74194,70,2,2,8,2,20,18
5.41935,80,2,2,11,9,17
4,62,2,21,5
3.93548,64,2,2,18,20
3.87097,66,2,9,2,12
3.80645,68,2,3,13,2
3.29032,84,2,10,18
5.29032,84,2,15,2,8,9
2.3871,112,2,10,20
3.87097,66,2,17,5
5.22581,86,2,1,18,5
5.74194,70,2,13,18,1
5.6129,74,2,19,16,11
2.90323,96,2,16,6
5.22581,86,2,18,10,17
2.77419,100,2,5,21
5.87097,66,2,21,1,12
4.51613,108,2,3,4,16
3.93548,64,2,17,10
5.09677,90,2,11,12,9
3.35484,82,2,10,17
3.6129,74,2,6,3
3.22581,86,2,9,9,7
7.93548,64,2,20,21,12,7
5.80645,68,2,14,1,21
3.93548,64,2,9,1
7.16129,88,2,20,12,4,1
4.64516,104,2,15,9,6
8,62,2,14,19,8,7
3.80645,68,2,9,11
5.41935,80,2,19,22,22,1
3.35484,82,2,10,17
3.6129,74,2,4,10
7.80645,68,2,11,8,19,7
7.80645,68,2,21,22,6,13
5.35484,82,2,7,13,7,1
5.93548,64,2,19,11,14
8,62,2,20,21,18,21,3
3.93548,64,2,11,22
5.6129,74,2,18,12,22
3.48387,78,2,17,13
8.70968,102,2,13,21,15,17,1
5.87097,66,2,6,15,14
3.09677,90,2,10,22
2.83871,98,2,5,5,12
5.80645,68,2,1,3,21
8,62,2,14,11,16,9
5.80645,68,2,13,12,17
3.6129,74,2,5,1
5.48387,78,2,4,18,5
3.09677,90,2,10,3
5.80645,68,2,4,19,7
4.64516,104,2,8,16,20
5.41935,80,2,18,19,13
8.83871,98,2,12,18,19,3,17
7.35484,82,2,22,15,21,10
5.87097,66,2,14,8,6
3.29032,84,2,5,2,8
4,62,2,6,17
5.16129,88,2,19,17,5
5.6129,74,2,4,19,9
5.67742,72,2,11,2,14,2,2,11,19
5.03226,92,2,2,7,20,2,19
3.48387,78,2,9,15
2.64516,104,2,3,3,16,2
3.67742,72,2,10,2,2,12
5.09677,90,2,7,7,7,6,10
3.93548,64,2,14,19,2
5.93548,64,2,14,22,8
4.77419,100,2,12,16,12,5
3.35484,82,2,5,19
2.83871,98,2,10,12
5.80645,68,2,20,8,10
5.48387,78,2,11,18,11,5
3.41935,80,2,16,3
4,62,2,5,16
3.87097,66,2,11,3,2
3.74194,70,2,11,13
5.29032,84,2,13,6,5
3.16129,88,2,9,12
5.6129,74,2,1,3,15
5.6129,74,2,6,15,8
4.90323,96,2,4,17,1
5.93548,64,2,12,4,14
5.6129,74,2,13,20,17
6,62,2,14,12,22
5.67742,72,2,14,2,15,6
3.29032,84,2,10,8
5.93548,64,2,15,21,11
2.3871,112,2,10,20
4,62,2,1,15
5.35484,82,2,16,9,14
3.80645,68,2,8,2,17
5.48387,78,2,2,20,17,14
3.35484,82,2,6,9
2.51613,108,2,7,16,7,16,2
5.09677,90,2,8,5,18
3.80645,68,2,16,1
7.09677,90,2,22,21,3,9
5.6129,74,2,1,21,22
5.87097,66,2,21,3,16
7.48387,78,2,3,21,4,21,20
2.45161,110,2,16,13
5.67742,72,2,18,14,10
3.09677,90,2,10,3
5.54839,76,2,2,1,21,8
5.16129,88,2,15,4,18
5.87097,66,2,14,5,9
3.6129,74,2,17,17,17,4
3.35484,82,2,17,1
5.93548,64,2,21,6,6,18
2.83871,98,2,5,12
5.67742,72,2,21,4,11
5.67742,72,2,3,2,7,7,4
3.6129,74,2,16,18
4.90323,96,2,15,20,6
4.83871,98,2,22,20,17
5.16129,88,2,2,13,17,17,4
6.90323,96,2,20,4,12,10
5.09677,90,2,9,16,21
5.48387,78,2,4,11,18
5.41935,80,2,22,4,15
4.96774,94,2,17,7,5
5.93548,64,2,12,18,20
5.80645,68,2,4,7,3
3.16129,88,2,9,12
5.48387,78,2,3,22,8
7.67742,72,2,12,14,15,10
7.41935,80,2,4,7,19,16
5.6129,74,2,11,21,8
5.74194,70,2,7,11,19
5.67742,72,2,15,11,14
7.54839,76,2,4,7,15,10
5.41935,80,2,22,20,4
3.41935,80,2,10,11
5.48387,78,2,22,16,8
7.22581,86,2,14,7,6,19
5.80645,68,2,11,18,8
3.6129,74,2,4,10
5.22581,86,2,15,17,20
8,62,2,14,22,7,19
5.93548,64,2,12,13,22
3.54839,76,2,11,17
5.48387,78,2,12,12,11,6
7.87097,66,2,21,3,19,22
3.6129,74,2,13,5
5.87097,66,2,12,16,12,3
7.16129,88,2,21,6,21,8,17
5.6129,74,2,13,21,10
3.09677,90,2,10,14
3.6129,74,2,13,5
4,62,2,8,20
6.06452,122,2,21,19,5,13
5.48387,78,2,1,3,22
3.48387,78,2,1,17
3.87097,66,2,17,19
7.29032,84,2,21,7,7,8,6
5.67742,72,2,19,15,9
5.87097,66,2,19,12,20
6,62,2,4,7,8
5.93548,64,2,6,7,14
5.87097,66,2,1,9,11
7.74194,70,2,22,21,7,7,19
9.03226,92,2,21,14,12,13,8
2.45161,110,2,7,9,2
3.29032,84,2,16,7
6,62,2,21,6,14
7.6129,74,2,14,21,11,21,4
5.48387,78,2,4,11,18
3.48387,78,2,16,17
5.80645,68,2,18,12,11
3.6129,74,2,9,19
5.09677,90,2,22,11,20
3.16129,88,2,17,2,16
2.32258,114,2,10,4
3.48387,78,2,3,15,2
5.93548,64,2,21,20,22
3.93548,64,2,11,22
5.54839,76,2,3,13,21
5.67742,72,2,4,6,3
8.77419,100,2,14,8,12,3,6
3.6129,74,2,17,4
3.41935,80,2,6,6,16
3.6129,74,2,5,1
3.87097,66,2,17,6
4,62,2,5,16
5.67742,72,2,11,15,14
4,62,2,21,5
5.93548,64,2,3,14,20
5.6129,74,2,22,2,19,2,4
5.74194,70,2,21,9,1
4.64516,104,2,2,19,5,12
3.16129,88,2,5,3
6.77419,100,2,14,21,21,17,11
9.09677,90,2,20,12,14,7,7,5
5.35484,82,2,3,20,11
5.48387,78,2,8,15,4
5.6129,74,2,1,8,5
7.22581,86,2,11,10,5,17
5.87097,66,2,21,14,2,14,1
5.29032,84,2,21,10,17
4.83871,98,2,2,19,17,12
4,62,2,1,15
3.93548,64,2,1,2,8
3.74194,70,2,11,13
5.93548,64,2,19,22,14
5.74194,70,2,6,21,19
5.16129,88,2,15,20,8
7.29032,84,2,2,15,19,22,16
5.74194,70,2,4,15,15,3
2.64516,104,2,16,4
5.41935,80,2,14,17,16
5.74194,70,2,13,22,7,2
6,62,2,7,2,22,18
5.48387,78,2,13,14,14,5
3.54839,76,2,1,4
3.93548,64,2,18,18,4
5.74194,70,2,16,9,11
3.93548,64,2,7,5
5.54839,76,2,15,6,15,11
3.87097,66,2,14,14,13,2
3.41935,80,2,16,14
3.93548,64,2,20,10
4,62,2,5,16
7.16129,88,2,20,19,22,3
6,62,2,15,12,14
3.41935,80,2,17,20
3.87097,66,2,4,14,2
3.09677,90,2,2,16,12
3.87097,66,2,1,2,19
5.29032,84,2,19,1,20
5.09677,90,2,4,17,12
3.35484,82,2,19,2,9
3.6129,74,2,13,10
3.03226,92,2,17,2,5
7.74194,70,2,6,7,15,17
5.41935,80,2,12,6,18
2.58065,106,2,9,4
3.35484,82,2,10,19
4,62,2,8,20
3.48387,78,2,16,15
4.64516,104,2,1,9,4
5.35484,82,2,3,20,8
5.6129,74,2,1,10,5,1
5.67742,72,2,14,7,16
3.48387,78,2,17,13
5.16129,88,2,4,3,17
5.22581,86,2,6,14,20
4.51613,108,2,15,22,2,16
7.87097,66,2,15,21,4,21,7
4.70968,102,2,18,6,11
4.77419,100,2,21,16,6
4,62,2,18,5
3.09677,90,2,10,22
5.41935,80,2,4,1,1,18
5.93548,64,2,9,5,16
7.29032,84,2,3,8,22,13
3.74194,70,2,6,12
3.80645,68,2,2,2,6,8
2.96774,94,2,5,7
5.87097,66,2,15,14,4
2.19355,118,2,10,13
5.54839,76,2,20,3,17
5.87097,66,2,13,6,8
4.45161,110,2,14,13,9
5.54839,76,2,13,14,10
5.41935,80,2,9,16,15
4.19355,118,2,7,16,13
5.35484,82,2,17,22,11
3.80645,68,2,18,13
5.03226,92,2,7,11,13
3.54839,76,2,6,11
3.41935,80,2,9,14
5.74194,70,2,3,4,21
5.35484,82,2,11,19,20
3.93548,64,2,11,20
5.74194,70,2,13,8,13,6
6.90323,96,2,14,14,12,21,5
3.87097,66,2,2,17,6
6,62,2,3,2,7,14
5.87097,66,2,8,7,14
2.58065,106,2,10,6
4,62,2,18,5
3.48387,78,2,1,13
5.87097,66,2,8,15,17
3.6129,74,2,16,18
7.74194,70,2,14,8,18,16
5.35484,82,2,18,3,16
3.6129,74,2,6,3
3.87097,66,2,6,19
5.16129,88,2,10,5,8
3.87097,66,2,17,16
7.41935,80,2,21,14,20,22
3.29032,84,2,10,8
3.54839,76,2,6,11
5.29032,84,2,9,5,17
5.87097,66,2,15,1,8
5.54839,76,2,1,19,10
3.6129,74,2,10,1
5.48387,78,2,4,6,16
5.09677,90,2,2,11,9,21
7.48387,78,2,18,21,15,21,13
3.87097,66,2,8,17
5.35484,82,2,18,17,10
5.80645,68,2,14,17,15
7.41935,80,2,22,7,11,16
7.16129,88,2,20,15,21,10
5.48387,78,2,7,11,5
6.77419,100,2,22,6,7,5
5.93548,64,2,19,22,22,14
5.74194,70,2,3,7,19
3.87097,66,2,3,17
3.41935,80,2,16,3
9.67742,72,2,14,18,7,22,21,7
5.80645,68,2,8,14,13
5.93548,64,2,1,11,21
3.29032,84,2,10,18
5.87097,66,2,12,20,19
4.3871,112,2,18,6,5
7.93548,64,2,3,1,14,21
5.93548,64,2,18,16,5
5.80645,68,2,12,21,16
7.67742,72,2,20,21,11,12
5.80645,68,2,12,8,4
7.29032,84,2,13,13,4,20,17
7.74194,70,2,13,15,21,4
6,62,2,16,10,9
3.6129,74,2,6,20
5.29032,84,2,19,16,3
5.29032,84,2,2,15,6,12
4,62,2,21,5
3.93548,64,2,1,7
5.35484,82,2,8,9,18
7.29032,84,2,8,7,15,11
3.80645,68,2,6,8
5.74194,70,2,1,11,20
5.09677,90,2,10,9,14
3.41935,80,2,9,3
3.48387,78,2,16,17
5.09677,90,2,14,1,19,2
7.54839,76,2,14,19,15,13
3.6129,74,2,4,10
5.80645,68,2,6,14,21
3.16129,88,2,9,12
6.64516,104,2,7,8,7,21,5
7.35484,82,2,21,19,9,18
5.09677,90,2,7,12,10
5.41935,80,2,7,2,15,9
3.09677,90,2,10,10,14
3.09677,90,2,10,14
5.6129,74,2,19,12,7
4.06452,122,2,15,13,10
3.35484,82,2,17,11
7.48387,78,2,3,19,12,4
3.09677,90,2,10,14
4.96774,94,2,22,4,1
2.3871,112,2,10,20
7.16129,88,2,8,14,12,17
5.80645,68,2,12,1,15
5.6129,74,2,11,12,15
3.29032,84,2,5,5,18
5.6129,74,2,20,8,4
5.54839,76,2,21,2,22,10
5.35484,82,2,8,10,10,11
5.48387,78,2,13,8,10
5.6129,74,2,14,7,9
5.41935,80,2,11,9,14
4.64516,104,2,2,19,16,20
5.93548,64,2,15,6,7
5.54839,76,2,11,19,5
5.67742,72,2,19,7,8
7.74194,70,2,7,8,7,8,1,3
3.16129,88,2,2,18,2,10
4.90323,96,2,1,16,1,17
2.19355,118,2,10,13
3.6129,74,2,16,8
3.87097,66,2,8,17
3.87097,66,2,17,19
5.09677,90,2,18,9,22
3.67742,72,2,16,19
3.87097,66,2,17,2,15
3.93548,64,2,11,22
4,62,2,7,10
5.54839,76,2,4,2,4,18,10
5.6129,74,2,17,22,8
5.48387,78,2,2,13,8,10
5.41935,80,2,8,8,18,15,2
6,62,2,12,7,12,15
3.48387,78,2,9,15
4.3871,112,2,22,4,5
9.16129,88,2,14,8,8,1,11,1,4
3.22581,86,2,9,7
7.09677,90,2,21,14,14,20,6
3.16129,88,2,9,12
5.93548,64,2,8,14,4
7.16129,88,2,20,19,7,13
5.29032,84,2,12,12,16,17
5.41935,80,2,4,6,6,9
3.6129,74,2,5,1
5.80645,68,2,22,14,4
5.16129,88,2,21,4,9
5.6129,74,2,14,7,9
4.96774,94,2,2,20,17,11
5.54839,76,2,19,15,10
5.29032,84,2,11,5,5,17
7.29032,84,2,12,9,10,19
2.96774,94,2,5,7
5.48387,78,2,12,17,18
5.54839,76,2,11,12,7
5.67742,72,2,7,6,4,2
7.6129,74,2,11,18,18,14,3
4,62,2,1,15
4.12903,120,2,14,5,4
5.09677,90,2,19,10,15
5.29032,84,2,12,9,14
7.6129,74,2,2,18,19,21,8
5.67742,72,2,8,22,6
4.25806,116,2,12,19,10,2
6,62,2,2,11,11,1,21
7.09677,90,2,4,18,15,5
5.87097,66,2,18,3,19
4.3871,112,2,15,20,5
4.83871,98,2,4,15,17,2
7.22581,86,2,7,15,17,20
5.29032,84,2,22,16,3
5.54839,76,2,12,22,10
6,62,2,11,1,21
5.29032,84,2,21,7,1,21
3.54839,76,2,4,5
5.41935,80,2,2,14,17,19
7.22581,86,2,8,19,22,1
3.09677,90,2,5,22
5.67742,72,2,4,20,18
3.54839,76,2,6,11
5.93548,64,2,2,20,22,4
5.80645,68,2,21,17,5
5.80645,68,2,8,1,15
5.54839,76,2,8,18,20
5.67742,72,2,7,1,10
5.41935,80,2,2,15,8,20
5.41935,80,2,1,16,17
5.48387,78,2,13,19,13,19,17
5.87097,66,2,20,7,1
5.87097,66,2,13,19,13,19,21
4.77419,100,2,16,9,6
3.74194,70,2,19,13
5.54839,76,2,2,11,12,7
3.80645,68,2,13,9
3.48387,78,2,14,2,5
4,62,2,6,17
3.87097,66,2,19,20
2.58065,106,2,10,6
7.93548,64,2,7,22,15,17,7
6,62,2,12,8,10
3.54839,76,2,4,5
5.41935,80,2,22,21,2,7
7.03226,92,2,7,21,6,12
5.74194,70,2,12,13,18
5.16129,88,2,15,6,20
5.54839,76,2,1,12,13
4.45161,110,2,18,6,10
9.22581,86,2,22,18,14,14,7,13
6.3871,112,2,4,12,13,13,9
5.80645,68,2,21,12,9
3.87097,66,2,17,5
3.74194,70,2,12,2,5
5.54839,76,2,1,16,18
7.93548,64,2,4,2,13,12,8
4.32258,114,2,3,10,20
5.93548,64,2,2,1,19,3
5.48387,78,2,3,3,15,9
7.6129,74,2,21,18,11,16
3.54839,76,2,4,5
4,62,2,21,5
5.35484,82,2,18,7,10
3.35484,82,2,17,11
5.22581,86,2,7,20,19
5.48387,78,2,2,4,8,4,15
5.48387,78,2,4,4,13,4,9
5.16129,88,2,13,2,6,11
4,62,2,17,2,3
5.93548,64,2,3,21,6
