10,62,3,8,7,14,22,15
3.09677,90,3,5,20
7.74194,70,3,22,21,8,1
3.16129,88,3,6,9
7.80645,68,3,11,14,20,12
5.93548,64,3,15,7,16
5.54839,76,3,7,18,13
6,62,3,10,9,19
3.80645,68,3,6,17
7.03226,92,3,15,7,11,2
5.74194,70,3,22,7,9
7.74194,70,3,18,19,11,5
3.87097,66,3,3,22,5
5.74194,70,3,22,17,14
5.67742,72,3,11,4,12
5.6129,74,3,14,14,6,2
8.64516,104,3,8,21,4,4,2,9
7.09677,90,3,18,15,4,8
5.87097,66,3,9,14,18
3.16129,88,3,6,9
5.29032,84,3,7,1,21
5.67742,72,3,12,6,14
3.54839,76,3,16,6
7.48387,78,3,1,7,6,22
5.09677,90,3,13,7,11
5.41935,80,3,11,2,17
4.3871,112,3,18,18,5,13
3.80645,68,3,17,10
5.74194,70,3,6,7,14
5.03226,92,3,4,14,5
5.67742,72,3,21,17,19
3.54839,76,3,10,21
3.74194,70,3,4,11
5.67742,72,3,8,21,3,4
5.22581,86,3,12,4,16
7.29032,84,3,1,8,10,15
3.09677,90,3,16,13
3.93548,64,3,5,18
5.03226,92,3,3,22,20,18
5.48387,78,3,4,6,19
7.48387,78,3,19,2,13,20
7.22581,86,3,8,9,18,6
6,62,3,21,8,9
4.90323,96,3,8,8,8,5,4
3.93548,64,3,13,15
7.35484,82,3,19,11,14,5
4,62,3,21,10
5.41935,80,3,15,1,21
5.41935,80,3,11,13,15
5.48387,78,3,18,2,22
5.54839,76,3,2,22,12
7.80645,68,3,12,21,11,11,11,9
5.74194,70,3,4,15,19
4.45161,110,3,16,14,16,20
5.6129,74,3,8,6,2
5.48387,78,3,2,6,21
5.22581,86,3,4,21,9
5.35484,82,3,8,9,20
5.74194,70,3,11,5,14
5.6129,74,3,21,7,3,14
3.93548,64,3,5,8
4.51613,108,3,20,4,10
5.41935,80,3,8,4,4,4,11
7.16129,88,3,20,2,21,16
2.96774,94,3,13,5
5.03226,92,3,2,18,13
5.54839,76,3,3,22,3,18,3,15
5.87097,66,3,16,10,8
3.74194,70,3,13,11
5.22581,86,3,11,5,6
6.45161,110,3,12,18,10,20
7.87097,66,3,12,18,17,15
5.09677,90,3,9,8,6
5.6129,74,3,15,6,18
5.35484,82,3,22,19,22,5
5.54839,76,3,11,16,6
7.74194,70,3,22,14,21,18
5.80645,68,3,7,4,2
5.09677,90,3,12,16,9,12
3.67742,72,3,17,9
4,62,3,10,8
5.09677,90,3,5,9,2
5.48387,78,3,5,1,12
4.45161,110,3,4,20,5
5.35484,82,3,3,1,17,18
6.96774,94,3,12,9,10,21
4.32258,114,3,15,16,13
3.87097,66,3,10,15
3.35484,82,3,3,17,13
4,62,3,17,3,21
7.03226,92,3,21,6,7,9
9.93548,64,3,8,14,11,7,22
7.54839,76,3,1,12,4,21
3.41935,80,3,16,20
3.6129,74,3,2,16
5.67742,72,3,20,4,12
5.74194,70,3,3,2,8,21
5.41935,80,3,17,22,2
5.29032,84,3,10,11,21
2.70968,102,3,9,17,3
5.6129,74,3,3,3,15,6,18
7.93548,64,3,1,11,8,18,1
5.48387,78,3,1,9,2
4.45161,110,3,12,5,20
7.41936,80,3,14,18,12,5
9.54839,76,3,8,11,10,1,16
7.54839,76,3,14,18,12,16
2.90323,96,3,3,10,13
4.90323,96,3,4,13,16
5.6129,74,3,9,15,17
3.93548,64,3,4,19
9.48387,78,3,19,10,5,16,15
3.09677,90,3,21,9,3
5.67742,72,3,22,12,2
8,62,3,1,7,18,14
3.80645,68,3,17,10
2.96774,94,3,13,10
5.35484,82,3,1,3,3,13,18
2.90323,96,3,10,13
3.09677,90,3,5,20
2.96774,94,3,13,5
5.16129,88,3,7,13,15
5.74194,70,3,22,18,22,16
5.29032,84,3,13,20,18
5.54839,76,3,11,10,12
4,62,3,3,22,1
9.87097,66,3,14,22,7,19,14,18
5.87097,66,3,14,1,2
5.41935,80,3,21,1,2
4.90323,96,3,17,7,10
3.6129,74,3,2,16
8,62,3,12,18,15,11
3.22581,86,3,4,9
5.48387,78,3,6,7,8
4.77419,100,3,2,6,1
5.54839,76,3,11,21,9
3.74194,70,3,13,11
7.48387,78,3,12,4,2,13,12
3.29032,84,3,10,6
3.48387,78,3,17,8
5.41935,80,3,16,19,5
3.74194,70,3,5,22
5.6129,74,3,6,7,19
5.16129,88,3,10,1,20
3.80645,68,3,7,5
5.80645,68,3,5,11,8
6.77419,100,3,12,19,9,6
4.96774,94,3,18,4,1
5.74194,70,3,12,12,10,1
8,62,3,19,16,16,10,1
4.90323,96,3,1,5,13
9.48387,78,3,8,7,22,21,22,22,1
4.45161,110,3,11,13,10
2.90323,96,3,10,13
3.93548,64,3,16,7
3.80645,68,3,7,5
3.74194,70,3,17,19
7.48387,78,3,1,21,4,12
5.09677,90,3,20,18,4
3.16129,88,3,21,16,3
5.41935,80,3,8,9,6
4,62,3,22,1
3.80645,68,3,5,1,3
7.74194,70,3,1,15,21,20
4,62,3,13,22
4.96774,94,3,8,20,5
3.16129,88,3,12,5,3
3.48387,78,3,2,5
5.80645,68,3,12,1,2
5.87097,66,3,8,4,22
3.93548,64,3,16,7
5.41935,80,3,3,13,6,13,7
3.74194,70,3,5,22
5.16129,88,3,1,1,5,2
3.6129,74,3,2,9
5.48387,78,3,11,13,22
5.09677,90,3,19,20,17
7.35484,82,3,12,5,10,19
3.16129,88,3,5,2
4.96774,94,3,15,6,9
3.48387,78,3,3,2,5
5.09677,90,3,7,20,19
3.22581,86,3,22,22,20,3
7.54839,76,3,12,13,20,15
5.87097,66,3,22,13,4
5.67742,72,3,14,16,17
5.6129,74,3,4,14,1
7.80645,68,3,8,18,1,21
5.93548,64,3,9,1,5
3.6129,74,3,6,8
5.80645,68,3,2,8,18
3.6129,74,3,2,9
5.35484,82,3,7,17,17,12
5.80645,68,3,11,12,9
3.74194,70,3,17,19
3.35484,82,3,17,13
3.74194,70,3,9,21
5.41935,80,3,9,11,22
5.80645,68,3,3,5,1,9
7.80645,68,3,18,3,1,19,12
5.67742,72,3,8,5,14
5.29032,84,3,7,19,7,10
3.48387,78,3,2,5
3.54839,76,3,6,12
6,62,3,11,14,5
3.93548,64,3,13,15
3.74194,70,3,5,14
6.19355,118,3,18,14,10,4
3.29032,84,3,17,20
5.35484,82,3,18,17,12
6,62,3,12,8,4
4,62,3,22,11
5.22581,86,3,9,15,1
5.48387,78,3,3,8,15,17,8
3.54839,76,3,10,21
3.16129,88,3,13,7,3
3.80645,68,3,6,17
7.74194,70,3,2,12,14,1
5.41935,80,3,21,11,3,2
5.74194,70,3,18,1,3,19
5.29032,84,3,15,16,14
3.87097,66,3,20,6
5.48387,78,3,12,9,14
3.93548,64,3,5,18
9.41936,80,3,14,8,21,14,18,6
3.80645,68,3,9,12
5.87097,66,3,22,18,17
5.09677,90,3,8,5,2
4.51613,108,3,15,10,6
3.29032,84,3,17,22,3
5.54839,76,3,22,16,1
5.6129,74,3,16,15,17
3.41935,80,3,11,13,3
5.35484,82,3,3,18,17,12
4,62,3,5,19
5.22581,86,3,15,1,22
3.93548,64,3,22,3,10
5.87097,66,3,12,3,7,20
3.74194,70,3,13,13,11
4.90323,96,3,1,13,19
5.93548,64,3,8,22,10
3.03226,92,3,13,16
5.87097,66,3,1,16,7
3.16129,88,3,6,9
7.67742,72,3,11,7,15,4
5.80645,68,3,6,21,14
3.03226,92,3,6,5
7.6129,74,3,14,2,2,21,13
5.87097,66,3,15,15,19,3,3,14
5.22581,86,3,17,15,11
7.67742,72,3,19,15,14,10
5.74194,70,3,11,20,7
4.51613,108,3,3,20,13,10
5.93548,64,3,14,12,17
5.93548,64,3,14,3,18,5
4.96774,94,3,22,2,17
5.29032,84,3,7,2,19
6,62,3,4,21,18
7.87097,66,3,8,14,4,22
5.09677,90,3,21,1,17
3.54839,76,3,10,21
3.74194,70,3,17,6
3.67742,72,3,4,1
5.93548,64,3,1,22,6
5.03226,92,3,16,16,15,5
3.74194,70,3,17,17,19
4,62,3,13,22
8,62,3,12,2,7,21
9.35484,82,3,12,21,2,4,14
6.25806,116,3,14,22,20,20,10
9.29032,84,3,12,11,5,10,10,18
5.16129,88,3,21,3,6,17
5.67742,72,3,7,19,10
4.90323,96,3,1,6,20
6,62,3,7,18,1
4,62,3,12,4,3
7.80645,68,3,20,21,19,8
4.90323,96,3,10,17,8
6.19355,118,3,8,7,13,10
5.6129,74,3,1,20,4
6.83871,98,3,18,21,17,2
4,62,3,10,18
3.41935,80,3,5,21
5.80645,68,3,8,4,15
5.6129,74,3,3,13,2,8
3.80645,68,3,11,5,3
5.54839,76,3,7,14,10
3.48387,78,3,5,12
7.29032,84,3,8,16,19,6
4,62,3,10,8
4.96774,94,3,13,4,9
6,62,3,3,12,5,16
5.03226,92,3,3,6,15,13
3.67742,72,3,17,9
5.87097,66,3,22,3,21,8
4,62,3,4,18
3.93548,64,3,5,8
3.22581,86,3,17,1
7.67742,72,3,11,15,18,9
3.80645,68,3,16,21
4.83871,98,3,19,6,5
3.80645,68,3,13,18
3.16129,88,3,13,9
5.09677,90,3,11,11,5,20
5.03226,92,3,7,21,13,3
4,62,3,22,11
5.29032,84,3,9,8,10
5.80645,68,3,15,14,9
5.74194,70,3,15,11,15,11,19
8,62,3,1,14,7,17
5.67742,72,3,9,5,22
3.80645,68,3,6,18
4,62,3,4,18
3.16129,88,3,3,13,9
7.29032,84,3,14,22,21,9
5.48387,78,3,11,20,1
4,62,3,13,14
4.77419,100,3,2,4,5
5.93548,64,3,5,1,8
7.29032,84,3,21,22,4,20
3.67742,72,3,10,16,3
5.16129,88,3,13,7,20
5.35484,82,3,14,13,8
5.48387,78,3,21,4,1
2.96774,94,3,5,4
4.12903,120,3,15,10,13
4.3871,112,3,18,5,13
5.03226,92,3,11,12,4,11
5.93548,64,3,19,1,2
5.80645,68,3,18,17,17,18,18,22,22,17
5.16129,88,3,7,12,6
3.41935,80,3,16,16,20
3.35484,82,3,6,11
5.22581,86,3,9,16,16,4
7.87097,66,3,14,8,18,18,5
3.54839,76,3,20,9
3.74194,70,3,4,11
4.70968,102,3,7,1,13
5.09677,90,3,11,10,2
5.54839,76,3,10,19,22
3.09677,90,3,10,2
4.83871,98,3,5,11,5,7
8.96774,94,3,18,1,8,19,4
6.58065,106,3,18,7,2,16
3.16129,88,3,4,10
3.22581,86,3,4,9
5.93548,64,3,21,1,16
4,62,3,10,18
7.54839,76,3,22,7,8,15
3.41935,80,3,17,12
3.09677,90,3,6,10
5.35484,82,3,7,7,2,8
2.77419,100,3,16,17,3
7.6129,74,3,7,14,19,9
4.96774,94,3,14,16,20
3.29032,84,3,4,16
6,62,3,1,11,5,1
2.90323,96,3,10,13
3.41935,80,3,3,11,13,3
5.67742,72,3,9,14,12
5.35484,82,3,9,16,2
6.51613,108,3,4,6,4,13,9
5.80645,68,3,19,17,10
7.80645,68,3,1,16,5,17
6.70968,102,3,1,1,1,19,17,11
5.16129,88,3,12,15,3,22
7.80645,68,3,11,1,11,18,20
5.16129,88,3,2,19,6
5.80645,68,3,20,2,6
5.93548,64,3,9,11,14
5.35484,82,3,15,12,3,2
3.87097,66,3,10,15
6.90323,96,3,14,2,20,20,16
5.03226,92,3,22,4,17
6.90323,96,3,18,20,2,2,20,1
5.87097,66,3,15,6,6,13
3.93548,64,3,7,9
4.96774,94,3,21,20,5
5.80645,68,3,3,4,14,15
4,62,3,10,18
5.93548,64,3,2,22,21
3.87097,66,3,17,18
5.54839,76,3,4,7,8
5.09677,90,3,3,12,13,3,22
4,62,3,4,18
11.2903,84,3,14,21,18,7,22,13
5.74194,70,3,13,6,22
2.90323,96,3,5,13
5.16129,88,3,14,14,6,9
3.6129,74,3,5,7
3.35484,82,3,6,11
5.48387,78,3,5,11,16
9.74194,70,3,19,15,14,18,7,14
7.80645,68,3,8,12,22,6
4,62,3,16,9,3
3.6129,74,3,2,16
5.67742,72,3,14,20,8
6,62,3,18,13,4
3.93548,64,3,7,9
5.22581,86,3,19,9,6
5.09677,90,3,1,19,10,3
3.93548,64,3,7,9
3.54839,76,3,10,12
5.29032,84,3,3,12,12,5,18
5.41935,80,3,2,18,17
5.6129,74,3,6,7,19
5.93548,64,3,12,21,21,9
5.80645,68,3,19,10,8
5.54839,76,3,1,6,15
4,62,3,3,5,17
8.90323,96,3,7,14,8,19,13
4.32258,114,3,1,4,10
5.80645,68,3,14,2,8
4.90323,96,3,5,9,13
5.54839,76,3,1,6,13
2.90323,96,3,5,13
5.35484,82,3,20,15,1
2.96774,94,3,13,10
3.87097,66,3,22,5
9.35484,82,3,8,8,12,19,15,9
3.87097,66,3,22,5
6.83871,98,3,7,21,4,1
5.80645,68,3,19,21,16
4,62,3,10,10,8
3.6129,74,3,2,16
3.74194,70,3,9,21
7.54839,76,3,9,11,8,8,12
5.35484,82,3,2,8,10
6.83871,98,3,2,21,12,5
8,62,3,8,15,18,10
3.93548,64,3,5,18
5.09677,90,3,1,6,8
3.16129,88,3,4,10
3.16129,88,3,6,6,9
3.74194,70,3,13,19
3.48387,78,3,17,4
3.41935,80,3,20,4,3
5.35484,82,3,3,16,17,18
3.87097,66,3,9,7
3.09677,90,3,16,13
7.6129,74,3,18,19,1,19,17
3.80645,68,3,17,3,20
7.16129,88,3,11,16,14,17
5.6129,74,3,16,22,19
5.6129,74,3,10,9,7
2.96774,94,3,13,5
4.3871,112,3,18,5,13
3.22581,86,3,3,9,4
5.87097,66,3,12,9,11
5.35484,82,3,20,15,9
3.54839,76,3,20,9
5.80645,68,3,15,5,16
5.16129,88,3,21,20,16
3.74194,70,3,13,13,8
3.80645,68,3,6,17
7.6129,74,3,3,8,6,22,14
5.74194,70,3,14,11,4
5.22581,86,3,13,6,8
3.16129,88,3,4,4,10
5.41935,80,3,1,1,2,18
5.67742,72,3,1,4,2
5.87097,66,3,9,9,8,1
5.54839,76,3,10,9,12
3.74194,70,3,17,14
7.93548,64,3,14,15,18,14,2
3.93548,64,3,4,8
5.22581,86,3,7,2,2,1
5.22581,86,3,15,2,18
3.09677,90,3,10,20
5.6129,74,3,15,21,16
6.77419,100,3,11,7,22,17,11
3.48387,78,3,20,18,3
5.48387,78,3,7,2,22
3.09677,90,3,16,13
5.6129,74,3,19,1,13
5.16129,88,3,1,4,18
3.67742,72,3,6,19
5.22581,86,3,6,21,11
5.87097,66,3,14,14,10,1
3.09677,90,3,3,4,5
6,62,3,19,11,2
5.29032,84,3,1,6,17
3.09677,90,3,5,20
4,62,3,4,18
5.80645,68,3,14,16,16,8
5.6129,74,3,10,1,18
3.93548,64,3,3,7,9
3.87097,66,3,17,21
7.09677,90,3,12,8,21,5
7.35484,82,3,14,4,13,18
5.41935,80,3,15,8,18,3
7.80645,68,3,11,1,8,16,11
7.80645,68,3,21,4,20,2
3.54839,76,3,13,1
3.87097,66,3,10,15
3.87097,66,3,10,1,3
5.09677,90,3,21,11,17
5.09677,90,3,20,3,20,7,9
3.80645,68,3,17,10
7.67742,72,3,15,14,18,6
3.16129,88,3,6,9
8,62,3,8,18,12,22
4.51613,108,3,18,20,5
3.48387,78,3,2,5
5.93548,64,3,22,8,11
5.35484,82,3,20,20,13,18
5.41935,80,3,7,4,15
6.77419,100,3,20,3,14,1,1,4
5.22581,86,3,14,10,7
5.35484,82,3,4,14,6
6.96774,94,3,1,21,1,14,5
6,62,3,3,11,7,8
5.93548,64,3,4,13,13,7
5.93548,64,3,21,9,10
7.6129,74,3,11,15,22,1
6.96774,94,3,7,21,6,2
4.70968,102,3,6,7,6,16
7.67742,72,3,8,20,21,4
5.67742,72,3,1,1,22,4
5.09677,90,3,12,5,22
5.93548,64,3,12,12,22,16
3.74194,70,3,9,21
5.48387,78,3,16,1,7
5.35484,82,3,12,5,17
5.74194,70,3,15,12,4
3.74194,70,3,13,13,11
4.90323,96,3,15,20,17
7.93548,64,3,1,12,15,22
5.16129,88,3,15,5,17
3.09677,90,3,4,5
7.29032,84,3,4,13,12,13,22
7.6129,74,3,1,8,11,4
5.48387,78,3,19,10,7
5.74194,70,3,9,19,11
3.22581,86,3,4,9
3.16129,88,3,13,9
5.29032,84,3,2,2,18,10
5.09677,90,3,16,8,17
3.03226,92,3,13,16
5.03226,92,3,13,4,16
3.54839,76,3,10,21
5.54839,76,3,14,3,9,22
3.93548,64,3,16,7
5.80645,68,3,3,22,12,14
7.48387,78,3,8,7,6,2
5.29032,84,3,4,3,15,3,7
5.87097,66,3,18,10,1
7.6129,74,3,3,7,18,15,18,9
3.54839,76,3,13,13,1
4.25806,116,3,22,4,5
6,62,3,2,8,2,20
5.22581,86,3,13,20,19
3.41935,80,3,17,2
3.09677,90,3,6,10
7.6129,74,3,3,8,5,9,22
7.74194,70,3,18,12,15,19
9.93548,64,3,14,11,18,15,22
3.80645,68,3,3,5,15
4.25806,116,3,22,13,9
3.35484,82,3,20,10
5.22581,86,3,7,11,15
5.22581,86,3,22,2,8
4,62,3,13,14
4.90323,96,3,15,6,10
4,62,3,5,17
5.54839,76,3,16,8,7
3.74194,70,3,16,12
3.54839,76,3,10,12
5.48387,78,3,6,21,20
3.54839,76,3,10,12
5.09677,90,3,14,6,10
5.67742,72,3,5,9,22
5.35484,82,3,21,6,1
7.74194,70,3,19,22,21,11
3.80645,68,3,7,5
3.87097,66,3,3,9,7
7.6129,74,3,3,21,19,14,13
5.48387,78,3,16,16,5,7
7.74194,70,3,22,19,14,19,1
3.93548,64,3,20,21,3
2.96774,94,3,13,13,5
5.87097,66,3,2,22,19
5.09677,90,3,1,10,4
4.06452,122,3,22,13,10
5.74194,70,3,15,2,4
5.16129,88,3,19,13,18
4.90323,96,3,18,5,21
3.41935,80,3,16,2
5.74194,70,3,15,13,2
4,62,3,22,11
5.74194,70,3,21,13,14
3.48387,78,3,5,12
3.48387,78,3,5,12
5.6129,74,3,19,10,22
9.22581,86,3,19,14,11,1,1,14,6
3.41935,80,3,22,2,3
5.29032,84,3,18,4,18,2
6.96774,94,3,18,14,13,19
3.74194,70,3,17,14
5.48387,78,3,15,4,20
5.67742,72,3,22,14,4
7.87097,66,3,12,2,7,7,6
4.90323,96,3,22,20,1
9.48387,78,3,1,11,19,14,12,1
3.29032,84,3,17,20
7.67742,72,3,3,18,21,6,4
5.93548,64,3,3,11,16,7
5.67742,72,3,22,4,21
4,62,3,22,22,11
7.87097,66,3,11,3,7,21,18
5.80645,68,3,4,12,20
3.48387,78,3,5,12
5.16129,88,3,14,2,9
4.45161,110,3,14,10,13
3.87097,66,3,20,6
3.6129,74,3,16,3,14,16
4.96774,94,3,14,9,20
9.87097,66,3,8,19,15,6,13
7.67742,72,3,1,8,15,2
6,62,3,3,9,15,7
3.93548,64,3,3,4,19
7.67742,72,3,21,12,14,12,22
5.41935,80,3,18,16,18,13
4.83871,98,3,21,16,12
5.48387,78,3,19,2,11
5.22581,86,3,18,2,1
3.87097,66,3,19,16,3
3.74194,70,3,13,8
5.74194,70,3,15,13,15,14
5.87097,66,3,7,12,21
3.87097,66,3,10,15
7.80645,68,3,16,1,11,19
2.77419,100,3,17,3,1,17
7.35484,82,3,19,8,10,15
5.16129,88,3,2,7,5
3.93548,64,3,13,15
5.54839,76,3,2,3,18,4
6,62,3,3,14,22,8,14
3.93548,64,3,5,18
5.41935,80,3,4,15,12
3.80645,68,3,11,3,7,11
5.67742,72,3,19,13,21
8,62,3,14,18,21,1
3.41935,80,3,16,2
3.09677,90,3,1,13,3
6.96774,94,3,18,1,9,12
5.16129,88,3,15,16,15,5
7.35484,82,3,7,18,19,2
5.09677,90,3,3,6,13,14
6.90323,96,3,15,21,15,15,12,9
5.6129,74,3,15,11,12
5.74194,70,3,19,12,1,3
3.6129,74,3,5,7
5.87097,66,3,12,11,3,20
5.80645,68,3,14,6,17
3.35484,82,3,6,11
5.03226,92,3,9,19,13
3.22581,86,3,9,13
7.41935,80,3,18,7,13,20
3.09677,90,3,10,2
2.96774,94,3,13,13,10
4,62,3,5,19
6.83871,98,3,19,16,1,13
3.6129,74,3,14,9,3
5.22581,86,3,22,16,15
3.87097,66,3,22,22,5
3.16129,88,3,6,9
5.41935,80,3,18,17,4
4.96774,94,3,19,9,13
3.74194,70,3,17,5
3.74194,70,3,3,9,21
5.35484,82,3,15,16,22
3.09677,90,3,10,20
6,62,3,8,1,21,3
5.74194,70,3,12,9,12,15
5.22581,86,3,7,2,1
3.93548,64,3,4,8
6.51613,108,3,11,12,13,13,16
7.80645,68,3,12,8,7,19
4.90323,96,3,22,6,9
2.90323,96,3,10,13
3.67742,72,3,13,17
9.41936,80,3,7,22,21,14,20
5.67742,72,3,22,22,14,20
5.87097,66,3,16,5,19
5.41935,80,3,20,8,7
3.35484,82,3,20,5
7.67742,72,3,2,15,22,19
5.67742,72,3,16,9,21
7.29032,84,3,3,12,12,22,19,2
2.90323,96,3,1,6,3
8,62,3,18,12,15,22
3.41935,80,3,16,20
5.48387,78,3,21,13,19
6,62,3,18,1,18,1,5
5.93548,64,3,1,18,6
5.74194,70,3,17,7,18
6,62,3,14,12,6
2.70968,102,3,10,17,3
7.09677,90,3,12,15,17,20
5.87097,66,3,11,15,2
5.48387,78,3,2,1,5
5.16129,88,3,7,20,8
6.90323,96,3,18,12,1,20
5.87097,66,3,20,20,8,14
5.87097,66,3,15,6,13
3.54839,76,3,13,1
5.6129,74,3,11,20,8
5.35484,82,3,9,19,17
7.67742,72,3,14,13,4,4,12
5.35484,82,3,20,8,16
5.35484,82,3,11,17,19
6.77419,100,3,19,19,22,20,6
4,62,3,9,22
5.6129,74,3,21,17,9
6.3871,112,3,14,22,14,20,5
7.35484,82,3,12,13,20,19
2.90323,96,3,5,13
4.96774,94,3,2,1,20
3.41935,80,3,16,2
4,62,3,17,3,21
5.35484,82,3,15,8,17
5.93548,64,3,20,18,14
3.80645,68,3,13,4,3
7.35484,82,3,21,22,18,13
9.41936,80,3,8,19,21,19,10,11
5.93548,64,3,15,14,4
5.93548,64,3,19,16,15
3.80645,68,3,9,12
7.29032,84,3,20,21,8,22
3.80645,68,3,5,15
5.16129,88,3,18,3,5,15
3.74194,70,3,17,17,6
3.80645,68,3,13,18
5.93548,64,3,20,21,21,13
3.41935,80,3,17,12
7.09677,90,3,12,12,14,4,1
6,62,3,17,7,15
7.6129,74,3,15,18,8,18,9
5.09677,90,3,20,18,20,11
3.16129,88,3,4,10
5.41935,80,3,7,14,7,10
5.16129,88,3,16,11,3,11,15
5.87097,66,3,4,4,3,21,8
3.87097,66,3,17,21
7.16129,88,3,18,9,5,22
7.41935,80,3,21,3,5,10,11
5.54839,76,3,20,15,12
3.87097,66,3,2,3,17
7.93548,64,3,1,10,1,9,11
5.6129,74,3,15,20,13
5.93548,64,3,9,19,18
6.96774,94,3,8,22,12,17
5.48387,78,3,7,21,16
6,62,3,9,15,22
5.22581,86,3,15,2,11
4.70968,102,3,9,17,20
5.93548,64,3,8,17,8,14,3
4,62,3,9,22
6,62,3,1,5,19
7.22581,86,3,12,7,21,9
5.80645,68,3,18,8,8,6
7.93548,64,3,3,21,7,15,2
6.77419,100,3,15,1,11,6
4.77419,100,3,15,16,6
7.09677,90,3,18,1,11,17
3.87097,66,3,22,5
5.22581,86,3,21,21,11,21,9
5.87097,66,3,12,18,12,16
3.22581,86,3,21,17,3
7.74194,70,3,11,7,21,21,21,20
5.48387,78,3,15,1,12
5.80645,68,3,13,21,19
5.80645,68,3,6,3,1,9
3.35484,82,3,17,13
5.29032,84,3,14,17,15,3
4.25806,116,3,22,20,5
4.90323,96,3,13,7,9
3.80645,68,3,7,5
7.29032,84,3,1,11,7,9
7.93548,64,3,12,19,8,10
3.35484,82,3,17,13
3.93548,64,3,5,18
3.29032,84,3,10,6
3.67742,72,3,10,7
4.58065,106,3,22,2,2,16
5.48387,78,3,16,18,17
3.80645,68,3,10,22
4.96774,94,3,4,12,10
3.74194,70,3,13,19
5.6129,74,3,7,11,19
5.54839,76,3,2,1,10
7.41935,80,3,19,19,18,19,5,17
5.22581,86,3,8,4,2,8
3.74194,70,3,16,12
6,62,3,15,16,5
7.48387,78,3,19,5,16,15
3.16129,88,3,13,9
4,62,3,4,18
5.74194,70,3,7,12,13
7.6129,74,3,14,12,13,22
5.80645,68,3,20,14,22
5.67742,72,3,11,6,21
3.41935,80,3,3,5,21
3.87097,66,3,4,17
3.67742,72,3,2,1,3
5.48387,78,3,1,18,22,3
6,62,3,1,19,6
3.74194,70,3,9,21
5.93548,64,3,19,19,9,18
5.74194,70,3,18,17,17,10
3.09677,90,3,3,10,2
4.90323,96,3,18,18,9,2
6,62,3,12,3,2,12,14
4,62,3,7,3,10
9.54839,76,3,12,15,15,7,22,5
5.74194,70,3,20,22,21
9.03226,92,3,8,3,10,16,5,22
7.93548,64,3,1,7,22,22,19
11.2258,86,3,3,14,14,8,8,14,21,15,19,4
7.67742,72,3,21,8,18,1
6,62,3,4,21,2
5.80645,68,3,8,8,2,19
5.35484,82,3,3,4,14,6
3.74194,70,3,5,14
5.41935,80,3,2,11,5
4.77419,100,3,1,17,20
5.29032,84,3,21,9,19
3.74194,70,3,5,22
4.77419,100,3,7,7,11,6
5.80645,68,3,15,12,11
5.74194,70,3,1,5,14
9.67742,72,3,11,14,11,1,7,18
5.54839,76,3,22,16,1
3.35484,82,3,17,13
2.90323,96,3,5,13
5.74194,70,3,18,13,18,8
3.29032,84,3,17,20
5.54839,76,3,16,14,11
2.96774,94,3,5,4
4.83871,98,3,12,9,20
4.12903,120,3,15,5,4
3.22581,86,3,3,4,9
3.41935,80,3,3,9,9,2
5.93548,64,3,21,19,17
5.22581,86,3,3,22,16,15
5.87097,66,3,12,6,13
5.87097,66,3,2,21,11
9.67742,72,3,12,3,19,14,15,16
7.09677,90,3,18,7,2,6
4.64516,104,3,20,4,16
5.67742,72,3,4,13,18
5.87097,66,3,7,22,10
7.16129,88,3,11,10,16,6
5.22581,86,3,4,22,13
4.83871,98,3,1,6,11
4.64516,104,3,22,22,3,22,16,6
5.29032,84,3,14,17,20
5.80645,68,3,18,7,7,9
7.93548,64,3,12,18,22,4
7.6129,74,3,1,15,18,14,1
3.41935,80,3,16,20
5.22581,86,3,17,15,4
5.29032,84,3,12,5,8
7.6129,74,3,3,8,19,9,7
7.09677,90,3,15,7,15,11,20
3.74194,70,3,13,11
3.93548,64,3,16,7
5.54839,76,3,7,20,13
3.80645,68,3,3,7,5
7.74194,70,3,14,18,1,15
5.41935,80,3,14,5,18
5.87097,66,3,1,10,14
9.87097,66,3,15,22,7,8,11
5.29032,84,3,16,19,6
6.90323,96,3,11,12,2,16
5.29032,84,3,20,13,11
9.54839,76,3,12,20,2,7,19
5.80645,68,3,11,22,4
7.16129,88,3,18,17,22,1
5.29032,84,3,16,16,16,18,5
4.64516,104,3,15,20,9
5.22581,86,3,7,13,22
7.74194,70,3,19,22,21,11
5.67742,72,3,11,19,7,3
5.87097,66,3,14,17,21
6.77419,100,3,1,14,18,3,17
4.90323,96,3,15,10,7
8,62,3,14,14,22,19,14,21
7.80645,68,3,11,10,9,14
3.74194,70,3,13,11
5.35484,82,3,18,2,8
5.03226,92,3,5,10,2
3.93548,64,3,5,8
5.09677,90,3,10,11,2
5.74194,70,3,11,7,1
5.35484,82,3,2,19,10
7.87097,66,3,16,9,11,14
5.80645,68,3,8,2,19
3.09677,90,3,10,2
5.87097,66,3,9,9,3,21,19
3.03226,92,3,10,4
3.09677,90,3,16,13
3.74194,70,3,13,11
3.16129,88,3,22,22,16,3
3.67742,72,3,13,17
5.29032,84,3,18,5,15
3.74194,70,3,16,12
5.16129,88,3,6,3,1,2
5.09677,90,3,17,15,13
8,62,3,8,15,18,15,16
3.80645,68,3,17,10
3.09677,90,3,10,2
5.09677,90,3,3,11,10,2
3.54839,76,3,20,9
7.29032,84,3,2,21,20,14
5.67742,72,3,4,14,11
7.09677,90,3,14,16,10,7
7.48387,78,3,8,3,18,12,6
5.03226,92,3,15,19,19,3,6
4.12903,120,3,15,5,4
5.54839,76,3,22,14,14,13
5.67742,72,3,4,14,22
5.16129,88,3,7,8,13
5.09677,90,3,7,11,2
5.09677,90,3,16,5,6
5.16129,88,3,11,13,17
7.22581,86,3,14,18,9,21
7.6129,74,3,21,15,8,16
3.93548,64,3,5,8
5.74194,70,3,11,14,3,9
5.87097,66,3,11,2,14
5.93548,64,3,12,13,18
3.87097,66,3,7,10
3.09677,90,3,10,2
5.80645,68,3,12,4,17
3.80645,68,3,17,10
3.09677,90,3,10,2
3.29032,84,3,17,20
4.51613,108,3,11,13,16
3.87097,66,3,10,15
7.03226,92,3,1,16,18,13
5.6129,74,3,3,2,8,15
6,62,3,19,2,4
3.54839,76,3,10,12
3.93548,64,3,21,20,3
4.77419,100,3,7,11,6
7.29032,84,3,12,16,10,19
4.96774,94,3,15,9,21
5.87097,66,3,10,16,8
4.90323,96,3,14,3,6,11
7.93548,64,3,14,7,19,12
3.54839,76,3,16,6
3.54839,76,3,16,6
3.54839,76,3,16,6
3.54839,76,3,7,2,3
5.22581,86,3,16,16,16,14,6
3.03226,92,3,13,16
4.70968,102,3,2,1,17
5.29032,84,3,7,8,4
5.87097,66,3,5,9,18
5.09677,90,3,15,22,14,3,22
4,62,3,21,10
5.6129,74,3,1,13,1,19
3.48387,78,3,3,5,12
5.6129,74,3,3,19,2,2,15
5.29032,84,3,19,2,17
3.35484,82,3,17,13
5.54839,76,3,18,9,14
3.35484,82,3,17,13
3.48387,78,3,17,8
3.74194,70,3,17,16
5.16129,88,3,21,20,16
6,62,3,12,22,4
3.74194,70,3,5,22
4.45161,110,3,15,2,10
5.48387,78,3,11,6,14
7.35484,82,3,12,21,13,8
5.74194,70,3,21,17,10
5.93548,64,3,15,7,16
5.67742,72,3,9,11,5
9.29032,84,3,8,1,10,17,18
4.64516,104,3,12,9,13
3.80645,68,3,17,10
3.67742,72,3,6,19
8,62,3,8,11,11,10,11,18
3.87097,66,3,10,15
5.74194,70,3,7,18,5
4.83871,98,3,20,19,13
3.74194,70,3,17,5
3.6129,74,3,6,8
3.67742,72,3,10,7
3.87097,66,3,6,14
5.41935,80,3,15,6,8
3.35484,82,3,6,11
3.16129,88,3,4,10
3.74194,70,3,16,12
5.22581,86,3,10,1,2
5.29032,84,3,2,15,15,10
4,62,3,5,17
