7.35484,82,14,3,14,19,6,17
5.6129,74,14,10,1,18
5.09677,90,14,17,17,5,15
7.93548,64,14,15,19,12,4
6,62,14,18,2,7
4.58065,106,14,17,16,20
5.6129,74,14,6,8,18
3.93548,64,14,14,7,4,14
5.35484,82,14,14,7,20,6
4,62,14,2,17
5.6129,74,14,16,11,5
5.22581,86,14,15,1,14,17
5.48387,78,14,2,15,3
5.41935,80,14,17,19,9
3.54839,76,14,16,6
5.67742,72,14,3,21,16
5.03226,92,14,7,2,5
5.29032,84,14,11,20,1
4.77419,100,14,5,1,5,12
5.22581,86,14,17,10,15
7.93548,64,14,14,18,8,1,2
7.54839,76,14,14,17,7,15,16
7.67742,72,14,3,21,4,12
5.09677,90,14,4,8,2
7.48387,78,14,14,3,7,22,11
5.67742,72,14,19,17,8
3.48387,78,14,6,5
6.90323,96,14,11,11,3,4,3,6
3.54839,76,14,6,10
5.09677,90,14,17,16,7
3.6129,74,14,6,9
6.25806,116,14,20,21,4,9
6.58065,106,14,14,21,18,20,9
5.48387,78,14,4,4,18,3
5.41935,80,14,19,6,3
3.09677,90,14,10,20
5.6129,74,14,11,22,4
5.93548,64,14,22,13,12
6.96774,94,14,2,14,13,4,8
5.03226,92,14,8,5,2
5.22581,86,14,4,12,17
3.54839,76,14,6,10
2.90323,96,14,5,4
7.22581,86,14,7,18,4,15
4.96774,94,14,7,7,10,21
7.93548,64,14,14,21,13,20,12
5.16129,88,14,10,16,6
7.80645,68,14,19,19,5,16,18
7.67742,72,14,18,1,3,22
3.22581,86,14,4,5
3.93548,64,14,10,14,9
5.67742,72,14,12,1,20
5.09677,90,14,10,11,2
4.96774,94,14,20,18,18,13
5.54839,76,14,20,4,22
5.67742,72,14,11,11,11,2,3
5.22581,86,14,19,16,17,19
9.48387,78,14,10,9,16,1,1,5
5.41935,80,14,2,2,14,20,20,22
4.90323,96,14,5,10,4
5.87097,66,14,21,13,11
3.80645,68,14,10,3
5.54839,76,14,20,4,22
5.41935,80,14,2,21,9
3.93548,64,14,17,4
9.16129,88,14,7,4,13,2,11
2.90323,96,14,10,13
6,62,14,21,1,15
5.93548,64,14,7,16,7,6
5.16129,88,14,16,17,9
6,62,14,12,22,8
5.6129,74,14,19,17,2
3.41935,80,14,16,2
5.80645,68,14,8,4,22
5.48387,78,14,2,22,16
5.03226,92,14,16,11,6
2.90323,96,14,10,13
6.83871,98,14,8,22,4,11
5.48387,78,14,17,16,19
4.70968,102,14,12,12,14,10,20
5.41935,80,14,1,22,3
5.41935,80,14,20,18,11
9.09677,90,14,22,17,9,16,3
3.93548,64,14,5,17
9.48387,78,14,22,8,3,12,15
7.67742,72,14,3,8,1,4
5.6129,74,14,15,18,16,14
5.6129,74,14,2,11,9
5.87097,66,14,2,18,19
5.16129,88,14,10,19,17
7.74194,70,14,8,1,18,5
5.74194,70,14,8,21,5
4.96774,94,14,4,18,13
5.80645,68,14,14,15,4,15,20
6,62,14,15,11,18
2.90323,96,14,5,4
7.03226,92,14,1,21,19,6
7.6129,74,14,19,18,19,17,5
9.80645,68,14,18,7,7,11,1,19
9.16129,88,14,19,18,8,9,3
3.87097,66,14,6,3
4,62,14,2,17
5.87097,66,14,18,10,15
4,62,14,4,17
9.74194,70,14,12,11,19,18,22
7.87097,66,14,18,21,19,5
2.83871,98,14,5,13
6,62,14,17,10,16
5.41935,80,14,9,3,21
6.83871,98,14,7,10,16,16,21
6.70968,102,14,8,15,16,6
7.80645,68,14,18,1,18,8,9
3.80645,68,14,6,1
5.35484,82,14,2,3,10
5.87097,66,14,11,19,20
2.90323,96,14,14,5,4
3.29032,84,14,10,6
5.87097,66,14,20,13,6
7.29032,84,14,12,3,13,22
3.67742,72,14,5,22
7.93548,64,14,15,21,14,19,10
5.54839,76,14,8,13,22
5.80645,68,14,15,15,3,9
6.83871,98,14,21,2,2,6,20
5.74194,70,14,6,22,12
3.74194,70,14,16,12
5.54839,76,14,22,4,8
4,62,14,10,8
9.29032,84,14,3,21,7,7,18,9
5.67742,72,14,16,8,12
3.41935,80,14,9,20
9.09677,90,14,14,21,10,16,9,3
7.87097,66,14,3,18,21,19
7.74194,70,14,3,4,21,15
5.54839,76,14,3,2,17
4.77419,100,14,5,1,1,13
5.35484,82,14,22,6,9
5.22581,86,14,20,11,15
7.29032,84,14,20,2,4,19
5.74194,70,14,15,12,3,15
5.22581,86,14,9,15,2
5.80645,68,14,19,20,3
5.93548,64,14,12,22,4
3.22581,86,14,9,13
7.87097,66,14,15,22,4,7
5.03226,92,14,18,5,20
7.80645,68,14,1,16,5,5,11
5.80645,68,14,15,3,9
5.67742,72,14,2,1,3
5.35484,82,14,10,1,7
5.93548,64,14,4,12,2
4,62,14,10,18
5.93548,64,14,15,9,19
3.03226,92,14,5,20
7.80645,68,14,15,22,11,12
5.16129,88,14,12,17,2
5.93548,64,14,2,14,22,8
5.16129,88,14,9,18,20
5.35484,82,14,1,21,16
3.41935,80,14,5,12
10,62,14,18,22,8,19,15
5.41935,80,14,20,14,12,10
5.22581,86,14,13,14,2,19
8.90323,96,14,18,15,8,21,5
5.87097,66,14,19,19,4,7
5.09677,90,14,15,9,2
5.41935,80,14,3,20,6
7.67742,72,14,22,18,6,7
6.77419,100,14,19,16,3,6
3.80645,68,14,13,19
5.93548,64,14,1,8,17
5.54839,76,14,6,22,9
4,62,14,13,4,14
6.64516,104,14,7,6,4,10
4.77419,100,14,21,21,10,6
4,62,14,9,22
5.54839,76,14,12,11,17
5.03226,92,14,8,4,6,8
4.90323,96,14,17,10,17,20
7.80645,68,14,9,14,19,7,21
5.29032,84,14,22,10,9,14
5.22581,86,14,22,5,3
3.87097,66,14,5,8
5.87097,66,14,6,19,8
5.80645,68,14,20,14,14,11,21
3.6129,74,14,14,15,13,15,13,14
4.70968,102,14,12,5,5,21
5.93548,64,14,21,14,13,14,20
3.74194,70,14,9,21
4,62,14,10,8
5.93548,64,14,19,5,17
7.6129,74,14,1,11,7,8
3.67742,72,14,5,22
5.87097,66,14,2,20,19
5.54839,76,14,17,22,5
5.93548,64,14,12,3,17
3.67742,72,14,6,16
5.54839,76,14,10,19,22
5.74194,70,14,12,14,4,18
7.80645,68,14,8,14,22,18,2
5.80645,68,14,15,7,4,15
5.67742,72,14,22,8,20
5.48387,78,14,12,2,9
5.80645,68,14,16,14,8,2
5.67742,72,14,1,18,20
6.96774,94,14,21,12,20,5
5.35484,82,14,15,20,17
3.35484,82,14,5,21
7.6129,74,14,18,19,19,2,22
6,62,14,8,1,17
5.03226,92,14,11,13,19
4.64516,104,14,18,13,10
5.67742,72,14,17,17,10,1
7.41935,80,14,7,15,2,20,14
5.41935,80,14,20,13,20,19
3.87097,66,14,6,3
7.93548,64,14,11,1,22,18
5.80645,68,14,10,9,17
5.67742,72,14,17,22,11
3.93548,64,14,5,19
7.03226,92,14,11,9,19,4
5.80645,68,14,18,17,12
5.35484,82,14,2,12,10
6,62,14,6,18,15
5.87097,66,14,3,13,6
5.16129,88,14,21,13,16
5.48387,78,14,22,11,7
5.54839,76,14,4,3,18
6.96774,94,14,18,18,3,9,12
9.09677,90,14,7,21,12,21,19,20
3.80645,68,14,9,10,14
7.67742,72,14,7,18,7,12,4
4,62,14,4,17
7.41935,80,14,12,22,18,5
6.25806,116,14,22,2,4,10
5.87097,66,14,6,6,21,3
7.87097,66,14,8,3,18,8,12
5.16129,88,14,14,2,18,20
5.80645,68,14,3,11,17
9.29032,84,14,18,11,11,18,8,21,1
7.16129,88,14,2,15,22,1
7.6129,74,14,17,7,22,12
3.80645,68,14,4,1
5.03226,92,14,6,17,12
3.41935,80,14,9,2
3.09677,90,14,10,20
5.6129,74,14,15,2,1
5.87097,66,14,3,18,20
4.90323,96,14,4,8,4,17
8.96774,94,14,1,8,22,7,10
5.35484,82,14,15,13,19
5.03226,92,14,11,13,8
3.22581,86,14,13,9
5.6129,74,14,4,4,13,7,14
5.93548,64,14,19,11,4
9.67742,72,14,21,12,19,8,22
3.67742,72,14,17,1
7.03226,92,14,19,6,13,3
4.25806,116,14,17,16,16,13
3.22581,86,14,9,13
8,62,14,19,1,11,1,2
5.74194,70,14,3,9,18
7.80645,68,14,1,19,18,16
5.6129,74,14,7,13,3
4,62,14,13,3
7.16129,88,14,13,4,6,12
3.6129,74,14,2,9
5.48387,78,14,1,5,7
5.54839,76,14,22,10,17
3.03226,92,14,10,4
3.22581,86,14,9,13
3.87097,66,14,17,17,12
3.87097,66,14,20,6
3.09677,90,14,5,2
4.90323,96,14,21,16,2
6,62,14,22,16,1
7.54839,76,14,19,22,4,22,22,12
5.09677,90,14,16,22,9
3.54839,76,14,20,9
7.93548,64,14,11,19,21,8
5.74194,70,14,1,16,7
5.67742,72,14,18,1,17
5.67742,72,14,17,6,4
8,62,14,14,14,15,21,7,13
8.96774,94,14,3,8,20,2,1
7.80645,68,14,3,15,3,15,18,15,6
5.74194,70,14,6,4,15
8,62,14,11,8,18,1
6.70968,102,14,12,18,4,1
8.96774,94,14,8,1,19,19,9,7
3.09677,90,14,13,16
5.35484,82,14,11,15,11,13
3.29032,84,14,14,16,4
6.83871,98,14,14,3,20,21,9
9.48387,78,14,15,7,7,21,21,3,4
5.93548,64,14,3,16,11
3.22581,86,14,9,13
5.41935,80,14,16,3,18
3.74194,70,14,5,15
5.48387,78,14,22,11,22,3
3.74194,70,14,16,12
5.22581,86,14,20,15,10
6.64516,104,14,15,22,16,13
4,62,14,9,22
5.35484,82,14,16,18,6
3.54839,76,14,16,6
7.6129,74,14,12,13,2,18
7.29032,84,14,10,16,5,3
5.6129,74,14,16,3,1
9.16129,88,14,12,8,18,18,19,20
3.09677,90,14,13,16
7.29032,84,14,20,15,22,4
5.80645,68,14,13,2,22
5.48387,78,14,3,16,7
5.22581,86,14,1,16,20
7.16129,88,14,18,21,21,2,16
5.35484,82,14,10,5,21
5.35484,82,14,2,14,20,18
4.83871,98,14,21,5,12
7.6129,74,14,21,15,17,21,8
5.22581,86,14,11,17,11,21
4,62,14,1,17
6,62,14,11,21,13
4.90323,96,14,12,9,10,12
6,62,14,8,14,1,20
7.80645,68,14,1,10,5,18
4,62,14,9,22
7.16129,88,14,3,21,12,16
5.22581,86,14,20,2,14,20,15
6,62,14,1,3,22
7.54839,76,14,12,2,18,21
3.41935,80,14,5,12
5.6129,74,14,11,11,20,20,3
5.74194,70,14,7,20,12,14
5.93548,64,14,19,11,4
5.41935,80,14,12,16,22
7.41935,80,14,8,11,4,12
5.09677,90,14,16,14,13,22
7.41935,80,14,19,1,5,22
5.74194,70,14,13,7,18
4.51613,108,14,17,6,5
3.80645,68,14,20,17
5.09677,90,14,9,11,6
3.22581,86,14,13,9
3.74194,70,14,13,17
5.54839,76,14,6,7,6,2
9.93548,64,14,1,3,8,11,19
5.74194,70,14,14,16,16,14,19,6
5.80645,68,14,12,20,6
5.09677,90,14,10,11,22
7.67742,72,14,8,7,14,18,1
7.6129,74,14,8,11,8,9,17
3.74194,70,14,5,3
5.80645,68,14,11,10,18
7.48387,78,14,21,18,12,9
2.83871,98,14,5,13
3.6129,74,14,2,9
5.80645,68,14,20,22,18
5.16129,88,14,13,20,13,19
5.16129,88,14,16,9,13
5.41935,80,14,5,10,12
7.16129,88,14,19,9,1,6
6,62,14,15,19,13
7.93548,64,14,15,8,21,19
7.09677,90,14,12,7,2,8
3.09677,90,14,10,20
5.67742,72,14,18,4,8
7.67742,72,14,18,2,20,3
5.48387,78,14,21,6,10
6.32258,114,14,14,8,15,15,8,8,5,20
6.19355,118,14,8,11,4,5
6,62,14,6,18,15
9.16129,88,14,1,8,3,15,4
5.80645,68,14,9,11,16
7.16129,88,14,16,9,8,5
5.29032,84,14,4,22,9
5.29032,84,14,4,3,7
3.87097,66,14,6,3
5.35484,82,14,11,22,10
3.6129,74,14,6,9
4.70968,102,14,11,10,13
5.67742,72,14,14,14,3,7,11
5.74194,70,14,18,9,12
3.41935,80,14,16,20
3.74194,70,14,17,20
7.67742,72,14,21,8,15,8,15,4
5.93548,64,14,18,4,22
5.54839,76,14,18,5,7
5.6129,74,14,15,1,2
3.80645,68,14,10,3
5.16129,88,14,12,20,14,10
7.16129,88,14,7,7,1,3,4
5.09677,90,14,12,9,21
4.90323,96,14,8,20,10
5.93548,64,14,12,18,12,6
3.41935,80,14,5,12
4.96774,94,14,12,4,5
5.29032,84,14,13,13,6,2
4.96774,94,14,3,16,20
4.64516,104,14,7,13,10
7.48387,78,14,19,7,17,8
3.09677,90,14,10,2
5.29032,84,14,20,12,10
7.80645,68,14,7,3,11,11,19
4.90323,96,14,17,10,12
5.35484,82,14,13,7,12
7.67742,72,14,14,22,12,21,8
5.6129,74,14,19,17,12
5.48387,78,14,1,6,22
5.87097,66,14,18,17,8
5.54839,76,14,5,14,14,8,20
3.35484,82,14,20,5
7.54839,76,14,14,2,4,6,15
9.09677,90,14,8,11,11,1,7,10
5.22581,86,14,10,1,2
9.80645,68,14,12,19,15,21,21,18
4,62,14,9,22
5.87097,66,14,20,2,18
3.6129,74,14,2,2,16
6,62,14,3,18,10
3.74194,70,14,5,3
5.22581,86,14,12,5,18
4,62,14,13,15
5.16129,88,14,1,7,5
5.29032,84,14,5,1,5,19
5.22581,86,14,8,13,17
5.93548,64,14,14,14,16,1,19
5.87097,66,14,21,21,2,13,14
5.67742,72,14,18,4,19
6.90323,96,14,19,10,1,13
5.80645,68,14,21,13,17
6.45161,110,14,19,19,2,4,16
5.35484,82,14,13,14,17,18
6.96774,94,14,21,17,19,20
5.22581,86,14,6,13,17
4.83871,98,14,3,3,17,20
6,62,14,6,21,18
5.67742,72,14,7,14,17,14,13
5.80645,68,14,2,2,14,7,1
6.06452,122,14,8,20,13,10
7.87097,66,14,22,21,19,21,3
4.90323,96,14,17,10,12
3.41935,80,14,4,16
3.87097,66,14,5,18
7.09677,90,14,14,18,12,9,3
3.41935,80,14,14,4,16
3.67742,72,14,17,11
5.29032,84,14,21,13,9
7.35484,82,14,13,14,18,7,16
5.16129,88,14,9,8,20
3.22581,86,14,9,4
5.74194,70,14,16,19,7
7.67742,72,14,6,14,8,18,17
6.51613,108,14,21,20,4,10
5.41935,80,14,4,4,7,1
7.6129,74,14,15,21,17,16
5.87097,66,14,1,14,7,14,1,2
9.48387,78,14,19,12,18,21,6
3.80645,68,14,10,3
5.16129,88,14,7,10,7,9
4.77419,100,14,3,3,17,11
7.29032,84,14,18,18,7,18,5,22
8,62,14,21,7,8,15
7.80645,68,14,3,1,12,2
5.41935,80,14,21,6,5
3.48387,78,14,6,5
3.03226,92,14,14,13,10
5.6129,74,14,14,17,16,1
7.29032,84,14,15,3,19,3,13
3.09677,90,14,10,20
7.67742,72,14,8,3,16,15
4,62,14,9,22
7.48387,78,14,18,1,15,12
3.35484,82,14,20,5
3.09677,90,14,14,10,2
5.67742,72,14,17,17,7,3
7.74194,70,14,8,1,8,15,13
3.29032,84,14,14,4,10
7.41935,80,14,19,12,1,7
3.87097,66,14,5,18
5.80645,68,14,12,14,12,21,21,10
5.54839,76,14,1,7,13
5.67742,72,14,6,2,13
3.80645,68,14,6,11
9.22581,86,14,18,12,22,15,22,10
7.6129,74,14,17,15,21,15,6
5.35484,82,14,16,18,6
7.29032,84,14,1,1,16,5,16,12
7.48387,78,14,21,2,1,5
7.6129,74,14,12,2,19,3
5.87097,66,14,15,6,2
3.09677,90,14,10,2
3.09677,90,14,10,20
5.74194,70,14,3,15,3,16
5.87097,66,14,13,6,4
5.67742,72,14,18,16,11,18
3.87097,66,14,5,8
6.45161,110,14,17,22,6,5
5.74194,70,14,10,9,22
6.58065,106,14,22,16,5,2
5.87097,66,14,22,16,19
7.09677,90,14,12,18,10,3
5.87097,66,14,8,5,17
5.67742,72,14,15,4,18
5.67742,72,14,18,17,20
6.58065,106,14,21,17,16,6
4.96774,94,14,5,10,20
6,62,14,8,8,2,7
3.74194,70,14,13,17
5.74194,70,14,10,16,15
3.87097,66,14,14,5,18
6.83871,98,14,8,11,16,13
5.6129,74,14,12,22,5
5.29032,84,14,16,8,2
5.74194,70,14,21,1,20
5.74194,70,14,21,16,8
6,62,14,21,1,15
7.67742,72,14,8,1,19,13
5.87097,66,14,7,19,20
5.41935,80,14,11,12,5
5.35484,82,14,6,17,5
8,62,14,12,22,15,6
4.90323,96,14,7,4,10
5.74194,70,14,7,20,15
5.6129,74,14,11,22,4
5.16129,88,14,10,9,20
6,62,14,12,1,12,22
6.45161,110,14,21,18,2,5
4.90323,96,14,11,19,5,14
5.54839,76,14,1,2,3
5.48387,78,14,7,5,11
3.6129,74,14,2,9
5.22581,86,14,16,17,17,19
6.90323,96,14,18,7,7,20,9
4.70968,102,14,10,17,3
7.48387,78,14,15,16,15,6,22
6.32258,114,14,2,21,20,10
3.09677,90,14,5,2
9.41936,80,14,21,3,8,19,13
9.54839,76,14,18,9,10,9,5,15
5.22581,86,14,12,10,15
5.93548,64,14,6,21,20
3.35484,82,14,20,10
3.22581,86,14,1,4,4,14
6.90323,96,14,15,15,7,4,4,9
3.29032,84,14,3,5,14
7.87097,66,14,18,21,19,17
5.54839,76,14,6,4,19
5.48387,78,14,11,4,12
4,62,14,1,17
6,62,14,4,7,18
5.48387,78,14,9,15,6
3.09677,90,14,5,2
6.25806,116,14,7,18,10,10,13
9.41936,80,14,8,19,5,16,15
5.6129,74,14,22,9,22,14,6
5.16129,88,14,3,2,16
3.41935,80,14,16,16,20
6,62,14,14,3,14,9,9,11
5.22581,86,14,9,11,13
7.35484,82,14,3,22,21,17
3.80645,68,14,9,12
5.74194,70,14,6,19,15
5.93548,64,14,17,18,22
5.6129,74,14,11,21,11,2
3.48387,78,14,6,5
3.67742,72,14,6,16
6,62,14,11,18,17
5.67742,72,14,17,19,21
5.6129,74,14,4,18,21
5.41935,80,14,3,15,14,3,7
4.45161,110,14,1,20,5
5.35484,82,14,20,13,18
5.67742,72,14,6,15,3
3.93548,64,14,17,4
5.03226,92,14,1,14,6,6,9
3.74194,70,14,17,3
7.67742,72,14,7,17,22,13
5.35484,82,14,14,1,9,2
7.48387,78,14,15,12,22,6
3.80645,68,14,10,22
7.48387,78,14,21,11,3,5
3.80645,68,14,10,22
4.90323,96,14,9,17,8
3.41935,80,14,9,20
6.70968,102,14,18,11,16,4
6,62,14,2,3,1
5.67742,72,14,1,15,1,21
5.6129,74,14,9,3,1
3.22581,86,14,13,9
3.03226,92,14,5,20
7.74194,70,14,19,18,17,16
3.80645,68,14,4,1
5.67742,72,14,14,21,9,19
7.16129,88,14,8,8,9,10,6
3.54839,76,14,14,20,16
7.29032,84,14,15,19,15,18,17,14
5.41935,80,14,10,5,12
6.64516,104,14,12,12,18,18,8,12,5
5.54839,76,14,22,3,4
5.03226,92,14,13,2,16
5.09677,90,14,5,1,2
5.54839,76,14,11,11,17,7
7.41935,80,14,3,18,11,5
3.93548,64,14,16,7
6.58065,106,14,7,17,10,6
5.22581,86,14,8,17,3
4,62,14,5,14,4
5.67742,72,14,11,11,12,6
7.93548,64,14,15,22,14,19,9
3.09677,90,14,16,13
5.35484,82,14,3,17,10
5.29032,84,14,20,8,9
7.03226,92,14,17,14,19,9,22
4,62,14,10,18
5.87097,66,14,20,4,6
5.41935,80,14,3,20,6
4.96774,94,14,3,9,20
7.22581,86,14,22,21,1,7
3.48387,78,14,6,5
5.74194,70,14,17,19,3
5.74194,70,14,4,13,11
5.41935,80,14,2,11,10
5.67742,72,14,1,18,4
5.87097,66,14,13,21,2
5.93548,64,14,22,16,11
4.90323,96,14,9,5,4
5.54839,76,14,14,22,13,22,20
5.03226,92,14,8,10,20
7.87097,66,14,21,15,6,17
7.6129,74,14,7,1,19,3
5.22581,86,14,1,20,8
3.80645,68,14,6,6,11
3.74194,70,14,16,12
5.93548,64,14,19,2,3
9.16129,88,14,1,11,1,7,15,10
5.22581,86,14,4,3,3,9
5.6129,74,14,2,22,2,3
5.87097,66,14,10,1,3
3.35484,82,14,6,17,14
3.41935,80,14,5,12
7.87097,66,14,12,2,20,22
5.74194,70,14,14,11,7,12
9.03226,92,14,21,7,19,12,6
5.80645,68,14,2,14,8,17
4,62,14,1,13
7.35484,82,14,3,18,16,8
8,62,14,9,16,8,3
5.35484,82,14,19,6,11
5.29032,84,14,22,10,9,14
5.67742,72,14,14,2,18,12
5.54839,76,14,2,7,20
4,62,14,20,1
5.22581,86,14,11,17,10
5.87097,66,14,22,4,20
6.90323,96,14,3,21,17,2
3.67742,72,14,14,22,20,14
4.64516,104,14,3,6,10
5.48387,78,14,6,17,18
5.80645,68,14,2,13,3
5.35484,82,14,2,20,9
5.54839,76,14,14,22,1,15
5.80645,68,14,19,16,21
7.67742,72,14,19,15,19,5,11
7.74194,70,14,21,9,16,11
3.54839,76,14,20,9
7.54839,76,14,9,10,16,7
5.41935,80,14,6,8,6,15
5.80645,68,14,1,1,6,1,14,8
3.48387,78,14,14,6,5
5.03226,92,14,16,3,13
5.67742,72,14,5,9,17
3.48387,78,14,2,5
5.67742,72,14,1,9,21
5.03226,92,14,20,8,8,4
6.83871,98,14,8,21,8,5,12
3.74194,70,14,5,15
5.93548,64,14,12,21,16
9.54839,76,14,7,21,3,11,12
2.90323,96,14,10,10,13
3.80645,68,14,10,3
5.09677,90,14,11,4,8
7.35484,82,14,3,11,10,22
7.80645,68,14,15,14,4,21,12
5.87097,66,14,2,4,22
4.90323,96,14,11,10,2
5.48387,78,14,11,4,12
5.29032,84,14,1,1,5,21
4.90323,96,14,3,6,11
3.87097,66,14,20,20,14,8,20
3.41935,80,14,16,20
7.80645,68,14,8,12,14,22,21
5.35484,82,14,11,4,22
4,62,14,1,1,13
7.22581,86,14,21,1,1,18,5
6,62,14,16,1,3
3.67742,72,14,10,7
3.09677,90,14,16,13
5.54839,76,14,11,3,14,5
5.67742,72,14,22,4,3
5.93548,64,14,8,10,18
7.41935,80,14,22,18,17,19
5.74194,70,14,22,17,3
7.48387,78,14,20,12,12,18,18,3
3.6129,74,14,2,2,9
5.80645,68,14,11,7,8
7.54839,76,14,15,12,20,20,3
7.41935,80,14,22,12,21,17
7.16129,88,14,11,19,5,5,17
5.22581,86,14,16,8,20
8,62,14,8,21,12,7
5.74194,70,14,7,6,3
7.22581,86,14,19,9,15,3
5.54839,76,14,11,17,15
5.93548,64,14,7,6,2
5.09677,90,14,12,16,21
4,62,14,8,16,14
3.03226,92,14,5,20
3.09677,90,14,10,2
5.74194,70,14,4,19,18
8.77419,100,14,19,7,17,7,21,21,5
3.80645,68,14,13,8
3.80645,68,14,6,1
5.74194,70,14,12,3,14,10
7.03226,92,14,3,19,10,10,7
5.03226,92,14,3,17,4
5.93548,64,14,1,15,1,1,16
7.48387,78,14,15,7,14,21,21,21,9
5.80645,68,14,19,2,15
5.67742,72,14,4,14,22,22,3
6.70968,102,14,12,22,6,16
5.6129,74,14,15,6,1
5.80645,68,14,14,11,5,17
6,62,14,19,13,19,21
3.87097,66,14,17,12
5.93548,64,14,12,20,1
5.35484,82,14,18,13,17
7.29032,84,14,19,19,3,14,12,6
5.93548,64,14,2,19,8
5.03226,92,14,16,15,5
5.29032,84,14,20,18,9
3.80645,68,14,10,14,10,3
4,62,14,13,15
6.96774,94,14,7,7,19,19,9,12
6.83871,98,14,8,22,4,11
5.22581,86,14,4,3,22
5.67742,72,14,15,17,11
6,62,14,3,3,12,9
5.54839,76,14,22,6,1
4.58065,106,14,22,14,16,13
5.67742,72,14,1,7,12
6.96774,94,14,18,16,18,6,12
3.35484,82,14,15,5,14
3.87097,66,14,20,6
5.6129,74,14,2,4,19
4.70968,102,14,11,2,5
6,62,14,1,18,11
3.29032,84,14,16,4
7.29032,84,14,4,12,12,3,20
5.93548,64,14,12,18,13
7.22581,86,14,7,1,9,15
5.35484,82,14,20,22,12
8,62,14,14,15,6,22,17
5.74194,70,14,14,18,6,12
6,62,14,4,21,3
5.6129,74,14,4,15,6
4.96774,94,14,13,7,9
5.41935,80,14,15,16,12
7.87097,66,14,15,14,22,6,21
3.03226,92,14,10,4
7.41935,80,14,13,14,8,18,10
5.03226,92,14,7,4,16
5.35484,82,14,4,15,11
5.67742,72,14,2,19,11
5.29032,84,14,10,17,18
5.80645,68,14,16,5,18
3.03226,92,14,13,5
9.48387,78,14,19,7,21,22,2
3.93548,64,14,17,17,4
5.22581,86,14,9,8,2
5.74194,70,14,15,9,3
5.80645,68,14,2,3,18
3.80645,68,14,10,22
3.54839,76,14,5,7
5.03226,92,14,3,5,12
9.22581,86,14,19,15,22,12,6
5.09677,90,14,16,18,13
5.74194,70,14,7,4,18
5.80645,68,14,14,20,19,8
5.80645,68,14,3,20,7
5.74194,70,14,4,15,17
7.48387,78,14,14,1,9,10,10,21
3.6129,74,14,2,9
4,62,14,1,13
5.87097,66,14,18,11,13
6,62,14,20,12,11
4,62,14,10,18
5.93548,64,14,10,9,18
4.96774,94,14,4,4,19,20
7.80645,68,14,15,11,16,10
4.83871,98,14,7,16,2
5.6129,74,14,6,8,18
7.6129,74,14,21,8,7,13
4.51613,108,14,11,14,10,4
3.67742,72,14,17,1
3.6129,74,14,6,9
4,62,14,10,8
7.16129,88,14,22,14,2,4,18
3.80645,68,14,10,22
5.16129,88,14,10,11,7
7.80645,68,14,14,8,3,17,17,22
5.80645,68,14,9,18,22
6.90323,96,14,15,14,6,21,16
7.54839,76,14,11,5,16,22
5.80645,68,14,3,11,17
7.74194,70,14,8,8,16,9,8,11
5.6129,74,14,13,12,22
3.35484,82,14,20,20,10
3.48387,78,14,2,5
4.3871,112,14,17,5,20
5.87097,66,14,12,19,14,17
3.93548,64,14,5,19
5.74194,70,14,11,14,7,5
3.80645,68,14,13,8
3.03226,92,14,13,5
5.03226,92,14,11,5,6
5.80645,68,14,2,3,18
5.35484,82,14,20,15,15,1
6,62,14,22,20,12
7.29032,84,14,11,21,7,1
3.74194,70,14,5,15
8.70968,102,14,3,7,15,21,5
3.54839,76,14,14,10,21
5.80645,68,14,3,12,5
8,62,14,7,14,15,18,10
4.58065,106,14,13,20,5
5.22581,86,14,16,15,4
5.29032,84,14,19,4,1
3.54839,76,14,10,12
9.67742,72,14,21,15,19,22,2
3.80645,68,14,13,19
5.6129,74,14,11,5,15
5.29032,84,14,11,17,21
3.54839,76,14,10,10,21
5.74194,70,14,11,15,3
5.48387,78,14,8,22,14,16
8,62,14,3,12,22,17
3.48387,78,14,6,5
5.29032,84,14,6,8,8,16
5.87097,66,14,13,13,6,4
7.29032,84,14,14,19,16,22,16,9,19
5.16129,88,14,18,9,9,13
6.83871,98,14,12,8,2,17
5.16129,88,14,4,12,16
7.48387,78,14,22,18,3,9
3.87097,66,14,5,18
3.87097,66,14,17,12
5.22581,86,14,1,20,8
3.87097,66,14,17,2
7.48387,78,14,8,15,1,18
7.6129,74,14,21,19,6,22
5.09677,90,14,21,13,5
3.93548,64,14,16,7
8.3871,112,14,19,8,11,5,13
7.41935,80,14,10,14,7,7,18,3
5.22581,86,14,12,10,15
5.54839,76,14,4,4,14,12,9
5.09677,90,14,10,5,2
7.41936,80,14,12,19,21,14,4
5.93548,64,14,14,2,7,2,4
5.54839,76,14,12,17,10
3.93548,64,14,16,7
4.51613,108,14,17,9,20
3.41935,80,14,9,2
3.41935,80,14,16,2
4,62,14,4,13,14
3.87097,66,14,4,11
3.80645,68,14,13,19
9.6129,74,14,18,15,15,12,13,6
3.09677,90,14,5,2
7.74194,70,14,1,9,10,22
4,62,14,10,18
5.41935,80,14,22,3,10
5.6129,74,14,19,22,6,19
5.93548,64,14,21,21,12,10
7.22581,86,14,21,7,21,21,11,4
3.6129,74,14,2,16
7.54839,76,14,22,19,8,17
5.74194,70,14,1,7,1,18
4,62,14,6,12
6,62,14,15,4,12
5.87097,66,14,1,4,13
4,62,14,4,17
5.67742,72,14,1,18,4
3.29032,84,14,10,6
5.03226,92,14,2,8,13
3.48387,78,14,2,5
3.74194,70,14,5,3
5.41935,80,14,11,5,7
3.80645,68,14,6,1
6.96774,94,14,21,19,17,20
8,62,14,3,19,14,21,20
3.93548,64,14,17,4
9.6129,74,14,18,8,19,16,19,9
5.35484,82,14,6,8,7
6,62,14,2,2,22,17
5.93548,64,14,11,8,12,11
5.74194,70,14,4,14,6,22
5.41935,80,14,10,1,15
5.29032,84,14,1,20,22
5.03226,92,14,5,9,20
5.87097,66,14,22,9,11
3.41935,80,14,2,10
8.96774,94,14,1,8,14,19,19,22,10
7.16129,88,14,3,11,3,10,3,4
5.80645,68,14,18,21,5
5.41935,80,14,1,22,3
7.67742,72,14,21,22,8,9
5.54839,76,14,19,17,13
6.58065,106,14,7,19,9,20
3.41935,80,14,9,20
5.22581,86,14,15,10,21
5.54839,76,14,21,6,9
7.22581,86,14,18,16,15,9
5.54839,76,14,22,14,22,3,9
6,62,14,22,6,17
7.22581,86,14,12,8,21,9
7.22581,86,14,1,11,16,5,14
5.48387,78,14,20,13,15
3.93548,64,14,17,4
5.29032,84,14,1,7,9
6.64516,104,14,21,7,5,12
5.29032,84,14,4,20,19
3.74194,70,14,14,5,3
5.54839,76,14,7,9,8
5.35484,82,14,10,1,7
7.80645,68,14,22,7,12,1
4.77419,100,14,16,3,6
4.96774,94,14,3,9,2
3.93548,64,14,17,8
3.41935,80,14,2,10
3.80645,68,14,13,19
7.22581,86,14,1,14,2,13,15
7.87097,66,14,18,3,7,21
5.29032,84,14,22,13,11
3.09677,90,14,13,16
3.67742,72,14,5,22
5.67742,72,14,19,17,4
4,62,14,9,22
5.48387,78,14,6,17,21
5.48387,78,14,10,9,21
7.87097,66,14,1,1,8,11,15
7.48387,78,14,21,2,2,1,5
6.70968,102,14,7,2,20,5
5.6129,74,14,19,17,12
7.6129,74,14,12,8,18,5
5.03226,92,14,8,10,2
6,62,14,1,3,16
3.93548,64,14,5,17
6.64516,104,14,15,22,16,13
4,62,14,14,1,13
4,62,14,10,10,8
4.96774,94,14,5,14,2,6
3.54839,76,14,5,7
7.54839,76,14,7,22,2,18
5.74194,70,14,10,16,17
5.29032,84,14,22,13,8
5.22581,86,14,6,18,2
5.35484,82,14,11,10,12
5.80645,68,14,13,14,7,2
7.93548,64,14,18,19,3,15,18
5.67742,72,14,22,16,17
7.87097,66,14,22,7,19,17
3.48387,78,14,2,5
7.67742,72,14,3,11,19,6
4,62,14,13,3
5.54839,76,14,9,19,16
3.6129,74,14,2,16
7.67742,72,14,21,15,21,16,21,18
5.93548,64,14,12,19,1,14
7.29032,84,14,3,8,2,1
5.22581,86,14,7,13,1
3.87097,66,14,14,13,18
5.16129,88,14,3,5,7
7.6129,74,14,19,11,10,17
3.48387,78,14,2,5
7.74194,70,14,18,20,21,12
5.41935,80,14,22,10,22,14,13
5.93548,64,14,12,22,2
7.41935,80,14,1,19,7,20
7.67742,72,14,18,19,4,12
7.03226,92,14,3,13,2,1
3.93548,64,14,5,5,17
7.93548,64,14,11,9,10,19
5.87097,66,14,21,11,20
3.54839,76,14,5,7
3.87097,66,14,13,14,5
3.93548,64,14,17,4
7.54839,76,14,3,14,19,17,10
5.03226,92,14,4,19,2
