4.64516,104,10,6,10,9,20
3.35484,82,10,10,6,19
3.87097,66,10,12,1
2.90323,96,10,22,10,13
3.87097,66,10,7,20
3.16129,88,10,20,18
3.09677,90,10,4,18
8,62,10,19,18,16,9
5.35484,82,10,22,8,16
3.67742,72,10,10,7,16
2,62,10,13
5.54839,76,10,3,19,3,7
5.67742,72,10,11,9,17
7.6129,74,10,9,3,11,7
7.80645,68,10,16,7,19,8
5.09677,90,10,9,10,2,8
4.90323,96,10,3,20,1
3.41935,80,10,12,17
2,62,10,13
5.48387,78,10,14,22,16
6,62,10,14,21,6
3.93548,64,10,22,13
5.35484,82,10,17,9,18
5.74194,70,10,8,14,18,10
5.35484,82,10,11,2,22
5.87097,66,10,1,11,17
7.74194,70,10,5,14,1,9
2,62,10,13
7.48387,78,10,5,1,15,20
3.16129,88,10,20,11
8,62,10,1,11,21,12
7.54839,76,10,14,18,7,12
3.87097,66,10,3,13
2.90323,96,10,20,6
5.80645,68,10,7,7,10,9,10,17
7.87097,66,10,5,3,14,22
5.29032,84,10,16,21,15,16
7.6129,74,10,14,14,15,22,8
3.74194,70,10,22,5
3.41935,80,10,21,16
5.54839,76,10,15,12,4
5.74194,70,10,11,14,13
2.3871,112,10,10,20,5
4.51613,108,10,15,9,6
5.6129,74,10,11,15,12
3.41935,80,10,20,4
5.67742,72,10,19,8,13
5.41935,80,10,11,15,4
5.35484,82,10,16,7,18,10
3.87097,66,10,10,7,20
3.87097,66,10,1,3,10
5.93548,64,10,1,16,15
3.09677,90,10,6,3
3.41935,80,10,12,17
2,62,10,13
3.29032,84,10,6,2
5.41935,80,10,17,9,17,18
5.6129,74,10,14,15,11
5.16129,88,10,3,15,11
5.87097,66,10,12,13,4
3.35484,82,10,21,21,21,9
3.41935,80,10,8,15,10
3.22581,86,10,21,18,10
5.09677,90,10,11,15,22,10
7.35484,82,10,16,21,7,21,17
6,62,10,22,7,4
4.3871,112,10,14,6,5
4.70968,102,10,3,20,17
5.87097,66,10,14,18,9
5.41935,80,10,9,13,6
5.80645,68,10,15,19,9
4.3871,112,10,14,2,5
3.74194,70,10,17,11
7.03226,92,10,5,9,3,12,5
5.35484,82,10,8,22,3
2,62,10,13
3.29032,84,10,20,7
3.74194,70,10,14,8,10
5.87097,66,10,1,1,5,17
5.87097,66,10,5,12,11
3.22581,86,10,2,8
5.54839,76,10,18,4,6
5.54839,76,10,8,3,17
7.87097,66,10,15,21,14,21,18
2,62,10,13
5.80645,68,10,11,14,17
5.87097,66,10,9,12,1
3.67742,72,10,2,4
3.41935,80,10,12,9
7.54839,76,10,19,18,17,7
3.35484,82,10,6,19
5.16129,88,10,3,3,15,11
5.48387,78,10,8,21,8,4
3.80645,68,10,21,11
5.35484,82,10,11,12,17
7.41935,80,10,18,7,14,20
5.29032,84,10,1,4,20
4,62,10,1,13
3.93548,64,10,14,9
6,62,10,5,15,3
4,62,10,8,8,4
7.54839,76,10,7,22,18,1
3.93548,64,10,3,22
7.41936,80,10,16,11,14,5
2.58065,106,10,2,9
5.48387,78,10,17,16,8
5.6129,74,10,10,19,19,1,22
4.25806,116,10,3,20,5
4.51613,108,10,8,2,16
4.51613,108,10,3,2,9
2.83871,98,10,20,17
7.35484,82,10,1,14,22,13
3.87097,66,10,6,4
3.41935,80,10,2,14
3.6129,74,10,12,10,15
3.80645,68,10,5,15,10
5.6129,74,10,11,14,21,11
4,62,10,3,7
3.6129,74,10,3,6
3.48387,78,10,12,6
5.93548,64,10,5,3,5,19
4.96774,94,10,22,2,1
5.80645,68,10,15,18,6
5.09677,90,10,14,4,3
3.80645,68,10,17,20
4,62,10,12,11
5.35484,82,10,8,8,5,11
5.6129,74,10,7,19,12
3.80645,68,10,11,17
5.80645,68,10,7,14,22
5.80645,68,10,9,21,17
7.93548,64,10,9,15,15,18,17
5.48387,78,10,12,18,3
5.48387,78,10,21,15,3
3.87097,66,10,12,1
5.87097,66,10,21,19,8
3.80645,68,10,6,22
3.41935,80,10,2,3
2.83871,98,10,6,9
7.48387,78,10,5,8,15,3
3.54839,76,10,3,17
5.54839,76,10,9,17,3
2,62,10,13
7.48387,78,10,11,1,15,12
7.16129,88,10,3,1,8,2
7.80645,68,10,18,14,21,11
3.35484,82,10,6,19
7.80645,68,10,5,1,3,13
5.54839,76,10,21,8,12
3.93548,64,10,19,13
7.48387,78,10,16,5,14,4
5.03226,92,10,18,18,18,16,12
5.80645,68,10,18,17,15
5.48387,78,10,11,10,18,9
7.54839,76,10,19,19,14,4,2
3.93548,64,10,4,13
3.87097,66,10,6,4
7.74194,70,10,5,19,15,2
6,62,10,5,3,20
3.16129,88,10,20,8
3.93548,64,10,3,9
2.70968,102,10,6,5
5.54839,76,10,21,15,21,17
5.67742,72,10,16,22,5
8,62,10,19,3,8,21
5.93548,64,10,21,15,14
5.93548,64,10,7,7,18,8
5.87097,66,10,3,19,12
5.35484,82,10,17,18,20
3.87097,66,10,3,13
3.29032,84,10,4,14
5.93548,64,10,9,7,2
2,62,10,13
3.80645,68,10,11,3,3,10
3.87097,66,10,17,13
3.35484,82,10,20,20,14
4.77419,100,10,15,9,21
3.87097,66,10,7,20
5.29032,84,10,18,4,20
3.16129,88,10,21,21,5
2,62,10,13
3.6129,74,10,4,21
5.74194,70,10,15,12,20
2.90323,96,10,6,16
6,62,10,5,12,20
3.35484,82,10,6,19
9.80645,68,10,5,11,3,12,12,15
4,62,10,8,10,8,4
4.3871,112,10,10,18,16,13
5.74194,70,10,21,18,7
5.80645,68,10,14,14,1,14,22
5.35484,82,10,12,2,3
3.80645,68,10,17,3
5.80645,68,10,15,12,21
4.90323,96,10,8,20,1
4,62,10,22,16
7.29032,84,10,14,8,19,8,6
5.16129,88,10,21,20,15
5.74194,70,10,7,14,1
5.67742,72,10,10,21,18,8
6.96774,94,10,16,11,2,6
2,62,10,13
5.67742,72,10,11,2,21
5.03226,92,10,22,8,6
5.16129,88,10,22,2,2,15
5.41935,80,10,8,1,4
3.6129,74,10,4,21
4.45161,110,10,15,20,16
5.48387,78,10,10,15,8,9
8,62,10,5,8,18,12
3.93548,64,10,3,4
3.09677,90,10,2,1
5.22581,86,10,17,6,19
2,62,10,13
5.6129,74,10,22,17,6
3.22581,86,10,2,8
5.74194,70,10,11,9,15
4,62,10,16,4
5.74194,70,10,19,3,16
5.87097,66,10,19,11,19,9
7.87097,66,10,11,9,1,8
3.22581,86,10,4,15
7.74194,70,10,3,14,18,21
7.87097,66,10,16,9,12,19
3.54839,76,10,20,13
2.90323,96,10,20,6
3.09677,90,10,6,3
3.93548,64,10,15,13
5.22581,86,10,18,2,22
3.93548,64,10,3,4
5.48387,78,10,8,22,2
7.29032,84,10,5,8,7,11
5.87097,66,10,5,21,20
2.45161,110,10,2,5
3.16129,88,10,2,11
5.41935,80,10,21,15,1
6,62,10,10,5,3,20
4.25806,116,10,15,20,5
5.35484,82,10,9,20,7
3.67742,72,10,2,21
5.03226,92,10,9,13,15
5.87097,66,10,11,21,18
5.35484,82,10,11,7,7,20
4.3871,112,10,11,20,5
5.29032,84,10,19,6,14
5.16129,88,10,21,4,3
3.87097,66,10,22,1
3.74194,70,10,22,5
5.93548,64,10,15,12,3
3.87097,66,10,11,6
5.80645,68,10,17,10,1,12
4.45161,110,10,15,20,16
3.93548,64,10,20,2
3.87097,66,10,12,1
5.22581,86,10,9,1,10,6
2.83871,98,10,12,10,20
4,62,10,7,12
5.35484,82,10,9,11,9,15,10
7.16129,88,10,9,19,1,9,17
7.29032,84,10,16,8,7,11
4.83871,98,10,16,20,6
9.87097,66,10,18,15,19,8,8,11
5.54839,76,10,16,17,22,16
5.6129,74,10,21,14,19,21
4.51613,108,10,12,12,20,16
5.87097,66,10,19,15,20
3.41935,80,10,4,12
6,62,10,17,18,22
5.74194,70,10,12,8,8,1
3.16129,88,10,21,5
2,62,10,13
5.80645,68,10,22,8,11
3.80645,68,10,16,13
3.67742,72,10,10,2,21
3.03226,92,10,4,8
7.80645,68,10,18,16,9,9,1
3.93548,64,10,22,13
3.80645,68,10,19,10,10,21
3.29032,84,10,20,15
5.22581,86,10,9,20,18
5.80645,68,10,11,8,6
5.93548,64,10,15,18,16
3.6129,74,10,7,9
9.16129,88,10,5,16,15,12,15,4
5.80645,68,10,16,1,4
5.80645,68,10,7,22,2
7.29032,84,10,5,5,21,21,7,4
3.09677,90,10,6,3
7.16129,88,10,22,14,18,4
5.93548,64,10,11,16,11,12
5.29032,84,10,22,17,12
3.09677,90,10,6,6,20
2.83871,98,10,20,17
5.54839,76,10,14,18,13
2.32258,114,10,16,20,10
3.54839,76,10,19,10,6
3.74194,70,10,21,10,18
5.16129,88,10,8,20,7
5.41935,80,10,7,8,15
5.35484,82,10,16,6,17
7.35484,82,10,16,5,22,13
3.93548,64,10,22,3
2,62,10,13
5.35484,82,10,14,1,7
2,62,10,13
3.93548,64,10,22,3
5.29032,84,10,1,2,11
2.3871,112,10,5,2,10
3.93548,64,10,2,20
5.87097,66,10,7,21,19
5.67742,72,10,10,10,22,19,16
5.03226,92,10,15,10,15,2,19
4,62,10,3,7
4.45161,110,10,9,20,9,4
2.77419,100,10,4,1
5.09677,90,10,18,11,4
6.45161,110,10,18,14,20,9
3.41935,80,10,12,9
2,62,10,13
5.48387,78,10,1,5,7
4,62,10,17,8
3.16129,88,10,2,10,15
5.80645,68,10,17,22,20
3.93548,64,10,17,2
5.03226,92,10,15,2,11
7.93548,64,10,1,1,8,5,9
5.67742,72,10,18,11,18,1
5.22581,86,10,19,4,22
3.03226,92,10,4,8
2,62,10,13
5.22581,86,10,18,18,4,22
3.93548,64,10,5,13
3.35484,82,10,20,3
3.93548,64,10,22,20
5.54839,76,10,18,6,21
3.48387,78,10,6,17
3.22581,86,10,2,8
7.35484,82,10,11,14,22,22,12
5.35484,82,10,1,20,20,15
3.93548,64,10,17,12
4,62,10,14,14,17
3.87097,66,10,10,7,7,3
3.67742,72,10,20,12
5.22581,86,10,21,20,14
9.80645,68,10,9,17,15,21,15,18
3.41935,80,10,10,2,14
2.90323,96,10,6,16
3.74194,70,10,6,21
4,62,10,1,17
5.03226,92,10,10,9,13,3
5.41935,80,10,9,13,21
2.83871,98,10,4,11
5.87097,66,10,22,15,1
7.22581,86,10,10,11,18,8,9
4,62,10,17,4
3.93548,64,10,5,13
3.87097,66,10,8,10,7
6,62,10,22,7,12
3.09677,90,10,2,6
7.6129,74,10,5,19,12,22
5.16129,88,10,1,9,13
3.6129,74,10,4,2
4.70968,102,10,11,5,2
6,62,10,11,3,7
3.41935,80,10,2,14
3.93548,64,10,3,9
4.90323,96,10,1,4,17
5.54839,76,10,1,18,13
3.29032,84,10,6,2
2.58065,106,10,20,16
7.16129,88,10,9,17,18,5
3.41935,80,10,12,17
4,62,10,21,13
5.03226,92,10,19,6,2
7.35484,82,10,1,18,19,6
5.93548,64,10,9,7,7,12
5.41935,80,10,14,6,21
6.96774,94,10,21,14,8,17
3.87097,66,10,22,9
5.48387,78,10,7,14,14,6
7.6129,74,10,16,17,22,12
5.35484,82,10,16,20,4
5.29032,84,10,22,19,4
3.29032,84,10,6,2
3.22581,86,10,20,22
5.03226,92,10,21,21,20,18
3.93548,64,10,19,18,10
5.80645,68,10,16,22,11
5.54839,76,10,22,18,5
2,62,10,13
3.22581,86,10,12,12,5
5.87097,66,10,12,2,20
4.25806,116,10,12,13,9
3.87097,66,10,22,11
7.03226,92,10,19,3,18,3,13
3.09677,90,10,4,18
3.80645,68,10,3,5
5.74194,70,10,11,18,17
5.29032,84,10,5,12,9
3.87097,66,10,17,13
3.41935,80,10,20,20,4
3.80645,68,10,21,1
7.54839,76,10,16,22,19,9
9.80645,68,10,9,11,9,16,17,7
3.80645,68,10,2,13
3.93548,64,10,22,13
3.87097,66,10,7,10,18
3.16129,88,10,6,10,7
5.67742,72,10,1,18,4
2,62,10,13
3.93548,64,10,8,17
5.29032,84,10,19,7,5
4,62,10,12,11
5.87097,66,10,5,20,2
3.93548,64,10,12,4
3.93548,64,10,14,13
5.16129,88,10,16,2,8
5.09677,90,10,10,15,8,13
3.93548,64,10,2,20
7.93548,64,10,5,8,3,20
3.87097,66,10,12,1
4,62,10,21,6
3.35484,82,10,6,19
3.87097,66,10,10,15,5
3.29032,84,10,20,15
5.87097,66,10,16,22,13
7.87097,66,10,14,18,19,22
3.93548,64,10,14,13
3.80645,68,10,21,1
2.96774,94,10,4,17
3.87097,66,10,6,7
2.77419,100,10,4,1
5.74194,70,10,3,19,16
3.74194,70,10,6,21
3.41935,80,10,2,7
9.35484,82,10,1,11,5,9,3
2,62,10,13
5.67742,72,10,8,9,11
3.80645,68,10,7,1
3.29032,84,10,6,2
3.09677,90,10,2,1
7.93548,64,10,15,21,8,3
3.74194,70,10,14,5
5.48387,78,10,19,9,19,17
5.87097,66,10,21,18,15
7.09677,90,10,19,18,16,14
3.87097,66,10,3,13
5.80645,68,10,5,22,13
3.03226,92,10,7,21,10
3.35484,82,10,12,16
5.03226,92,10,12,20,19
5.74194,70,10,19,3,9
3.41935,80,10,2,14
5.80645,68,10,5,8,17
5.09677,90,10,11,7,9
3.03226,92,10,6,6,1
5.80645,68,10,12,8,14
3.03226,92,10,4,19
2.90323,96,10,6,16
5.48387,78,10,14,7,14,13
6.96774,94,10,19,15,17,13
7.03226,92,10,14,21,20,18
5.67742,72,10,19,3,13
5.80645,68,10,14,3,21
3.67742,72,10,2,12
5.03226,92,10,15,12,9
3.09677,90,10,2,6
3.35484,82,10,4,7
5.41935,80,10,21,12,7
5.80645,68,10,12,14,3
4,62,10,17,8
4.96774,94,10,8,20,19
3.87097,66,10,12,1
2,62,10,13
7.41935,80,10,11,19,22,8
7.54839,76,10,8,21,19,22
3.41935,80,10,2,14
3.41935,80,10,21,21,16
5.41935,80,10,8,22,16
6,62,10,18,3,14
3.80645,68,10,2,13
3.87097,66,10,10,10,10,15,10,22
5.6129,74,10,17,5,1
4,62,10,7,2
2.90323,96,10,6,16
4,62,10,3,7
3.80645,68,10,7,11
3.03226,92,10,6,11
9.54839,76,10,9,11,14,7,4
4.32258,114,10,8,16,10,16,4
2.32258,114,10,4,9
2.58065,106,10,20,16
3.16129,88,10,20,8
3.41935,80,10,12,9
3.29032,84,10,20,15
3.93548,64,10,3,22
2.58065,106,10,6,10,2
3.87097,66,10,8,13
2,62,10,13
4.45161,110,10,15,16,2
3.87097,66,10,6,4
3.80645,68,10,2,13
5.54839,76,10,3,20,12
5.87097,66,10,17,21,4
5.74194,70,10,12,14,11
7.48387,78,10,5,8,18,20
5.54839,76,10,1,6,7
3.93548,64,10,20,2
7.87097,66,10,19,8,21,4
3.03226,92,10,4,19
5.16129,88,10,18,4,15
3.6129,74,10,4,21
5.35484,82,10,21,7,3
6,62,10,10,17,19,14
5.80645,68,10,8,9,9,1
3.87097,66,10,21,17
6.96774,94,10,16,18,17,12
5.93548,64,10,15,17,22,15
4.83871,98,10,19,17,1
3.93548,64,10,22,3
3.93548,64,10,14,13
3.93548,64,10,22,20
3.74194,70,10,14,5
5.67742,72,10,15,1,15,19
5.6129,74,10,3,2,4
3.22581,86,10,6,12
3.09677,90,10,6,6,20
3.80645,68,10,11,3,10
5.67742,72,10,15,10,1,18
3.22581,86,10,6,12
5.6129,74,10,16,2,21
5.41935,80,10,10,11,15,1
5.03226,92,10,10,8,20,8,20,11
5.41935,80,10,3,19,2
5.6129,74,10,14,8,20
5.16129,88,10,1,9,4
5.54839,76,10,22,4,2
5.87097,66,10,18,5,16
3.74194,70,10,17,1
5.80645,68,10,3,21,22
3.29032,84,10,2,15
2.90323,96,10,10,20,6
3.09677,90,10,6,20
2,62,10,13
5.03226,92,10,21,20,11
3.03226,92,10,6,11
4.58065,106,10,7,6,5
5.09677,90,10,17,5,10,9,17
7.41935,80,10,16,21,21,14,20
3.48387,78,10,8,10,6
7.16129,88,10,11,21,15,20
3.41935,80,10,20,4
5.87097,66,10,8,18,8,22
3.93548,64,10,14,16
7.41935,80,10,16,14,19,4
5.80645,68,10,18,11,9
2,62,10,13
3.16129,88,10,20,18
3.41935,80,10,10,2,3
5.35484,82,10,8,16,3
5.87097,66,10,15,18,9
3.48387,78,10,12,6
3.22581,86,10,12,5
7.80645,68,10,9,19,2,20
5.93548,64,10,1,3,13
5.87097,66,10,16,21,13
4.45161,110,10,3,20,16
3.87097,66,10,6,4
3.41935,80,10,21,16
2.90323,96,10,6,16
5.93548,64,10,7,19,14
5.80645,68,10,19,3,12,12,19
2.58065,106,10,2,9
3.29032,84,10,2,15
3.03226,92,10,4,19
4,62,10,7,12
5.09677,90,10,3,2,18
7.29032,84,10,9,18,16,16,3
2.70968,102,10,22,12,10
3.87097,66,10,12,1
7.48387,78,10,16,8,7,4
3.29032,84,10,2,15
3.03226,92,10,6,11
6,62,10,16,21,8
5.74194,70,10,15,8,12
5.87097,66,10,21,8,14
3.16129,88,10,21,5
4,62,10,8,10,14
5.48387,78,10,21,15,3
5.80645,68,10,8,9,1
5.74194,70,10,5,22,11
3.93548,64,10,14,9
3.93548,64,10,3,4
3.54839,76,10,1,10,4
3.93548,64,10,22,20
3.67742,72,10,5,14,10
3.93548,64,10,14,16
5.41935,80,10,19,11,11,13
2,62,10,13
3.6129,74,10,20,21
4,62,10,7,4
5.03226,92,10,21,20,11
5.41935,80,10,11,15,1
3.6129,74,10,20,21
3.16129,88,10,21,5
6.90323,96,10,11,11,15,18,13
3.48387,78,10,7,5
6,62,10,8,12,20
3.6129,74,10,4,6
5.29032,84,10,18,2,3
4,62,10,21,6
5.35484,82,10,21,2,3
5.74194,70,10,7,15,16
4.70968,102,10,18,16,2
3.67742,72,10,2,21
7.41935,80,10,16,1,15,3
2,62,10,13
4.83871,98,10,22,22,2,17
3.80645,68,10,21,11
2.32258,114,10,4,10,2
7.35484,82,10,17,17,22,19,5
5.41935,80,10,1,6,13
3.54839,76,10,20,13
5.35484,82,10,14,11,20
5.67742,72,10,15,19,5
3.16129,88,10,2,19
5.74194,70,10,22,8,22,17
3.67742,72,10,17,22,10
3.93548,64,10,19,13
5.48387,78,10,16,5,13
3.74194,70,10,14,5
3.93548,64,10,4,13
2,62,10,13
3.03226,92,10,20,1
5.87097,66,10,5,3,16
7.35484,82,10,14,18,22,13
2.3871,112,10,11,20,10
3.80645,68,10,11,17
3.87097,66,10,22,1
5.35484,82,10,19,17,14
2,62,10,13
2,62,10,10,13
3.16129,88,10,19,10,13
6,62,10,14,8,15
5.54839,76,10,12,19,1
3.09677,90,10,6,6,3
3.6129,74,10,21,10,15
4,62,10,7,2
5.80645,68,10,12,8,19
5.35484,82,10,18,21,16
4,62,10,12,11
5.6129,74,10,22,17,22,17,17,19
5.09677,90,10,7,7,8,2
5.87097,66,10,3,2,20
6.83871,98,10,1,21,2,17
5.93548,64,10,18,7,12
3.48387,78,10,6,18
3.03226,92,10,4,8
7.6129,74,10,9,5,7,12
5.29032,84,10,11,7,1
4.45161,110,10,15,2,16
3.80645,68,10,11,17
3.41935,80,10,20,4
3.93548,64,10,19,13
3.6129,74,10,10,20,21
5.41935,80,10,12,18,18,11
4,62,10,7,2
4.64516,104,10,8,9,2
4,62,10,7,2
4.3871,112,10,8,5,2
5.6129,74,10,8,7,12
5.93548,64,10,16,15,15,1
3.93548,64,10,2,20
5.35484,82,10,14,22,1
5.03226,92,10,21,8,6
5.87097,66,10,14,8,22
3.41935,80,10,2,3
5.09677,90,10,15,11,7
2.3871,112,10,4,16
9.03226,92,10,1,9,16,8,4
3.09677,90,10,16,12,12,10
2,62,10,13
7.09677,90,10,14,21,2,18
5.09677,90,10,7,17,8
5.80645,68,10,10,1,21,17
3.41935,80,10,4,12
2,62,10,13
5.67742,72,10,17,18,11
5.09677,90,10,12,14,5
3.87097,66,10,7,3
5.54839,76,10,18,17,18,16
9.29032,84,10,11,19,15,7,7,13
7.67742,72,10,14,19,22,21
3.93548,64,10,12,15
5.6129,74,10,18,11,5
2.58065,106,10,20,9
3.74194,70,10,10,6,21
5.54839,76,10,1,7,20
3.29032,84,10,4,22
3.16129,88,10,20,18
6,62,10,15,8,11
5.74194,70,10,16,12,4
3.93548,64,10,14,16
5.74194,70,10,17,15,2
3.74194,70,10,6,15
3.93548,64,10,15,13
5.16129,88,10,17,6,8
2,62,10,10,13
3.29032,84,10,14,21,10
3.16129,88,10,2,19
2.58065,106,10,20,16
5.35484,82,10,15,4,12
3.87097,66,10,6,4
5.93548,64,10,5,18,2
3.93548,64,10,3,9
5.67742,72,10,11,19,11,22
3.6129,74,10,4,6
7.16129,88,10,16,5,18,15,5
2.32258,114,10,2,10,4
5.22581,86,10,15,15,20,14
5.93548,64,10,3,12,11
3.93548,64,10,17,12
3.93548,64,10,19,13
6,62,10,18,9,5,5,10
4,62,10,21,3
5.03226,92,10,9,2,17
3.29032,84,10,4,22
5.6129,74,10,3,14,4
6,62,10,1,19,17
3.87097,66,10,3,13
3.6129,74,10,4,2
4.32258,114,10,14,4,16
3.16129,88,10,17,14,10
3.87097,66,10,8,13
2,62,10,13
5.67742,72,10,1,5,3
2,62,10,13
7.54839,76,10,8,21,4,6
3.74194,70,10,14,5
5.09677,90,10,19,9,9,21
5.87097,66,10,18,22,4
7.48387,78,10,16,19,11,20
7.6129,74,10,5,8,11,22
3.29032,84,10,10,20,15
2,62,10,13
3.80645,68,10,7,1
6,62,10,9,10,14,2
3.67742,72,10,7,16
9.67742,72,10,9,19,11,14,14,15
7.16129,88,10,19,14,21,5
5.93548,64,10,9,21,6
3.6129,74,10,18,11,10
5.22581,86,10,9,2,11
5.93548,64,10,14,19,16
5.80645,68,10,16,1,10,16,18
3.93548,64,10,15,13
5.09677,90,10,5,6,12
3.80645,68,10,10,2,13
3.80645,68,10,1,18,10
5.41935,80,10,17,9,17,18
5.67742,72,10,1,3,6
3.35484,82,10,20,3
2,62,10,13
5.29032,84,10,17,14,16
4,62,10,14,17
5.93548,64,10,16,17,14
4,62,10,8,6
5.80645,68,10,5,22,3
5.22581,86,10,12,3,5
7.03226,92,10,22,15,8,6
3.29032,84,10,20,15
3.16129,88,10,17,14,10
3.87097,66,10,12,1
2,62,10,13
3.22581,86,10,20,22
4.90323,96,10,19,17,20
3.29032,84,10,2,15
3.87097,66,10,21,17
5.93548,64,10,14,14,18,17
3.93548,64,10,14,16
5.93548,64,10,19,11,18
5.74194,70,10,16,15,5
5.93548,64,10,3,19,21
3.87097,66,10,12,1
3.87097,66,10,12,7
3.93548,64,10,22,20
2.96774,94,10,4,17
6,62,10,11,21,7
3.09677,90,10,4,18
4.96774,94,10,21,8,17
3.93548,64,10,14,16
6,62,10,5,21,22
6.77419,100,10,3,12,2,12,16
7.41935,80,10,16,3,18,11
5.41935,80,10,1,1,12,17
6.51613,108,10,5,11,20,9
9.6129,74,10,5,17,18,14,3
5.67742,72,10,9,6,21
5.16129,88,10,21,8,8,2
3.93548,64,10,22,20
5.48387,78,10,3,3,8,13
3.67742,72,10,7,7,16
5.41935,80,10,7,18,5
3.93548,64,10,14,9
4.96774,94,10,18,10,8,8,13
3.29032,84,10,4,22
2.3871,112,10,20,5
5.74194,70,10,11,9,15
5.54839,76,10,15,7,5
6.83871,98,10,9,14,8,8,21,9
3.80645,68,10,11,17
3.93548,64,10,3,4
5.6129,74,10,5,21,11
5.87097,66,10,22,22,15,16
5.29032,84,10,22,17,12
5.80645,68,10,5,21,6
5.80645,68,10,16,15,13
5.09677,90,10,5,6,12
5.29032,84,10,7,8,8,7,12
3.03226,92,10,20,1
3.93548,64,10,22,20
2.90323,96,10,20,6
4,62,10,8,4
5.54839,76,10,22,8,12
3.93548,64,10,18,13
7.09677,90,10,14,11,3,22
3.29032,84,10,20,15
5.67742,72,10,16,12,12,7
6.96774,94,10,3,1,11,6
5.03226,92,10,18,11,6
6.45161,110,10,11,5,16,4
2,62,10,13
4.96774,94,10,18,11,17
5.87097,66,10,16,21,3
4.77419,100,10,15,3,17
5.54839,76,10,18,22,5
2,62,10,13
5.80645,68,10,7,22,4
5.93548,64,10,3,11,16
3.48387,78,10,10,12,6
3.41935,80,10,12,12,9
7.54839,76,10,1,8,11,13
5.87097,66,10,19,1,12
3.03226,92,10,6,1
5.54839,76,10,15,17,17,19
2.45161,110,10,2,5
5.41935,80,10,18,17,16
5.93548,64,10,1,9,22
5.80645,68,10,21,20,2
5.16129,88,10,21,22,11
4,62,10,1,13
5.09677,90,10,12,13,14
2.3871,112,10,4,16
3.74194,70,10,6,6,15
3.80645,68,10,12,22
3.87097,66,10,12,7
3.09677,90,10,2,1
7.16129,88,10,9,14,7,5
5.22581,86,10,1,4,14
3.6129,74,10,4,2
3.03226,92,10,10,4,19
5.22581,86,10,1,4,22
2.32258,114,10,4,9
3.41935,80,10,2,3
4,62,10,14,10,18
2,62,10,13
5.41935,80,10,21,10,16,14
2,62,10,13
4.96774,94,10,1,4,8
3.80645,68,10,17,3
7.80645,68,10,9,16,15,15,5
6,62,10,16,8,2
6,62,10,5,12,2
6.96774,94,10,1,21,8,4
2,62,10,13
5.48387,78,10,1,22,16
5.87097,66,10,3,19,7
5.22581,86,10,11,2,8
3.54839,76,10,22,10,12
5.67742,72,10,1,19,13
2.3871,112,10,20,5
4,62,10,7,2
3.16129,88,10,2,11
5.35484,82,10,11,22,4
5.6129,74,10,22,17,16
5.16129,88,10,12,13,7
3.35484,82,10,6,19
6.3871,112,10,8,11,9,13
5.22581,86,10,17,9,14
4,62,10,7,12
3.41935,80,10,21,16
3.41935,80,10,21,16
5.29032,84,10,11,7,1
5.48387,78,10,17,14,2
3.41935,80,10,4,12
5.29032,84,10,15,16,18
5.29032,84,10,11,19,11,17
5.87097,66,10,1,22,14
5.41935,80,10,14,3,13
5.87097,66,10,16,21,3
3.80645,68,10,17,20
4.83871,98,10,7,8,13
7.6129,74,10,19,16,19,14,14,1
5.35484,82,10,3,12,9
5.09677,90,10,21,2,18
3.74194,70,10,6,13
5.87097,66,10,5,11,4
4,62,10,12,11
5.35484,82,10,7,17,14
5.74194,70,10,19,1,15
5.41935,80,10,21,15,9
4,62,10,14,17
2.58065,106,10,20,16
5.16129,88,10,14,20,7
4.12903,120,10,14,4,5
5.67742,72,10,19,19,12,12,19,5
3.35484,82,10,10,4,7
5.80645,68,10,14,12,15
3.48387,78,10,15,1,10
5.09677,90,10,12,14,5
5.41935,80,10,21,15,16
5.74194,70,10,9,7,1
3.80645,68,10,6,22
6.96774,94,10,18,18,8,12,8,6
3.54839,76,10,6,14
7.41935,80,10,1,21,12,15
3.03226,92,10,6,1
5.67742,72,10,15,18,20
5.35484,82,10,21,7,13
3.74194,70,10,6,13
2.19355,118,10,4,5
6.58065,106,10,19,1,1,9,2
3.93548,64,10,10,19,13
3.74194,70,10,8,14,10
7.6129,74,10,18,7,22,13
2,62,10,13
3.22581,86,10,4,15
3.16129,88,10,2,18
5.16129,88,10,19,2,8
7.41935,80,10,9,7,19,16
4.96774,94,10,21,18,13
4.83871,98,10,17,5,12
2.58065,106,10,2,16
9.54839,76,10,5,7,15,21,15,6
3.80645,68,10,11,17
2.96774,94,10,4,17
4.90323,96,10,12,12,13,18
5.93548,64,10,9,21,13
3.16129,88,10,4,3
5.6129,74,10,10,14,15,20
3.03226,92,10,4,19
7.67742,72,10,8,19,21,13
3.93548,64,10,3,4
7.41935,80,10,8,16,5,1
3.74194,70,10,17,1
7.80645,68,10,8,14,8,12,21
7.54839,76,10,9,15,19,2
5.6129,74,10,12,2,4
3.6129,74,10,4,2
5.35484,82,10,12,3,9
3.41935,80,10,12,17
3.6129,74,10,7,9
3.93548,64,10,2,20
5.54839,76,10,12,3,2
2.96774,94,10,4,17
3.80645,68,10,12,22
3.80645,68,10,22,10,14
5.48387,78,10,22,19,17
2.19355,118,10,4,5
4,62,10,21,3
3.22581,86,10,4,4,15
3.87097,66,10,22,11
3.16129,88,10,20,8
5.48387,78,10,1,2,22
3.09677,90,10,4,18
5.67742,72,10,18,3,2
5.29032,84,10,7,19,17
3.48387,78,10,8,10,6
7.22581,86,10,11,8,16,17
3.22581,86,10,2,8
5.93548,64,10,9,5,17,10
5.80645,68,10,3,15,18
6,62,10,8,12,20
4.51613,108,10,21,2,16
3.09677,90,10,6,20
3.16129,88,10,20,8
2.90323,96,10,20,6
3.16129,88,10,21,5
5.22581,86,10,16,2,2,15
5.03226,92,10,15,2,11
7.09677,90,10,14,3,11,22
3.87097,66,10,7,7,13
3.93548,64,10,4,13
5.6129,74,10,9,7,16
5.48387,78,10,17,5,11
4.90323,96,10,22,8,13
3.80645,68,10,11,17
2.3871,112,10,4,16
7.35484,82,10,1,22,15,16
5.93548,64,10,19,8,2
