5.67742,72,15,15,9,3,14
7.67742,72,15,7,7,10,5,5,17
5.74194,70,15,18,15,6,11
7.35484,82,15,7,8,22,15,9
5.6129,74,15,16,8,7
5.35484,82,15,15,22,14,13,15
5.29032,84,15,15,20,21,15,11
5.41935,80,15,8,12,10
5.54839,76,15,19,17,4
4.58065,106,15,12,6,9
3.80645,68,15,11,4
7.03226,92,15,14,18,6,16
5.35484,82,15,11,5,8
6.96774,94,15,7,4,2,16
7.09677,90,15,17,17,10,1,7
7.74194,70,15,7,16,5,11
5.67742,72,15,11,5,1
5.22581,86,15,13,20,19
5.6129,74,15,1,14,17
7.54839,76,15,20,21,22,14
3.48387,78,15,5,12
3.16129,88,15,12,9,15
6.96774,94,15,21,22,18,21,10
5.48387,78,15,6,13,13,8
5.80645,68,15,15,15,14,5,5,1
5.67742,72,15,4,18,22
5.48387,78,15,8,13,20
7.54839,76,15,19,18,11,2
5.67742,72,15,14,1,6
7.16129,88,15,17,14,17,22,15,4
5.87097,66,15,20,14,12
7.48387,78,15,21,2,13,17
5.09677,90,15,16,19,16,12
5.41935,80,15,6,2,22
5.67742,72,15,15,3,18,9
5.67742,72,15,19,11,17
3.87097,66,15,11,13
5.67742,72,15,22,22,12,10
5.09677,90,15,2,21,5
2.90323,96,15,5,13
9.16129,88,15,11,1,5,9,14
5.6129,74,15,9,17,7
7.09677,90,15,14,19,4,17
7.16129,88,15,11,18,19,17
5.22581,86,15,20,2,20,16
3.67742,72,15,11,17
7.80645,68,15,11,14,19,1
5.54839,76,15,14,11,15,6
7.6129,74,15,18,8,22,16
6,62,15,18,16,14
5.6129,74,15,2,4,3
7.22581,86,15,19,5,9,21
7.29032,84,15,19,5,9,12
4.96774,94,15,15,19,16,13
2.96774,94,15,5,4
3.80645,68,15,20,6
5.93548,64,15,2,21,13
5.29032,84,15,14,6,16
5.6129,74,15,17,12,11
5.54839,76,15,19,20,22
4,62,15,4,8
11.6129,74,15,18,14,19,12,8,21
3.67742,72,15,11,17
8,62,15,15,8,3,5,10
5.93548,64,15,18,4,20
5.74194,70,15,8,5,1
5.35484,82,15,12,8,12,10
5.6129,74,15,11,14,13
4.45161,110,15,6,20,9
5.67742,72,15,9,15,17,5
5.22581,86,15,12,7,5
5.80645,68,15,6,22,3
3.87097,66,15,11,13
7.22581,86,15,19,22,4,18
5.67742,72,15,15,6,14,20
7.16129,88,15,22,6,19,20
5.74194,70,15,9,14,12
7.74194,70,15,7,13,12,11
3.87097,66,15,2,2,17
2.96774,94,15,5,4
5.80645,68,15,22,20,19
5.67742,72,15,14,10,17
3.48387,78,15,20,16
5.16129,88,15,8,13,22
5.6129,74,15,2,13,2,6
5.67742,72,15,13,6,21
3.48387,78,15,2,16
3.6129,74,15,9,17,15
9.16129,88,15,16,10,1,11,7
4,62,15,12,16
3.29032,84,15,20,10
5.41935,80,15,15,11,3,17
5.09677,90,15,17,20,17,15,17,15,10
5.48387,78,15,3,18,2
5.93548,64,15,19,10,17
5.87097,66,15,3,14,14,14,20
3.48387,78,15,9,20
5.35484,82,15,2,22,16
5.87097,66,15,2,8,8,19
5.80645,68,15,7,13,18
5.48387,78,15,16,10,21
5.80645,68,15,4,3,12
4.3871,112,15,3,5,6
4.51613,108,15,1,10,13
5.6129,74,15,16,18,1
5.41935,80,15,9,19,17
5.48387,78,15,4,3,3,18
5.22581,86,15,20,2,16
5.48387,78,15,22,11,6
5.22581,86,15,10,1,20
4.64516,104,15,15,11,5,6
5.6129,74,15,4,15,17,9
7.54839,76,15,14,17,17,14,7,8
5.41935,80,15,6,4,2,15
3.16129,88,15,16,13
5.03226,92,15,17,21,13,15
7.35484,82,15,9,16,11,2
5.93548,64,15,12,14,16
5.80645,68,15,3,11,2
6.90323,96,15,7,4,4,13,5
7.41935,80,15,4,15,7,2,3
5.74194,70,15,9,11,5
6.83871,98,15,7,9,1,17
5.09677,90,15,9,10,4
5.41935,80,15,4,6,12
5.93548,64,15,15,5,16,19
5.80645,68,15,17,3,3,11
7.22581,86,15,22,4,6,3
5.03226,92,15,13,6,13,17
5.22581,86,15,20,21,21,9
3.87097,66,15,3,6
7.35484,82,15,22,19,16,12
3.87097,66,15,6,16
5.74194,70,15,6,4,8
8,62,15,6,7,19,14
3.48387,78,15,15,16,2
3.35484,82,15,19,15,13,19
5.35484,82,15,3,9,18
6.77419,100,15,17,10,16,2
5.67742,72,15,8,17,7
4,62,15,5,17
6,62,15,12,11,16
3.29032,84,15,4,9
4.96774,94,15,18,4,16
3.80645,68,15,20,6
4,62,15,2,6
5.54839,76,15,6,20,12
6.70968,102,15,12,19,21,5
5.80645,68,15,7,10,19
7.80645,68,15,7,17,12,3
4,62,15,13,22
3.87097,66,15,10,3
5.48387,78,15,11,9,22
5.41935,80,15,2,13,17
3.48387,78,15,9,20
4.77419,100,15,12,13,16
9.80645,68,15,18,7,11,8,14
5.93548,64,15,2,12,11
5.80645,68,15,17,13,2
5.29032,84,15,18,6,4,18
5.6129,74,15,8,16,16,3
5.54839,76,15,2,4,18
5.67742,72,15,16,3,1
7.80645,68,15,7,2,14,11
3.80645,68,15,13,18
5.22581,86,15,11,15,9,14
5.41935,80,15,21,2,5
5.48387,78,15,14,5,18
7.54839,76,15,12,22,7,7,2
5.35484,82,15,8,2,11
4.77419,100,15,9,3,17
7.29032,84,15,21,7,10,11
6,62,15,19,13,2
5.87097,66,15,12,3,5
7.41935,80,15,7,8,22,13
6,62,15,21,17,6
3.22581,86,15,5,6
5.87097,66,15,12,11,10
4.70968,102,15,22,5,13
7.67742,72,15,7,2,18,22
3.48387,78,15,16,20
5.87097,66,15,6,18,6,6,22
5.29032,84,15,16,8,20
5.48387,78,15,20,11,11,9
5.41935,80,15,1,14,10
4.25806,116,15,12,9,4
4.77419,100,15,16,3,17
5.41935,80,15,20,12,6
5.80645,68,15,9,19,11
5.22581,86,15,4,22,11
7.41935,80,15,21,21,2,2,3,16
5.67742,72,15,9,22,17
3.16129,88,15,4,5
7.22581,86,15,14,15,19,16,12
3.67742,72,15,13,17
7.22581,86,15,8,21,13,14
5.09677,90,15,6,17,3
5.6129,74,15,8,6,21
3.93548,64,15,4,17
3.93548,64,15,15,15,20,20,1
7.67742,72,15,21,7,21,3,22
6.90323,96,15,7,4,6,5
4,62,15,4,19
6,62,15,3,11,21
5.6129,74,15,2,7,8
7.22581,86,15,22,19,20,11
5.03226,92,15,19,9,4
8,62,15,7,2,7,22,3
3.74194,70,15,20,17
5.54839,76,15,20,22,6
3.87097,66,15,11,13
2.96774,94,15,13,5
5.22581,86,15,9,22,2
5.16129,88,15,15,3,20,1
7.6129,74,15,21,6,22,4
5.03226,92,15,2,7,5
5.54839,76,15,9,22,19
5.16129,88,15,15,8,6,2
6.96774,94,15,22,20,21,10
4.90323,96,15,17,5,6
6,62,15,17,17,8,11
5.22581,86,15,8,4,18
3.74194,70,15,1,6
7.41935,80,15,19,7,4,22
2.96774,94,15,10,13
5.29032,84,15,3,7,1
7.35484,82,15,2,13,12,1
6.70968,102,15,7,15,3,4,1
5.6129,74,15,15,1,21,6
6.70968,102,15,14,13,14,11,17
5.35484,82,15,11,7,2
5.6129,74,15,9,14,11
3.16129,88,15,10,20
4.90323,96,15,8,9,2
5.67742,72,15,2,18,18,22
7.29032,84,15,22,17,3,20
5.6129,74,15,3,14,10
7.93548,64,15,18,7,18,22,1
3.35484,82,15,4,16
3.48387,78,15,2,16
6,62,15,7,2,6
6.25807,116,15,7,8,5,4
5.22581,86,15,21,5,8
5.41935,80,15,16,11,20
11.3548,82,15,14,18,14,11,14,7,22,20
5.22581,86,15,3,22,20
5.93548,64,15,9,5,8
7.41935,80,15,22,8,22,1,5
6,62,15,14,2,14,20
5.80645,68,15,9,16,21
5.67742,72,15,16,1,21
3.74194,70,15,1,6
7.41935,80,15,19,3,22,8
7.35484,82,15,15,7,11,9,3
5.48387,78,15,20,7,8
5.6129,74,15,21,17,13
5.16129,88,15,3,13,22
2.96774,94,15,10,13
5.03226,92,15,16,11,17
5.87097,66,15,12,12,11,5
5.54839,76,15,9,22,19
5.16129,88,15,6,3,7
5.80645,68,15,3,22,18
5.80645,68,15,19,13,12
5.87097,66,15,17,10,11
2.96774,94,15,10,13
5.67742,72,15,9,11,21
6.70968,102,15,22,11,9,6
5.22581,86,15,10,17,16
3.41935,80,15,20,3,3,15
5.35484,82,15,22,1,9,22
3.48387,78,15,12,6,15
10,62,15,18,14,19,2,20
5.29032,84,15,12,9,19
3.74194,70,15,10,7
3.6129,74,15,16,6
3.35484,82,15,4,16
5.93548,64,15,16,10,8
5.74194,70,15,15,12,8,5
5.41935,80,15,6,18,2
5.6129,74,15,19,15,1,2
5.22581,86,15,15,9,22,4
6,62,15,18,8,15,6
3.22581,86,15,4,10
5.87097,66,15,6,12,3
3.48387,78,15,9,2
3.22581,86,15,4,4,10
5.35484,82,15,6,8,8,10
5.48387,78,15,14,17,2
5.09677,90,15,13,20,13,8
5.74194,70,15,1,12,13
5.03226,92,15,22,9,4
5.6129,74,15,18,1,17
3.6129,74,15,10,21
6.90323,96,15,17,18,12,16
7.93548,64,15,22,21,16,5
5.54839,76,15,5,9,7
5.74194,70,15,3,13,2
5.93548,64,15,7,3,13
5.54839,76,15,16,14,1
4.96774,94,15,8,17,12
2.96774,94,15,13,10
5.54839,76,15,17,1,19
5.6129,74,15,19,5,3
5.16129,88,15,3,10,18
7.6129,74,15,21,11,12,8
5.29032,84,15,4,18,16
5.93548,64,15,10,5,18
5.74194,70,15,21,6,20
5.67742,72,15,11,21,20
7.22581,86,15,22,4,3,20
6,62,15,17,22,10
4.77419,100,15,16,3,17
5.16129,88,15,18,8,4,18
4.90323,96,15,8,13,11
4,62,15,13,22
3.67742,72,15,13,17
3.48387,78,15,2,9
4.70968,102,15,3,10,12
5.6129,74,15,11,21,3
3.93548,64,15,4,17
5.48387,78,15,11,10,17
5.80645,68,15,11,2,20
4,62,15,2,1
9.29032,84,15,21,14,19,5,8
5.74194,70,15,21,12,11,21
7.29032,84,15,17,7,20,4
6,62,15,1,21,21,14
7.87097,66,15,22,14,11,18,15
5.41935,80,15,2,11,16
3.54839,76,15,9,6
5.03226,92,15,6,20,18
5.80645,68,15,13,2,14
3.67742,72,15,1,17
5.09677,90,15,15,18,5,6
4,62,15,1,2
5.41935,80,15,6,18,2
5.80645,68,15,18,12,5
7.54839,76,15,22,9,10,9,10,5,15
4.32258,114,15,4,14,4,5
3.80645,68,15,13,18
4.70968,102,15,19,20,5
3.74194,70,15,20,17
7.09677,90,15,19,14,8,8,2,19
3.74194,70,15,13,19
5.09677,90,15,21,13,16
4.90323,96,15,15,13,7,9
3.87097,66,15,12,5
5.09677,90,15,12,15,4,11
4.77419,100,15,13,15,4,11
5.16129,88,15,6,2,1
5.41935,80,15,9,16,2
3.80645,68,15,20,6
3.67742,72,15,6,5
5.87097,66,15,16,16,19,21
5.93548,64,15,8,15,2,4
5.80645,68,15,18,14,6,18
5.54839,76,15,12,1,7
4.90323,96,15,3,15,11,6
5.16129,88,15,6,15,4,11
5.67742,72,15,4,18,22
5.80645,68,15,21,8,8,15,12
6.83871,98,15,3,19,7,5
3.93548,64,15,5,5,18
5.54839,76,15,11,1,13
4.64516,104,15,15,17,10,13
5.54839,76,15,21,21,17,3
7.80645,68,15,1,8,18,8,21
4.51613,108,15,14,10,13
6,62,15,20,14,21
7.6129,74,15,1,9,16,14
5.35484,82,15,8,5,16,8
7.22581,86,15,21,1,18,6
5.67742,72,15,3,14,1,3
3.35484,82,15,4,16
9.16129,88,15,21,7,18,16,14
5.35484,82,15,8,15,5,19
3.48387,78,15,10,15,1,10
5.09677,90,15,5,11,2
3.87097,66,15,10,14
5.74194,70,15,15,11,7,18
6,62,15,15,11,18,7
6.12903,120,15,18,20,13,16
5.80645,68,15,9,8,18
5.29032,84,15,8,17,5
6.45161,110,15,21,11,9,4
5.87097,66,15,3,1,21
3.54839,76,15,9,6
9.48387,78,15,19,8,11,11,14,11,2
5.93548,64,15,17,15,11,12
5.6129,74,15,6,14,17
7.22581,86,15,21,13,21,12,12,10
3.74194,70,15,11,6
7.54839,76,15,18,19,12,16
3.74194,70,15,13,8
7.54839,76,15,21,18,5,1
3.80645,68,15,6,6,9
5.22581,86,15,4,22,9
7.93548,64,15,9,10,5,8
4.90323,96,15,3,9,21
7.16129,88,15,7,15,15,3,3,1,17
6.3871,112,15,21,10,5,10,4
7.74194,70,15,9,8,3,12
9.6129,74,15,7,7,18,21,2,2,22
7.74194,70,15,21,15,22,11,5
7.67742,72,15,18,12,19,12,18,5
5.22581,86,15,15,11,22,12
7.87097,66,15,7,17,6,22
3.87097,66,15,12,5
5.03226,92,15,7,10,10,6
3.93548,64,15,9,7
4,62,15,2,1
5.80645,68,15,20,3,14
5.80645,68,15,16,1,18
3.74194,70,15,5,22
5.80645,68,15,22,11,20
3.74194,70,15,4,1
5.48387,78,15,21,16,14
4.90323,96,15,22,5,20
5.48387,78,15,14,22,1,1,14
5.48387,78,15,2,4,8
5.41935,80,15,22,5,7
11.1613,88,15,12,14,18,7,22,7,22,9
9.09677,90,15,14,18,22,4,8
5.80645,68,15,9,1,1,21
5.16129,88,15,4,15,12,9
5.67742,72,15,17,12,19
5.54839,76,15,19,2,11
4.83871,98,15,12,6,20
7.54839,76,15,8,7,22,3
5.74194,70,15,4,14,11
5.22581,86,15,9,5,6
5.48387,78,15,2,13,2,17
3.09677,90,15,5,20
5.80645,68,15,3,11,22
3.54839,76,15,13,1
6,62,15,14,15,15,10,1
9.74194,70,15,19,12,3,14,14,22
6.25806,116,15,8,4,13,9
5.16129,88,15,13,6,12
5.48387,78,15,12,20,6
7.74194,70,15,14,15,7,20,7,18,7,14
5.48387,78,15,12,4,19
3.22581,86,15,4,4,10
4.70968,102,15,19,19,5,13
4,62,15,1,2
5.48387,78,15,17,11,9
6,62,15,2,3,12
4.96774,94,15,8,13,18
3.6129,74,15,10,12
3.54839,76,15,13,1
3.29032,84,15,20,5
2.96774,94,15,10,13
4.51613,108,15,17,2,5
5.93548,64,15,21,3,5
3.74194,70,15,1,4
5.67742,72,15,17,12,13
3.22581,86,15,5,6
4.90323,96,15,5,9,4
3.87097,66,15,10,14
5.16129,88,15,10,18,6
4,62,15,4,8
10.9677,94,15,19,9,16,10,5,21
9.67742,72,15,15,18,15,7,22,8,20
7.54839,76,15,17,17,14,8,22
3.87097,66,15,10,14
6,62,15,22,6,18,22
4,62,15,5,17
6,62,15,20,21,2
3.6129,74,15,10,21
4.77419,100,15,11,20,6
8,62,15,22,8,12,2
5.74194,70,15,22,5,5,5,18
3.74194,70,15,5,22
3.16129,88,15,13,9
6,62,15,22,3,7
5.41935,80,15,17,17,10,7
5.22581,86,15,2,3,3,5
4,62,15,12,16
6,62,15,17,22,10
5.29032,84,15,16,14,4
7.54839,76,15,14,8,12,9
3.6129,74,15,5,7
4.58065,106,15,11,5,2
3.29032,84,15,4,9
5.67742,72,15,22,21,15,4,21
3.03226,92,15,13,16
7.16129,88,15,12,18,3,22
3.67742,72,15,15,13,17
7.41935,80,15,1,19,11,12
5.29032,84,15,4,14,13
4.70968,102,15,8,9,13
5.74194,70,15,15,9,16,12
5.09677,90,15,4,7,10
7.80645,68,15,7,17,9,11
5.87097,66,15,3,5,9
5.93548,64,15,15,3,8,15,14
5.93548,64,15,22,17,15,15,13
5.67742,72,15,10,15,3,1
5.93548,64,15,17,16,11
3.74194,70,15,13,11
3.03226,92,15,13,16
7.54839,76,15,18,1,10,8
5.35484,82,15,15,10,19,9
7.6129,74,15,14,18,1,2
3.6129,74,15,10,12
6,62,15,18,11,22
4.90323,96,15,22,13,5
3.48387,78,15,2,2,9
9.35484,82,15,6,15,16,10,5,10,11
5.6129,74,15,11,7,6
7.16129,88,15,12,13,6,18
5.93548,64,15,16,18,22
5.74194,70,15,5,16,22
5.93548,64,15,1,11,20
7.03226,92,15,15,16,9,5,5,20
7.09677,90,15,22,22,6,2,1
3.74194,70,15,1,4
7.48387,78,15,22,17,3,3,18
3.22581,86,15,5,6
5.87097,66,15,2,3,19
3.16129,88,15,5,2
5.74194,70,15,2,11,3
5.48387,78,15,18,6,11
7.09677,90,15,9,11,3,5
3.87097,66,15,16,21
9.03226,92,15,22,19,7,17,12
5.22581,86,15,16,11,13
5.54839,76,15,8,9,17
5.22581,86,15,16,11,13
5.22581,86,15,4,21,10
7.16129,88,15,1,14,8,4
5.35484,82,15,16,22,4
7.16129,88,15,17,6,7,13
7.93548,64,15,7,7,17,22,11
3.67742,72,15,6,5
3.87097,66,15,12,5
7.29032,84,15,21,21,19,1,6
5.93548,64,15,11,8,9
3.35484,82,15,4,4,16
3.6129,74,15,8,8,9,15
7.41935,80,15,7,21,11,21,21,16
3.93548,64,15,1,20
3.16129,88,15,4,5
5.80645,68,15,18,12,5
5.41935,80,15,5,9,9,21
5.16129,88,15,4,3,16
7.93548,64,15,19,18,16,1
3.22581,86,15,4,10
5.35484,82,15,11,18,4
3.29032,84,15,20,10
5.67742,72,15,8,9,18
5.6129,74,15,9,18,3
5.41935,80,15,17,2,22
6,62,15,4,14,19
5.67742,72,15,19,8,16,15
3.09677,90,15,10,4
3.87097,66,15,9,12
7.80645,68,15,10,16,9,8
5.22581,86,15,20,4,19
7.54839,76,15,22,15,15,22,21,13,19
5.35484,82,15,19,4,17
5.35484,82,15,17,4,4,17,9
5.48387,78,15,15,8,7,9
5.29032,84,15,15,22,2,5
5.67742,72,15,15,19,12,10
6.96774,94,15,19,5,1,5,1,2
6,62,15,14,13,6
7.54839,76,15,19,8,21,9
5.09677,90,15,3,7,9
3.35484,82,15,10,6
7.48387,78,15,18,14,16,7
6,62,15,22,15,3,3,13
4.77419,100,15,10,16,13
5.09677,90,15,8,10,21
9.48387,78,15,22,7,18,7,2,1
7.93548,64,15,14,18,5,18,12
3.80645,68,15,4,11
5.74194,70,15,20,22,18
5.41935,80,15,2,18,3
5.6129,74,15,17,4,12
3.29032,84,15,15,2,10
5.6129,74,15,5,10,7
7.6129,74,15,6,13,12,18
6.96774,94,15,19,3,10,22
7.54839,76,15,18,6,4,20
5.29032,84,15,14,5,22
3.22581,86,15,5,6
6.64516,104,15,12,21,17,11
7.29032,84,15,1,11,5,17
3.87097,66,15,11,13
5.35484,82,15,21,9,22
5.54839,76,15,17,20,21
7.29032,84,15,18,16,9,20
6,62,15,7,15,9,9,17
7.80645,68,15,19,21,8,19,1
5.93548,64,15,4,7,21
7.6129,74,15,14,12,22,15,8
7.03226,92,15,19,21,14,2,19
8.19355,118,15,14,7,13,4,10
6,62,15,19,6,22
3.87097,66,15,2,17
5.41935,80,15,16,17,21
3.93548,64,15,5,18
5.09677,90,15,6,17,20
5.48387,78,15,19,6,8
5.35484,82,15,16,17,17,10
3.80645,68,15,16,12
4,62,15,2,6
6,62,15,11,7,22
5.93548,64,15,17,17,5,1
5.93548,64,15,7,15,15,2,18
3.93548,64,15,13,3
4,62,15,2,6
5.93548,64,15,22,22,21,5
7.54839,76,15,3,20,2,21
5.93548,64,15,18,9,17
5.67742,72,15,17,3,19
3.87097,66,15,10,22
5.48387,78,15,2,14,20
7.87097,66,15,9,16,11,19
4,62,15,4,8
5.09677,90,15,11,12,12,10
4.96774,94,15,12,20,20,5
5.80645,68,15,7,4,2,2,7
5.87097,66,15,1,16,11
4.32258,114,15,11,2,5
4,62,15,1,15,5
7.54839,76,15,8,14,12,6
9.74194,70,15,19,8,18,7,4
3.09677,90,15,10,4
7.87097,66,15,18,3,18,22,4
5.16129,88,15,18,15,15,5,21
4.96774,94,15,15,18,4,16
8,62,15,21,14,3,4
6.58065,106,15,17,16,5,2
5.67742,72,15,3,19,6
3.67742,72,15,13,17
5.87097,66,15,10,19,8
5.93548,64,15,6,22,2
5.22581,86,15,20,22,20,7
3.74194,70,15,13,8
5.54839,76,15,17,4,20
4,62,15,16,7
3.80645,68,15,3,17
5.54839,76,15,4,7,7,2
7.67742,72,15,8,1,3,7
7.6129,74,15,7,1,7,1,3,20
4.51613,108,15,3,20,10
7.74194,70,15,14,22,8,12
7.54839,76,15,18,1,5,16,1
5.48387,78,15,18,21,1,15
7.54839,76,15,22,9,19,11
3.93548,64,15,5,8
5.16129,88,15,6,21,6,9
3.48387,78,15,2,2,9
8,62,15,14,18,9,11
5.80645,68,15,2,19,14
3.67742,72,15,11,17
5.22581,86,15,11,7,20
6,62,15,9,15,7,1
4.96774,94,15,3,10,14
7.87097,66,15,8,12,14,22
5.93548,64,15,4,15,10,9
7.48387,78,15,7,17,16,3
8,62,15,21,18,7,4
5.93548,64,15,15,6,7,13
5.16129,88,15,15,9,10,2
5.80645,68,15,12,19,17
5.03226,92,15,16,5,20
5.74194,70,15,19,15,8,8,13
7.54839,76,15,7,6,18,10
5.87097,66,15,22,15,6,1
7.16129,88,15,22,1,1,14,10
3.29032,84,15,2,10
5.29032,84,15,12,17,21
5.6129,74,15,19,5,3
3.41935,80,15,5,21
4,62,15,5,17
5.41935,80,15,19,4,8
5.67742,72,15,9,3,14
5.54839,76,15,17,11,19
3.29032,84,15,20,10
5.54839,76,15,11,7,19
7.35484,82,15,8,1,21,11
4.45161,110,15,6,2,10
5.03226,92,15,21,13,10
3.87097,66,15,10,22
3.48387,78,15,16,2
5.48387,78,15,21,6,6,9
5.6129,74,15,14,14,9,22
5.29032,84,15,12,4,11
3.16129,88,15,5,2
5.74194,70,15,22,4,11
3.22581,86,15,5,6
3.29032,84,15,20,5
6.83871,98,15,11,16,10,21
7.54839,76,15,21,6,7,11
4.58064,106,15,21,9,13
5.22581,86,15,22,5,21
5.29032,84,15,21,20,5
5.09677,90,15,6,3,4
5.29032,84,15,18,9,2
5.48387,78,15,22,12,4,22
4.32258,114,15,11,10,13
2.96774,94,15,10,13
5.29032,84,15,22,9,6
5.93548,64,15,16,19,3
6.83871,98,15,14,3,4,1
5.41935,80,15,3,3,22,8
3.16129,88,15,16,16,13
4.32258,114,15,3,4,10
5.22581,86,15,12,11,17
6.90323,96,15,21,18,5,7
5.87097,66,15,9,18,22
3.87097,66,15,10,3
3.41935,80,15,5,21
5.54839,76,15,8,4,12
3.74194,70,15,20,17
5.67742,72,15,14,11,17
7.35484,82,15,5,10,11,18
5.03226,92,15,20,22,22,10
5.22581,86,15,20,8,9
5.93548,64,15,21,9,1
5.80645,68,15,14,11,4
5.48387,78,15,17,3,21
3.35484,82,15,10,6
4.45161,110,15,8,5,4
5.22581,86,15,11,10,22
4,62,15,5,19
4,62,15,16,7
4.70968,102,15,14,5,2
3.48387,78,15,16,16,20
3.54839,76,15,17,12,15
5.35484,82,15,5,16,12
5.74194,70,15,6,2,12
5.67742,72,15,7,5,7,15,9
4.70968,102,15,11,16,4
5.29032,84,15,9,17,10
5.22581,86,15,9,19,4
4,62,15,5,17
4.51613,108,15,21,10,20
3.74194,70,15,1,9,15
5.48387,78,15,20,4,22
4.96774,94,15,19,5,2
7.87097,66,15,11,1,19,12
5.54839,76,15,9,22,22,19
3.74194,70,15,13,19
5.16129,88,15,15,8,13,8,2
3.93548,64,15,1,20
5.93548,64,15,7,4,17
6.25807,116,15,12,13,20,20,10
4.70968,102,15,2,13,10
7.22581,86,15,22,16,17,10
7.67742,72,15,15,15,19,15,12,22,18
6,62,15,5,11,1
5.29032,84,15,9,18,5
3.48387,78,15,7,5,15
7.22581,86,15,22,15,21,22,15,4,3
7.6129,74,15,14,11,8,18,18,11
4,62,15,20,19
7.67742,72,15,14,18,18,12,22,18
4,62,15,16,7
6,62,15,15,22,17,6,22
3.87097,66,15,10,14
9.87097,66,15,18,15,7,14,14,18,3,1
4,62,15,20,19
7.41935,80,15,18,11,10,19
5.54839,76,15,13,2,18
5.74194,70,15,4,22,19
5.93548,64,15,9,8,11
3.87097,66,15,16,21
4.96774,94,15,6,20,19
2.96774,94,15,13,5
6.25806,116,15,19,11,20,5
3.80645,68,15,6,9
7.03226,92,15,19,19,6,4,18
3.48387,78,15,1,10,15
4.96774,94,15,13,6,1
6,62,15,11,18,7
6.83871,98,15,21,19,4,19,13
5.6129,74,15,3,3,21,3,7
7.6129,74,15,22,18,4,14
7.74194,70,15,7,1,8,21,15
5.67742,72,15,17,5,19
3.93548,64,15,22,1,15
5.22581,86,15,15,20,15,11,7
5.6129,74,15,17,16,3
7.48387,78,15,5,9,11,12
4.70968,102,15,13,20,9
3.93548,64,15,1,22,15
5.35484,82,15,16,5,21
9.48387,78,15,22,14,1,16,19
4.70968,102,15,19,4,9
5.74194,70,15,18,4,3
5.29032,84,15,12,7,10
7.93548,64,15,7,22,16,17
5.54839,76,15,19,2,11
4,62,15,13,22
4.96774,94,15,13,2,9
3.09677,90,15,10,4
5.87097,66,15,15,1,10,1,5
5.87097,66,15,3,7,18
5.87097,66,15,9,10,22
5.6129,74,15,14,10,8
5.80645,68,15,16,18,21
5.87097,66,15,21,6,12
7.22581,86,15,7,3,12,5
3.80645,68,15,3,17
7.16129,88,15,17,8,19,5
5.74194,70,15,2,11,8
5.54839,76,15,12,13,13,18
3.54839,76,15,13,1
5.93548,64,15,12,22,19
5.48387,78,15,15,20,8,8,12
4,62,15,2,6
7.80645,68,15,18,22,20,21
3.09677,90,15,10,4
3.74194,70,15,5,14
3.87097,66,15,3,6
5.74194,70,15,6,18,1
3.35484,82,15,4,16
5.22581,86,15,16,14,17
4,62,15,1,2
5.87097,66,15,2,22,17
5.16129,88,15,9,3,16
7.67742,72,15,10,5,1,16
5.74194,70,15,9,8,21
3.48387,78,15,5,5,12
4.70968,102,15,6,15,16,4
4,62,15,20,19
7.6129,74,15,11,3,21,4
3.74194,70,15,13,8
6.96774,94,15,4,12,3,5
5.93548,64,15,22,21,5
7.54839,76,15,7,8,7,4,14
5.22581,86,15,6,19,4
5.80645,68,15,1,12,18
5.29032,84,15,4,20,11
5.93548,64,15,17,1,11
3.93548,64,15,13,3
6.90323,96,15,7,8,15,21,9
4.83871,98,15,3,10,7
7.80645,68,15,19,7,3,12
5.41935,80,15,16,18,6
5.74194,70,15,16,1,16,8
3.22581,86,15,5,6
5.48387,78,15,5,11,16
5.6129,74,15,20,7,19
5.22581,86,15,20,7,11
5.87097,66,15,4,22,17
3.54839,76,15,13,1
5.93548,64,15,12,11,18
5.35484,82,15,16,19,2
3.29032,84,15,2,10
4.64516,104,15,14,13,10
3.80645,68,15,9,21
5.09677,90,15,9,15,6,1
5.29032,84,15,8,17,19
5.35484,82,15,11,15,9,18
3.74194,70,15,5,14
5.35484,82,15,1,7,4
3.87097,66,15,11,13
3.22581,86,15,5,6
7.67742,72,15,19,15,19,21,22,13
3.48387,78,15,2,16
5.80645,68,15,7,10,17
7.03226,92,15,8,18,12,10
5.35484,82,15,2,8,8,16
5.87097,66,15,19,19,10,18
4.70968,102,15,12,13,10
5.48387,78,15,17,20,13
5.87097,66,15,13,21,22
4.70968,102,15,6,3,17
7.48387,78,15,21,3,1,2
7.54839,76,15,14,20,12,4
5.54839,76,15,11,9,17
4.45161,110,15,11,20,9
4.90323,96,15,8,6,11
5.74194,70,15,19,19,4,20
5.29032,84,15,2,22,13
5.41935,80,15,2,15,13,21
6.45161,110,15,18,15,6,13,5
6.70968,102,15,22,22,12,22,3,17
3.80645,68,15,4,11
5.93548,64,15,5,10,18
5.41935,80,15,6,8,9
5.93548,64,15,10,1,9
7.29032,84,15,2,12,21,11
7.93548,64,15,22,17,15,7,3
4.90323,96,15,20,8,17
5.48387,78,15,17,19,20
7.16129,88,15,19,6,6,7,3
5.93548,64,15,4,13,22
4,62,15,13,14
5.54839,76,15,16,14,1
3.87097,66,15,12,5
5.54839,76,15,12,7,1
2.96774,94,15,15,13,10
7.48387,78,15,21,8,7,11
3.35484,82,15,4,16
4.83871,98,15,10,16,10,4
5.16129,88,15,3,13,22
5.41935,80,15,17,11,12
3.67742,72,15,1,13
11.4194,80,15,7,22,21,19,14,10
3.29032,84,15,9,13
7.67742,72,15,14,20,12,19
5.16129,88,15,20,22,22,3
7.09677,90,15,4,12,3,22
5.67742,72,15,2,3,3,21
5.16129,88,15,12,20,9
7.35484,82,15,14,22,11,18
4,62,15,12,16
7.22581,86,15,2,7,22,13
3.80645,68,15,9,21
7.41935,80,15,21,4,22,16
5.03226,92,15,17,11,20
3.74194,70,15,5,14
3.48387,78,15,9,20
7.87097,66,15,21,22,11,3
5.87097,66,15,17,21,11
7.09677,90,15,1,1,1,15,18,18,11,2
5.67742,72,15,3,15,9,11
5.54839,76,15,21,9,8
5.87097,66,15,17,12,14
3.80645,68,15,9,21
7.35484,82,15,22,12,7,20
9.48387,78,15,18,8,3,14,5
3.74194,70,15,13,19
5.74194,70,15,17,14,6
5.03226,92,15,18,10,2
5.35484,82,15,21,4,15,20
3.16129,88,15,4,5
5.48387,78,15,1,19,20
5.93548,64,15,4,6,13
5.6129,74,15,17,16,3
7.48387,78,15,14,3,7,12
5.87097,66,15,22,22,9,14
5.74194,70,15,22,3,15,21
5.74194,70,15,22,5,18
5.67742,72,15,6,12,18
3.93548,64,15,9,7
5.67742,72,15,18,17,13
7.74194,70,15,16,5,1,9
5.74194,70,15,6,21,15,8
7.16129,88,15,15,15,8,5,16,14
4,62,15,4,8
5.22581,86,15,6,15,10,3
4,62,15,20,19
5.93548,64,15,2,7,18
4.32258,114,15,17,20,10
5.54839,76,15,8,4,8,8,7
5.41935,80,15,6,18,2
7.93548,64,15,12,18,19,21
5.29032,84,15,17,19,15,1
7.48387,78,15,1,14,19,9
5.16129,88,15,8,13,22
4,62,15,2,1
5.29032,84,15,1,16,21
5.80645,68,15,18,18,18,6,19
5.22581,86,15,15,20,21,9
7.80645,68,15,8,18,3,14
7.54839,76,15,2,21,4,6
4,62,15,16,7
7.87097,66,15,19,8,18,2
5.54839,76,15,3,16,11
5.09677,90,15,14,15,2,9
5.67742,72,15,19,10,22
6,62,15,7,15,16,14
6,62,15,19,10,11
5.6129,74,15,18,4,8
5.48387,78,15,8,5,19
3.35484,82,15,4,16
5.6129,74,15,16,22,6
5.29032,84,15,17,9,12
5.74194,70,15,4,6,14
4.83871,98,15,17,1,17,2
5.74194,70,15,1,8,15,14
3.09677,90,15,10,4
3.80645,68,15,20,6
5.41935,80,15,1,7,8
5.93548,64,15,12,7,19
7.6129,74,15,21,1,16,11
8,62,15,14,18,19,14,18,9
5.80645,68,15,14,17,16
5.67742,72,15,20,2,14,15
5.41936,80,15,6,3,18
5.22581,86,15,5,15,6,6,19
5.87097,66,15,3,18,15,15,19
7.6129,74,15,8,15,3,12,13
3.03226,92,15,3,10,10,15
5.6129,74,15,14,6,12
5.93548,64,15,16,11,14
7.80645,68,15,14,19,7,11
5.48387,78,15,14,10,9,15
3.22581,86,15,5,6
3.80645,68,15,3,17
5.67742,72,15,4,13,19
3.87097,66,15,16,21
