5.09677,90,21,16,9,9,2
7.16129,88,21,8,5,10,5,7
2.90323,96,21,9,13
3.74194,70,21,9,17
4.45161,110,21,3,3,3,10,2
5.29032,84,21,3,22,10
7.80645,68,21,19,3,7,3,3,11
5.16129,88,21,21,3,5,15
4.96774,94,21,7,6,21,5
4.3871,112,21,3,10,4
5.74194,70,21,21,12,21,13,18
6,62,21,18,22,10
4.12903,120,21,17,4,5
5.67742,72,21,19,4,12
7.03226,92,21,22,3,3,12,17
7.87097,66,21,13,13,2,2,21,15,18
7.54839,76,21,3,11,1,4
5.48387,78,21,18,6,2
3.35484,82,21,1,16,21
3.6129,74,21,4,4,10
5.74194,70,21,7,6,1
3.80645,68,21,9,9,15
9.16129,88,21,20,21,12,8,3,13
5.80645,68,21,1,19,10
5.48387,78,21,7,10,18
5.41935,80,21,21,12,14,21,5
4.58065,106,21,11,10,2
3.6129,74,21,20,5
11.0968,90,21,8,19,18,14,1,22
5.6129,74,21,20,19,16
5.16129,88,21,3,20,17
4.90323,96,21,8,2,16
3.74194,70,21,5,11
5.93548,64,21,8,4,8,18
7.35484,82,21,3,12,12,11,22
5.54839,76,21,6,17,14
5.87097,66,21,8,6,7
3.80645,68,21,11,6
5.54839,76,21,13,12,17
5.74194,70,21,15,21,16,19
4.96774,94,21,7,4,10
3.41935,80,21,21,10,10,7
4.96774,94,21,3,6,8
6.77419,100,21,14,16,14,1,17
4.64516,104,21,19,4,16
5.22581,86,21,12,5,17
7.29032,84,21,12,1,18,16
7.67742,72,21,15,20,12,8
5.16129,88,21,3,21,3,19,9,3
5.35484,82,21,7,10,15
5.22581,86,21,20,7,5
3.80645,68,21,11,6
6,62,21,7,1,5
5.48387,78,21,22,3,5
7.48387,78,21,15,12,2,8
7.41935,80,21,15,22,1,3,21
4.19355,118,21,4,1,4,5
5.54839,76,21,2,18,6
5.74194,70,21,17,18,1
5.41935,80,21,15,13,11
5.22581,86,21,7,1,17
3.87097,66,21,2,16
5.16129,88,21,17,5,22
7.35484,82,21,15,1,3,4
3.6129,74,21,5,5,17
5.41936,80,21,13,6,3
5.16129,88,21,21,8,17,4
3.87097,66,21,16,15
5.48387,78,21,19,4,15
5.54839,76,21,15,11,13
7.6129,74,21,15,21,2,21,2,13,18
7.29032,84,21,7,7,3,11,1,11,7
7.87097,66,21,15,8,5,9
3.80645,68,21,1,4
5.93548,64,21,13,14,14,14,3
5.80645,68,21,3,12,17
3.80645,68,21,20,9
5.80645,68,21,15,9,3
5.41935,80,21,1,18,20
4.58065,106,21,4,17,4,16
3.6129,74,21,20,5
3.6129,74,21,19,19,13,21
5.41935,80,21,16,5,3
5.54839,76,21,16,5,8
5.48387,78,21,7,4,21,1
5.6129,74,21,12,19,21,11
7.80645,68,21,18,12,8,12,13
7.29032,84,21,2,15,22,5
3.80645,68,21,20,16
2.83871,98,21,21,5,6
7.54839,76,21,12,21,15,2,3
7.09677,90,21,12,12,18,17,8
3.29032,84,21,16,6
5.22581,86,21,13,15,5
4,62,21,16,18
7.22581,86,21,12,20,15,16
3.09677,90,21,9,2
5.54839,76,21,22,8,13
3.35484,82,21,13,10
5.93548,64,21,15,9,18
7.22581,86,21,1,16,5,15
5.74194,70,21,8,2,2,14
4.96774,94,21,17,8,6
5.54839,76,21,9,1,18
7.16129,88,21,7,2,4,17
7.54839,76,21,7,18,17,16
5.93548,64,21,18,2,12
6.77419,100,21,4,21,15,16,6
5.93548,64,21,22,6,19
5.74194,70,21,11,3,10
5.67742,72,21,4,3,20
3.80645,68,21,16,14
4.70968,102,21,13,17,20
5.6129,74,21,2,22,11
7.74194,70,21,8,3,12,21,17
3.80645,68,21,20,16
3.03226,92,21,10,6
9.74194,70,21,19,21,19,3,8,11,5
7.54839,76,21,14,15,21,22,9
6.83871,98,21,18,9,16,4
5.41935,80,21,4,12,10
5.87097,66,21,19,9,18
5.16129,88,21,20,17,19
5.35484,82,21,18,13,18,5
7.54839,76,21,12,15,14,17
3.74194,70,21,10,18
4,62,21,17,2
3.74194,70,21,1,17
4.70968,102,21,3,20,5
7.6129,74,21,15,15,17,6,13
5.03226,92,21,21,19,13,11
7.22581,86,21,1,8,18,13
6,62,21,22,12,4
5.67742,72,21,2,8,9
7.16129,88,21,3,19,11,13
8,62,21,2,12,14,1
5.54839,76,21,19,4,14
2.58065,106,21,5,4
5.41935,80,21,4,17,4,15
7.48387,78,21,14,15,21,6,18
5.16129,88,21,20,17,14
7.74194,70,21,8,19,1,1,11,21
5.67742,72,21,15,4,19
11.7419,70,21,15,7,18,8,3,8,18,17
7.03226,92,21,15,15,10,1,22
3.67742,72,21,9,22
5.93548,64,21,12,4,15
3.54839,76,21,10,14
3.6129,74,21,4,10
4.77419,100,21,5,9,6
5.41935,80,21,21,8,9,12
5.35484,82,21,21,9,5,9,7
3.09677,90,21,9,2
3.74194,70,21,10,8
7.87097,66,21,1,8,14,14,21,22
5.67742,72,21,7,8,13
4.96774,94,21,15,15,4,9
7.48387,78,21,14,16,11,12
5.80645,68,21,6,15,9
7.35484,82,21,11,8,3,6
7.29032,84,21,9,16,10,22
3.74194,70,21,11,17
3.74194,70,21,5,5,11
9.48387,78,21,15,14,3,8,17
5.09677,90,21,12,6,3
5.6129,74,21,2,8,10
7.67742,72,21,14,1,18,16
8.45161,110,21,17,10,5,16,20
6.12903,120,21,22,19,5,13
7.35484,82,21,3,11,8,21,21,1
3.54839,76,21,21,15,16,21
5.6129,74,21,4,20,20,20,19
5.67742,72,21,11,7,17
7.35484,82,21,9,5,16,16,22
5.93548,64,21,1,8,10
5.41936,80,21,6,13,17
5.80645,68,21,8,10,11
3.54839,76,21,5,8
6.96774,94,21,13,12,15,5
7.48387,78,21,3,11,19,2
5.22581,86,21,6,3,15
5.03226,92,21,10,1,22
5.35484,82,21,7,16,7,7,9
4,62,21,16,18
3.54839,76,21,4,5
5.09677,90,21,13,20,9
7.29032,84,21,13,12,12,2,8
4.70968,102,21,9,10,4
3.80645,68,21,20,16
9.35484,82,21,14,17,15,18,11
6,62,21,22,19,6
3.35484,82,21,13,5
5.29032,84,21,17,19,6
5.6129,74,21,4,20,19
5.54839,76,21,20,1,18
4.77419,100,21,19,19,6,5
5.6129,74,21,1,18,9
5.80645,68,21,13,11,8
3.80645,68,21,6,9
5.48387,78,21,16,19,7
5.6129,74,21,19,10,15
3.74194,70,21,5,11
7.74194,70,21,7,22,4,4,15
7.41935,80,21,19,2,2,20,4
7.29032,84,21,22,21,16,9,16,3
5.67742,72,21,2,19,9
7.67742,72,21,8,12,14,20
2.90323,96,21,9,13
5.35484,82,21,8,19,5,8
6.96774,94,21,19,19,3,21,14,5
7.67742,72,21,21,2,22,14,7
3.80645,68,21,6,9
5.41935,80,21,6,18,4
5.03226,92,21,8,4,1
3.80645,68,21,10,19
3.22581,86,21,5,7
5.93548,64,21,13,2,11
7.48387,78,21,15,18,3,6
5.93548,64,21,3,9,1
5.09677,90,21,6,19,13
6.96774,94,21,2,1,8,4
6,62,21,8,18,20
3.67742,72,21,13,3,21
5.67742,72,21,20,12,9
3.80645,68,21,6,9
7.35484,82,21,20,8,8,3,15
6.83871,98,21,20,22,17,2
5.22581,86,21,8,10,12
5.16129,88,21,2,4,9
3.67742,72,21,5,21,11
3.87097,66,21,17,20
5.16129,88,21,8,20,6
5.22581,86,21,1,12,6
5.80645,68,21,16,11,11,8
7.29032,84,21,20,15,7,16
5.93548,64,21,3,3,13,13,2
5.35484,82,21,18,17,20
4.58065,106,21,8,4,9
5.35484,82,21,13,6,11
5.41935,80,21,1,7,12
4.83871,98,21,18,1,10,21
5.54839,76,21,10,1,19
5.87097,66,21,14,19,4,21
5.74194,70,21,1,10,19
7.54839,76,21,21,6,18,22,14
4,62,21,6,21,6,11
4.25806,116,21,17,4,9
5.67742,72,21,18,13,20
7.35484,82,21,14,15,16,7
5.41935,80,21,15,13,11
7.87097,66,21,21,1,3,12,2
6,62,21,6,7,21,22
3.67742,72,21,6,5
5.74194,70,21,22,20,3
3.74194,70,21,6,10
5.93548,64,21,22,19,4
4.32258,114,21,8,8,21,10,20
5.93548,64,21,15,8,6
7.22581,86,21,15,2,13,13,18
5.74194,70,21,8,1,17
5.41935,80,21,2,20,10
3.74194,70,21,9,3
6.19355,118,21,8,3,5,13
5.35484,82,21,15,15,6,5
3.03226,92,21,5,9,21
2.77419,100,21,10,4
5.67742,72,21,9,16,9,17
5.35484,82,21,22,13,11
5.87097,66,21,20,21,2,18
5.87097,66,21,15,10,11
5.22581,86,21,21,5,10,7
7.87097,66,21,15,22,6,8
7.54839,76,21,4,15,19,15,6
5.87097,66,21,22,8,10
4.83871,98,21,13,17,12
3.54839,76,21,10,14
7.80645,68,21,18,3,1,14
4.3871,112,21,7,5,4
4.32258,114,21,11,20,20,10
7.48387,78,21,13,12,14,17
7.03226,92,21,12,2,15,5
4.58065,106,21,10,21,10,16,10,2
6,62,21,12,7,4
3.80645,68,21,10,21,1
5.48387,78,21,19,5,3
5.41935,80,21,11,3,11,17
7.35484,82,21,20,18,14,4
6.06452,122,21,7,1,10,13
3.6129,74,21,20,5
3.87097,66,21,2,9
5.54839,76,21,10,9,3
7.22581,86,21,12,21,12,12,14,21,3,13
4.96774,94,21,6,20,19
5.54839,76,21,20,11,8,21
5.03226,92,21,6,4,9
5.41935,80,21,17,9,8
2.90323,96,21,9,4
4.96774,94,21,22,5,12
3.74194,70,21,21,1,13
5.87097,66,21,12,5,16
4.96774,94,21,14,9,13
5.74194,70,21,9,1,19
7.6129,74,21,21,22,15,17,17,21,18
5.41935,80,21,2,17,10
4.77419,100,21,19,20,9
5.80645,68,21,11,19,10
7.29032,84,21,8,18,3,10
7.93548,64,21,8,19,17,22
6,62,21,8,16,19
4,62,21,6,11
5.6129,74,21,20,15,9
7.93548,64,21,21,15,7,4,22
5.35484,82,21,4,13,16
5.80645,68,21,7,10,1
7.6129,74,21,8,22,7,11
3.67742,72,21,9,22
7.29032,84,21,22,22,18,20,3
3.6129,74,21,21,20,5
5.16129,88,21,4,19,13
5.48387,78,21,20,6,15
4.96774,94,21,12,5,14
5.29032,84,21,17,6,19
3.41935,80,21,13,16
5.41935,80,21,13,15,2
10.4516,110,21,15,22,7,10,5,6
3.41935,80,21,5,3
5.74194,70,21,2,17,7
3.41935,80,21,10,7
5.41935,80,21,22,12,16
7.41935,80,21,13,7,15,9
6.45161,110,21,22,18,10,2
3.74194,70,21,1,17
4,62,21,3,17
3.93548,64,21,17,13
4,62,21,16,8
3.16129,88,21,16,2
3.03226,92,21,5,9,21
5.48387,78,21,13,22,16
5.41935,80,21,22,20,1
7.54839,76,21,12,11,12,19,14,19,21
5.09677,90,21,21,8,17,2
5.80645,68,21,11,8,20
3.74194,70,21,9,3
9.6129,74,21,11,1,3,14,22
7.41935,80,21,11,21,3,1,5
6,62,21,12,20,18
3.74194,70,21,17,21,5
4.77419,100,21,20,18,20,16
7.09677,90,21,6,13,20,22
5.67742,72,21,14,5,19
7.09677,90,21,18,18,15,9,12
5.74194,70,21,12,19,12,17
5.74194,70,21,14,20,1
5.87097,66,21,13,3,19
3.87097,66,21,5,1
5.67742,72,21,11,18,16
7.93548,64,21,22,8,11,19
4.19355,118,21,12,10,13
5.22581,86,21,11,2,15
3.29032,84,21,10,12
3.6129,74,21,21,5,19
4.70968,102,21,22,5,6
5.87097,66,21,18,17,10
7.67742,72,21,18,3,12,22
7.22581,86,21,6,13,2,1
5.54839,76,21,12,15,12,16
4,62,21,17,12
3.80645,68,21,20,16
3.87097,66,21,9,8
2.70968,102,21,5,5,20
5.74194,70,21,11,11,22,18
5.48387,78,21,15,21,1,6
5.6129,74,21,9,1,5
7.67742,72,21,20,14,3,1
3.74194,70,21,9,14
4,62,21,3,17
5.48387,78,21,18,10,14
5.87097,66,21,7,20,3
6.45161,110,21,19,11,5,2
5.67742,72,21,11,18,17
5.48387,78,21,9,1,12
7.54839,76,21,3,1,16,8
3.74194,70,21,4,16
3.93548,64,21,4,18,21
8,62,21,20,14,18,22
5.67742,72,21,7,5,1
5.67742,72,21,7,5,1
7.54839,76,21,13,20,2,20,15
5.6129,74,21,20,11,11,5
5.22581,86,21,13,8,10
3.80645,68,21,10,19
5.74194,70,21,18,6,14
3.22581,86,21,5,7
3.80645,68,21,1,4
5.48387,78,21,20,15,10
5.74194,70,21,15,17,1
5.54839,76,21,19,21,17,8
5.93548,64,21,20,22,19
5.80645,68,21,11,14,20
3.74194,70,21,1,17
5.35484,82,21,5,10,3
4.90323,96,21,1,9,4
9.35484,82,21,12,3,18,19,5
3.54839,76,21,10,14
3.03226,92,21,10,10,6
5.03226,92,21,18,6,9
5.22581,86,21,4,8,17
3.93548,64,21,13,1
5.48387,78,21,11,5,5,19
3.87097,66,21,9,8
5.29032,84,21,5,10,5,14
6.58065,106,21,14,11,20,16
7.48387,78,21,7,7,12,15,8
4.83871,98,21,19,13,1
5.41935,80,21,2,8,4
3.67742,72,21,16,7
5.80645,68,21,13,11,8
5.03226,92,21,18,18,8,2,18
2.83871,98,21,16,13
7.74194,70,21,22,17,6,7
5.80645,68,21,8,16,17
5.48387,78,21,19,5,15
2.90323,96,21,9,13
7.03226,92,21,20,4,2,2,1
5.54839,76,21,8,4,22
5.67742,72,21,13,19,3
6.3871,112,21,21,15,19,21,20,10
7.80645,68,21,19,15,18,2
5.74194,70,21,15,3,10
3.87097,66,21,10,11
4.96774,94,21,13,14,13,1
8,62,21,21,18,18,7,15,21,6
4.25806,116,21,19,13,10
3.67742,72,21,9,22
4,62,21,3,17
2.77419,100,21,10,4
9.54839,76,21,7,19,18,14,16
3.80645,68,21,16,14
6.83871,98,21,14,8,20,9
5.41935,80,21,13,14,9
3.87097,66,21,9,18
3.80645,68,21,17,11
5.54839,76,21,2,8,5
4.77419,100,21,19,5,20
5.16129,88,21,21,3,5,15
7.74194,70,21,14,16,9,17
4,62,21,17,12
4.70968,102,21,10,1,10,12
5.29032,84,21,11,18,13
5.41935,80,21,3,9,17
6.58065,106,21,21,19,12,2,10
5.87097,66,21,8,22,12
7.67742,72,21,18,12,11,16
4.96774,94,21,18,6,10
5.67742,72,21,9,9,21,4,2
4.12903,120,21,12,5,13
5.48387,78,21,22,11,20
5.67742,72,21,18,18,6,17
5.93548,64,21,11,12,13
3.93548,64,21,13,1
5.41935,80,21,8,17,16
5.80645,68,21,18,8,13
5.16129,88,21,16,1,22
5.87097,66,21,8,6,6,7
7.74194,70,21,3,18,15,12
5.67742,72,21,1,3,13
5.87097,66,21,13,22,13,22,19
5.80645,68,21,16,11,8
3.74194,70,21,2,5
3.09677,90,21,9,20
7.29032,84,21,7,19,9,14
7.03226,92,21,1,21,4,6,2
3.74194,70,21,1,13
9.67742,72,21,14,12,8,12,15,19
3.80645,68,21,16,14
3.87097,66,21,10,11
5.67742,72,21,18,6,17
3.67742,72,21,4,9
5.29032,84,21,13,8,9
5.22581,86,21,20,6,18
3.93548,64,21,1,15,21
6.58065,106,21,6,13,2,5
7.03226,92,21,19,7,4,8
3.54839,76,21,13,9
7.80645,68,21,18,22,17,16
3.6129,74,21,5,19
4.51613,108,21,3,21,16,2
5.80645,68,21,11,1,15,15,21
5.16129,88,21,4,8,13
4.70968,102,21,22,9,13
9.48387,78,21,14,21,8,11,19,17
9.16129,88,21,8,19,14,11,4
5.22581,86,21,3,10,15
5.67742,72,21,10,16,19
7.80645,68,21,21,21,2,20,4,20,13
5.6129,74,21,20,13,21,4
5.93548,64,21,6,7,13
3.09677,90,21,9,20
5.6129,74,21,9,9,11,14
8,62,21,14,3,12,21,19
3.54839,76,21,10,3
5.93548,64,21,15,8,4
6.96774,94,21,15,8,2,1
4,62,21,3,17
4.77419,100,21,20,13,5
3.48387,78,21,18,16,21
3.67742,72,21,13,18,18,21
4,62,21,6,1
3.22581,86,21,5,7
5.16129,88,21,14,9,2
5.29032,84,21,7,10,22
5.87097,66,21,17,15,15,3
7.29032,84,21,18,22,20,14
5.22581,86,21,6,20,14
5.03226,92,21,13,8,4
7.67742,72,21,22,18,3,20
2.90323,96,21,9,4
7.6129,74,21,12,14,3,5
3.22581,86,21,5,7
4.51613,108,21,6,2,5
5.48387,78,21,9,21,8,7
5.74194,70,21,14,4,17
7.67742,72,21,8,14,11,22
5.6129,74,21,11,8,13
3.09677,90,21,5,12
6.96774,94,21,20,13,12,17
7.41935,80,21,7,18,4,20
3.80645,68,21,16,3
4,62,21,3,17
3.87097,66,21,6,16
5.6129,74,21,6,21,11,15
5.87097,66,21,20,19,19,3
3.93548,64,21,9,19
3.80645,68,21,17,17,1
5.80645,68,21,19,6,13
5.41936,80,21,6,13,17
7.6129,74,21,14,19,5,8
9.48387,78,21,13,12,18,14,1
3.16129,88,21,5,21,10
6.51613,108,21,14,15,13,9
5.67742,72,21,19,17,16
5.67742,72,21,19,17,16
9.35484,82,21,14,7,6,22,4
5.80645,68,21,14,3,22,14
5.35484,82,21,9,5,14
7.87097,66,21,21,3,18,19,1
3.74194,70,21,1,13
5.22581,86,21,13,11,15
3.6129,74,21,5,17
4,62,21,17,12
7.87097,66,21,7,7,22,1,10
6,62,21,19,16,8
7.48387,78,21,15,15,14,7,8,15
3.6129,74,21,11,2,21
7.41935,80,21,6,21,19,8,17
3.80645,68,21,11,6
7.87097,66,21,14,20,12,18
7.48387,78,21,17,14,19,12
5.93548,64,21,21,19,13,19,18
3.22581,86,21,5,7
3.09677,90,21,9,2
3.93548,64,21,17,21,9
6.77419,100,21,4,3,12,5
5.80645,68,21,14,9,17
5.41935,80,21,4,17,14
7.09677,90,21,4,11,11,1,7
5.93548,64,21,22,14,10
9.35484,82,21,15,22,11,22,18,18,17
7.80645,68,21,2,13,12,15
4,62,21,3,17
4.58065,106,21,20,6,9
3.80645,68,21,9,15
7.35484,82,21,8,3,9,9,17
5.74194,70,21,14,15,6,21,15
6.45161,110,21,8,22,6,6,5
3.80645,68,21,1,6
4.77419,100,21,3,16,2
5.16129,88,21,12,9,7
5.41935,80,21,19,17,8
5.6129,74,21,3,3,15,9
7.35484,82,21,15,22,16,12
5.22581,86,21,6,2,11
3.80645,68,21,1,6
3.80645,68,21,20,16
7.67742,72,21,18,14,14,1,22
6,62,21,17,15,12
3.54839,76,21,10,22
5.48387,78,21,18,10,3
3.74194,70,21,10,8
5.67742,72,21,2,22,13
3.67742,72,21,2,10
2.90323,96,21,9,4
5.54839,76,21,7,10,19
6.51613,108,21,8,11,10,4
7.41935,80,21,3,8,6,13
7.22581,86,21,19,12,20,1
5.48387,78,21,8,10,14
5.35484,82,21,13,19,9
5.87097,66,21,11,3,9
5.93548,64,21,17,7,12
5.41935,80,21,3,13,7
5.93548,64,21,19,11,22
5.6129,74,21,1,21,18,4
5.09677,90,21,3,5,22
5.29032,84,21,5,9,22
7.09677,90,21,13,2,12,10
4.77419,100,21,20,17,13
5.41935,80,21,17,8,15
5.93548,64,21,13,18,15
7.16129,88,21,22,6,4,11
6.96774,94,21,18,9,9,16,20
4,62,21,6,1
3.6129,74,21,4,10
5.74194,70,21,12,19,13
5.41935,80,21,20,15,5
7.35484,82,21,18,12,8,20
7.87097,66,21,15,11,8,12
7.03226,92,21,14,15,13,17
3.54839,76,21,9,7
7.48387,78,21,18,19,15,18,2
5.41935,80,21,13,15,1
5.80645,68,21,3,14,14,10
6.90323,96,21,8,18,17,20
3.80645,68,21,17,1
7.29032,84,21,17,21,13,4,8
6.3871,112,21,14,11,20,5
5.80645,68,21,17,17,6,4
7.48387,78,21,19,19,8,1,17
5.48387,78,21,6,4,1
3.67742,72,21,6,5
6.3871,112,21,22,18,4,16
9.16129,88,21,3,12,18,7,11
6.83871,98,21,3,21,12,7,5
5.48387,78,21,11,10,16,11
5.29032,84,21,21,17,19,2
4.70968,102,21,18,18,4,16
5.22581,86,21,2,17,2,18
5.35484,82,21,14,2,16
7.48387,78,21,3,18,19,5
4.96774,94,21,9,21,12,16
5.16129,88,21,6,21,21,20,16
6,62,21,4,6,4,3
3.41935,80,21,10,7
4.83871,98,21,15,10,2
5.74194,70,21,6,18,1
3.54839,76,21,5,18
5.74194,70,21,4,15,21,21,19
2.90323,96,21,9,13
3.74194,70,21,9,9,14
3.87097,66,21,11,4
5.54839,76,21,21,20,22,16
3.09677,90,21,15,5,21
3.67742,72,21,9,22
5.93548,64,21,6,17,15
5.48387,78,21,20,14,14,10
7.22581,86,21,17,19,8,9
6,62,21,5,16,10
4.77419,100,21,19,6,5
6.96774,94,21,2,22,14,22,14,5
5.09677,90,21,18,5,12
7.35484,82,21,15,18,2,11
5.09677,90,21,17,9,7
7.67742,72,21,21,21,22,7,17,2
5.87097,66,21,21,6,21,18,5
5.48387,78,21,8,17,10
9.6129,74,21,8,3,8,7,14,22
6,62,21,15,16,16,8
5.6129,74,21,8,2,15
5.87097,66,21,21,12,21,7,5
3.67742,72,21,6,5
7.35484,82,21,17,15,14,13
5.09677,90,21,13,8,13,3
5.54839,76,21,3,1,6
3.80645,68,21,9,15
5.67742,72,21,17,7,21,13
4.96774,94,21,2,17,13
5.54839,76,21,21,1,12,22
9.22581,86,21,21,20,12,11,1,15
5.35484,82,21,13,11,5
6,62,21,19,18,18,3,18,21
4.70968,102,21,5,9,2
6.83871,98,21,13,2,3,17
5.93548,64,21,12,2,1
6,62,21,19,17,19,12
5.03226,92,21,18,9,20
5.29032,84,21,1,7,3
3.67742,72,21,21,16,7
5.48387,78,21,4,17,10
4,62,21,10,21,6
5.48387,78,21,13,15,15,3
5.22581,86,21,7,2,9
6.96774,94,21,15,8,16,12
5.48387,78,21,12,9,8
5.6129,74,21,8,16,7
7.67742,72,21,3,11,14,4
5.54839,76,21,3,4,22
5.09677,90,21,6,20,22
7.03226,92,21,15,12,4,12,17
4.77419,100,21,3,6,20
5.6129,74,21,16,1,14
7.87097,66,21,6,22,17,7
4,62,21,16,18
5.22581,86,21,17,5,3
5.80645,68,21,17,15,16
7.67742,72,21,15,18,10,17
7.35484,82,21,14,11,22,2
2.70968,102,21,5,20
3.67742,72,21,21,16,21,16,7
5.6129,74,21,15,5,18
5.67742,72,21,14,16,7
5.87097,66,21,14,13,7
2.83871,98,21,10,20
5.41935,80,21,15,2,21,1
5.87097,66,21,8,7,22,8
5.41935,80,21,11,7,2
3.74194,70,21,9,14
7.35484,82,21,20,12,18,4
8,62,21,7,15,17,9
5.74194,70,21,12,21,13,18
3.6129,74,21,20,5
4.77419,100,21,6,13,21,9
7.54839,76,21,13,12,19,12,11
3.87097,66,21,16,17
5.41935,80,21,20,19,17
7.35484,82,21,19,13,4,12
6.90323,96,21,21,14,14,16,9,4
7.54839,76,21,17,18,15,8
9.67742,72,21,14,1,1,11,19,10
4.70968,102,21,22,4,21,5
6,62,21,8,18,2
7.54839,76,21,21,8,15,14,17
5.6129,74,21,15,13,3
3.54839,76,21,10,22
5.48387,78,21,3,2,6
3.6129,74,21,10,15
6.70968,102,21,22,1,3,17
2.83871,98,21,21,5,6
3.93548,64,21,11,13
5.6129,74,21,7,9,18
5.22581,86,21,7,16,12
3.09677,90,21,5,12
3.93548,64,21,11,11,13
3.87097,66,21,2,16
6.77419,100,21,21,20,4,6,11
5.35484,82,21,21,16,16,5,22
3.80645,68,21,1,6
6,62,21,22,17,4
5.93548,64,21,12,2,6
5.6129,74,21,22,6,11
7.22581,86,21,20,2,19,5
7.48387,78,21,15,6,15,11,16
5.54839,76,21,19,1,17
7.6129,74,21,2,20,4,14
7.22581,86,21,19,8,6,17
3.54839,76,21,13,9
7.48387,78,21,12,13,4,11
6.90323,96,21,20,22,17,4
5.87097,66,21,7,7,20,3
4,62,21,6,21,10
8.96774,94,21,4,4,15,18,14,5
5.6129,74,21,18,11,12,18
5.67742,72,21,12,21,20,4,21
7.41935,80,21,1,11,18,10
5.6129,74,21,15,4,17
7.48387,78,21,20,13,12,4
3.03226,92,21,10,6
3.93548,64,21,11,13
5.80645,68,21,15,3,15,10
2.64516,104,21,10,13
4,62,21,21,16,18
5.41935,80,21,16,5,3
4.70968,102,21,8,10,4
5.09677,90,21,6,17,20
5.6129,74,21,11,15,8
4.96774,94,21,12,8,21,5
3.74194,70,21,9,17
3.80645,68,21,6,9
5.93548,64,21,22,21,10,21,14
2.90323,96,21,9,4
5.87097,66,21,7,6,7,8,21
4.77419,100,21,19,6,5
7.67742,72,21,14,15,13,20
5.93548,64,21,4,6,19
3.87097,66,21,11,4
3.09677,90,21,9,2
5.09677,90,21,21,4,21,20,5
8,62,21,11,1,18,18,19
7.67742,72,21,21,3,11,12,15
5.93548,64,21,22,14,22,10
5.93548,64,21,22,16,19
5.54839,76,21,22,9,17
6.83871,98,21,10,9,16,2
2.70968,102,21,5,20
5.80645,68,21,20,4,22
7.16129,88,21,19,12,22,16
7.67742,72,21,14,12,4,3
2.77419,100,21,5,2
2.83871,98,21,10,2
5.41935,80,21,2,2,11,22
4.96774,94,21,2,20,1,2
4.70968,102,21,20,7,20,5
5.35484,82,21,17,16,3
5.03226,92,21,15,4,16
3.67742,72,21,6,5
5.41935,80,21,13,14,9
5.35484,82,21,11,2,3
3.54839,76,21,5,18
6.90323,96,21,1,10,9,6
7.35484,82,21,1,21,13,13,2,3
7.29032,84,21,2,3,1,7
5.09677,90,21,6,3,16
3.80645,68,21,6,9
3.74194,70,21,1,1,17
5.80645,68,21,4,19,7
7.16129,88,21,15,14,5,8
3.87097,66,21,4,19,21
7.35484,82,21,15,14,6,2
5.41935,80,21,6,19,17
5.87097,66,21,9,16,8
8,62,21,18,18,3,14,12
5.93548,64,21,11,11,18,18,12
3.35484,82,21,13,5
6.90323,96,21,22,17,9,16,21
5.80645,68,21,8,15,10
3.74194,70,21,1,17
7.16129,88,21,12,14,4,17
5.80645,68,21,6,13,7
5.22581,86,21,11,12,16
3.87097,66,21,2,16
5.48387,78,21,1,18,5
5.93548,64,21,18,8,4
3.80645,68,21,17,11
4,62,21,16,18
9.6129,74,21,14,19,9,5,17
3.67742,72,21,2,10
7.93548,64,21,19,22,15,20
5.03226,92,21,2,8,18,2
5.67742,72,21,8,2,22
3.29032,84,21,21,16,6
3.80645,68,21,17,1
3.16129,88,21,9,6
4.70968,102,21,10,1,4
7.6129,74,21,19,3,7,6
11.2903,84,21,14,21,4,6,7,22,8
7.6129,74,21,14,4,20,12
6.70968,102,21,22,15,4,9
3.93548,64,21,13,1
7.09677,90,21,14,1,12,16
3.87097,66,21,2,16
7.54839,76,21,3,18,15,2
5.93548,64,21,12,12,19,6
7.6129,74,21,12,14,2,3
5.22581,86,21,11,21,20,20,17
7.09677,90,21,8,19,17,17,12
5.74194,70,21,17,7,7,11
6,62,21,20,14,1
7.35484,82,21,8,12,15,3
7.74194,70,21,14,8,6,6,13
5.54839,76,21,20,17,7
7.6129,74,21,6,15,22,20
4,62,21,6,11
7.09677,90,21,19,21,2,3,10
5.22581,86,21,19,17,3
6.32258,114,21,8,19,4,9
4.51613,108,21,5,16,4
5.54839,76,21,7,10,17
5.74194,70,21,12,1,22
3.80645,68,21,1,6
3.80645,68,21,17,11
6.77419,100,21,8,12,20,9
4,62,21,4,21,5
3.41935,80,21,13,16
5.74194,70,21,11,9,8
5.35484,82,21,1,15,2
3.09677,90,21,9,20
5.80645,68,21,22,1,1,18
5.67742,72,21,1,3,1,22
4.90323,96,21,19,9,4
5.48387,78,21,13,15,3
3.80645,68,21,1,6
5.22581,86,21,13,3,5
5.54839,76,21,3,14,21,3,10
6.51613,108,21,19,18,20,16
7.87097,66,21,15,12,12,7,12,3
5.67742,72,21,6,22,10
3.74194,70,21,9,17
4.77419,100,21,1,5,2
5.93548,64,21,19,22,1
3.93548,64,21,11,21,16
5.80645,68,21,1,1,11,13
7.93548,64,21,4,21,7,6,13
3.80645,68,21,20,9
3.93548,64,21,21,11,13
3.48387,78,21,16,12
5.35484,82,21,13,2,16
7.67742,72,21,12,15,22,11
5.74194,70,21,1,3,22
7.29032,84,21,14,7,11,2
5.22581,86,21,4,8,17
3.54839,76,21,10,3
5.87097,66,21,10,21,19,19,14
3.6129,74,21,5,19
4.90323,96,21,20,1,6
5.67742,72,21,15,21,1,20
5.74194,70,21,11,3,10
5.74194,70,21,15,17,11
4,62,21,3,17
3.29032,84,21,10,10,12
5.54839,76,21,10,1,19
5.22581,86,21,18,6,1
3.80645,68,21,21,10,17
4.83871,98,21,21,8,13,1
5.35484,82,21,18,2,2,1
3.67742,72,21,2,10
4.90323,96,21,4,17,11
5.22581,86,21,7,16,12
3.54839,76,21,5,8
3.6129,74,21,4,10
3.35484,82,21,9,21,10
5.22581,86,21,20,21,21,1,4
4.64516,104,21,3,4,16
8,62,21,18,7,21,14,3
3.87097,66,21,8,4,21
9.03226,92,21,1,19,8,11,22
5.93548,64,21,3,21,19,5
5.35484,82,21,17,14,13
5.16129,88,21,19,9,6
5.54839,76,21,10,9,14
7.80645,68,21,12,8,3,9
7.35484,82,21,13,3,8,22
5.54839,76,21,2,21,17,8
5.03226,92,21,20,6,20,19
3.87097,66,21,17,3
3.29032,84,21,10,12
5.22581,86,21,15,21,18,20,15
6.90323,96,21,15,8,10,7
5.6129,74,21,1,18,22,21
7.03226,92,21,14,16,19,2
3.41935,80,21,16,21,10
3.48387,78,21,9,12
4.96774,94,21,2,17,13
5.48387,78,21,9,21,15,16
4,62,21,16,18
4,62,21,6,1
7.48387,78,21,8,19,11,13
5.48387,78,21,14,17,17,17,3
3.74194,70,21,2,5
6,62,21,13,6,4,13
7.41935,80,21,11,3,14,9
5.93548,64,21,14,17,6
6.51613,108,21,8,11,2,2,16
7.35484,82,21,17,9,10,11
5.6129,74,21,4,6,1
3.74194,70,21,1,17
7.35484,82,21,8,12,11,15
5.6129,74,21,17,15,5
5.87097,66,21,14,6,19
2.83871,98,21,10,2
6,62,21,14,17,10
5.54839,76,21,22,13,15
3.54839,76,21,5,18
3.35484,82,21,1,16,21
9.35484,82,21,7,14,22,17,19
3.74194,70,21,11,17
5.41935,80,21,17,9,8
3.87097,66,21,21,5,1
5.67742,72,21,2,20,8,8,21
5.48387,78,21,22,2,17
4,62,21,3,17
3.16129,88,21,16,2
7.22581,86,21,22,8,15,11
3.54839,76,21,13,9
5.35484,82,21,20,18,4
6.90323,96,21,10,21,14,19,13
3.6129,74,21,10,15
5.87097,66,21,9,21,22,17
5.41935,80,21,8,3,21,16
2.58065,106,21,5,4
7.48387,78,21,19,14,14,4,15
5.6129,74,21,5,16,11
5.54839,76,21,13,3,2
2.77419,100,21,5,5,2
6.90323,96,21,15,21,11,12,16
5.80645,68,21,3,3,18,6
5.74194,70,21,11,19,17
5.03226,92,21,22,16,2
5.41935,80,21,4,11,10
5.41935,80,21,14,6,16
5.35484,82,21,20,21,13,13,1
3.87097,66,21,9,18
3.35484,82,21,13,10
5.87097,66,21,21,6,12,3
7.29032,84,21,19,12,11,7
7.54839,76,21,7,22,5,11
5.29032,84,21,11,11,22,4
5.41935,80,21,21,11,5,8
3.87097,66,21,21,17,3
5.29032,84,21,11,5,15
5.87097,66,21,13,2,6
8,62,21,14,22,10,9
