5.6129,74,11,1,2,12,11
5.54839,76,11,12,4,8
4,62,11,20,22
5.29032,84,11,18,16,21
3.35484,82,11,13,1
3.93548,64,11,7,16
5.29032,84,11,18,17,12
5.93548,64,11,22,8,19
7.48387,78,11,18,22,18,3,2
4,62,11,6,15
4.90323,96,11,15,18,11,13
3.80645,68,11,22,22,5
5.87097,66,11,10,9,10,7
4.19355,118,11,15,10,4
9.54839,76,11,19,19,12,3,1,10
3.22581,86,11,18,20,11
3.87097,66,11,10,21
4.96774,94,11,7,20,1
7.67742,72,11,18,19,7,8
5.80645,68,11,19,1,20
7.03226,92,11,1,16,3,6
3.87097,66,11,21,9
3.87097,66,11,21,9
3.93548,64,11,4,20
9.54839,76,11,12,14,21,7,4
4,62,11,22,13
5.6129,74,11,7,17,19
3.80645,68,11,17,21
5.6129,74,11,1,17,10
5.22581,86,11,11,7,17,13
7.74194,70,11,14,12,8,16
6.83871,98,11,15,18,17,12
5.09677,90,11,19,5,21
4.70968,102,11,11,15,11,9,9,4
3.67742,72,11,20,11,4
7.80645,68,11,16,15,7,6
3.74194,70,11,16,2
3.54839,76,11,13,8
5.03226,92,11,19,10,6
3.80645,68,11,7,10
4.96774,94,11,14,6,5
7.48387,78,11,9,5,3,21
9.74194,70,11,16,16,9,15,22,22,19
7.54839,76,11,5,19,14,14,22
3.03226,92,11,6,10
7.80645,68,11,18,14,22,8
5.22581,86,11,10,17,8
7.67742,72,11,19,8,17,22
3.6129,74,11,4,8
5.67742,72,11,21,22,1
3.54839,76,11,6,8
6.83871,98,11,22,18,21,16
7.74194,70,11,15,22,18,9
7.6129,74,11,3,19,1,2
3.54839,76,11,4,17
5.80645,68,11,19,6,13
5.41935,80,11,7,19,2
3.48387,78,11,6,12
5.48387,78,11,9,14,13
3.41935,80,11,17,4
6.90323,96,11,15,14,12,5
3.6129,74,11,4,19
7.6129,74,11,7,18,21,8
5.54839,76,11,19,1,17
5.80645,68,11,16,1,7
2.83871,98,11,4,10
7.22581,86,11,14,15,4,3
6.77419,100,11,8,3,17,20
3.6129,74,11,11,11,4,8
7.6129,74,11,22,18,7,19
6,62,11,11,4,21,4,13
5.6129,74,11,7,17,5
3.74194,70,11,7,5
7.41935,80,11,5,11,14,15,20
6.90323,96,11,20,2,13,1
7.09677,90,11,9,5,18,13
3.87097,66,11,4,14
8.64516,104,11,8,14,15,16,6
3.74194,70,11,4,11,11,7
3.29032,84,11,14,6,11
4.96774,94,11,17,7,16
7.80645,68,11,7,18,12,3
3.74194,70,11,16,20
4.58065,106,11,2,13,5
3.67742,72,11,2,20,11
5.93548,64,11,21,11,12,19
5.54839,76,11,7,3,7,19
7.54839,76,11,8,12,12,18,20
9.67742,72,11,19,21,8,1,9
5.93548,64,11,11,7,19,21
3.6129,74,11,10,6
5.48387,78,11,7,3,21
6,62,11,10,5,14
7.09677,90,11,19,3,9,17
3.93548,64,11,10,11,4
7.48387,78,11,16,15,18,1
2.77419,100,11,4,5
5.54839,76,11,11,20,14,1
7.35484,82,11,3,15,15,15,19,4
5.35484,82,11,14,11,4,22
5.80645,68,11,12,15,3
5.35484,82,11,9,8,13
5.54839,76,11,16,7,8
11.4194,80,11,8,3,14,14,21,7,1
5.74194,70,11,5,1,21
5.6129,74,11,12,20,12,9
5.16129,88,11,21,6,1
5.35484,82,11,10,3,2
5.29032,84,11,16,5,20
5.93548,64,11,19,5,1
4.25806,116,11,19,13,5
4,62,11,4,12
3.67742,72,11,17,16
6,62,11,12,9,10
3.29032,84,11,5,5,4
7.09677,90,11,14,18,11,8,17
3.54839,76,11,5,6
5.41935,80,11,4,21,17
2.90323,96,11,4,9
3.41935,80,11,17,17,4
4,62,11,20,22
3.48387,78,11,13,17
2.96774,94,11,13,9
7.29032,84,11,10,9,18,5
5.74194,70,11,12,15,4
5.22581,86,11,8,6,1
3.74194,70,11,11,16,2
4.83871,98,11,5,3,6
5.29032,84,11,5,15,3
8.96774,94,11,11,1,8,14,11,16,11,14,5
11.871,66,11,11,8,3,3,18,12,18,14,19
7.74194,70,11,9,14,14,21,12
7.16129,88,11,11,14,3,15,15,10
3.54839,76,11,4,17
5.03226,92,11,20,7,20,8
3.35484,82,11,2,9
3.6129,74,11,4,8
6,62,11,14,19,13
5.74194,70,11,2,7,14
3.87097,66,11,13,7
5.6129,74,11,11,16,17,10
4.77419,100,11,11,8,11,6,9
7.16129,88,11,18,21,4,8
3.22581,86,11,17,11,6
7.16129,88,11,9,7,9,5,17
4.51613,108,11,21,13,10
3.6129,74,11,9,13
3.80645,68,11,1,22,11
5.6129,74,11,16,21,2
3.93548,64,11,22,9
3.87097,66,11,7,9
5.80645,68,11,2,15,18
3.80645,68,11,20,1
5.48387,78,11,9,22,16
3.93548,64,11,2,18
3.80645,68,11,21,10
7.93548,64,11,19,14,15,2
6.96774,94,11,22,17,7,16
3.93548,64,11,22,9
5.87097,66,11,11,20,14,21
3.80645,68,11,4,15
5.93548,64,11,14,21,9
3.29032,84,11,5,4
4,62,11,15,7,11
5.93548,64,11,2,14,19
3.74194,70,11,16,2
7.74194,70,11,3,19,18,18,13
3.74194,70,11,11,12,15,11
5.67742,72,11,11,19,2,7
4.83871,98,11,13,4,16
3.41935,80,11,16,13
3.09677,90,11,6,9
5.87097,66,11,19,6,19,12
5.48387,78,11,5,11,18,4
2.83871,98,11,4,10
5.93548,64,11,20,12,18
5.03226,92,11,21,6,16
5.29032,84,11,7,4,3
3.80645,68,11,21,10
5.93548,64,11,8,2,14
5.16129,88,11,14,17,1
5.35484,82,11,18,17,4
7.6129,74,11,18,7,14,20
3.93548,64,11,2,19
3.35484,82,11,20,9
3.67742,72,11,17,16
7.09677,90,11,14,9,1,7
7.93548,64,11,8,19,15,5
3.80645,68,11,17,18
5.93548,64,11,15,18,10
3.09677,90,11,6,9
3.67742,72,11,17,16
3.74194,70,11,16,20
3.93548,64,11,12,5
7.54839,76,11,12,19,14,13
7.87097,66,11,15,8,19,18
8.90323,96,11,9,1,5,10,12
5.67742,72,11,8,7,5
3.80645,68,11,9,2
3.67742,72,11,4,18
5.29032,84,11,4,6,17
5.41935,80,11,7,11,18,10
5.74194,70,11,1,22,10
5.74194,70,11,10,22,17
7.16129,88,11,11,15,21,13,22
3.80645,68,11,9,2
6,62,11,22,16,9
3.6129,74,11,13,18
7.48387,78,11,19,8,1,13
3.74194,70,11,16,2
5.6129,74,11,11,22,8,12
5.22581,86,11,6,4,15
7.67742,72,11,22,14,8,21
5.67742,72,11,9,15,3
5.22581,86,11,11,12,1,4
5.6129,74,11,16,1,20
3.29032,84,11,6,1
3.93548,64,11,21,16
6,62,11,18,7,3
6,62,11,14,22,14,16
7.6129,74,11,22,7,8,21
3.35484,82,11,10,10,4
7.03226,92,11,9,14,14,15,15,13
5.09677,90,11,2,11,16,21
5.87097,66,11,11,10,19,22
7.74194,70,11,16,18,19,1
5.80645,68,11,1,13,1,13,20
3.87097,66,11,2,6
7.41935,80,11,19,14,5,1
7.09677,90,11,12,2,3,9
5.22581,86,11,2,14,9
4,62,11,10,7
5.48387,78,11,18,2,7
7.87097,66,11,8,14,21,9
4,62,11,17,11,9
3.93548,64,11,22,1
3.67742,72,11,17,5
3.80645,68,11,13,14
4.90323,96,11,22,6,16
7.67742,72,11,1,15,19,15,16
3.87097,66,11,21,9
3.6129,74,11,6,19
3.35484,82,11,10,4
7.22581,86,11,9,5,15,16
7.48387,78,11,8,22,7,5
3.74194,70,11,6,18
3.6129,74,11,4,19
3.80645,68,11,17,18
2.77419,100,11,4,5
5.41935,80,11,18,19,11,22
7.6129,74,11,1,19,14,11,7
5.16129,88,11,11,21,1,20
4,62,11,13,11,5
5.67742,72,11,1,16,2
5.6129,74,11,9,14,20
5.22581,86,11,14,5,15
4.83871,98,11,7,20,6
3.6129,74,11,9,13
4,62,11,2,8
5.87097,66,11,19,4,6
3.80645,68,11,13,22
5.93548,64,11,22,8,14
4.83871,98,11,7,12,5
3.41935,80,11,17,8
7.6129,74,11,19,21,8,9
5.93548,64,11,17,15,22
5.29032,84,11,1,15,11,5
8,62,11,11,5,1,9,10
3.6129,74,11,9,13
7.6129,74,11,21,21,8,3,20
5.41935,80,11,2,13,18
7.6129,74,11,19,16,1,14
5.48387,78,11,10,15,12
3.6129,74,11,13,13,18
3.35484,82,11,13,1
5.48387,78,11,21,17,19
5.48387,78,11,9,10,2
3.35484,82,11,17,12
5.87097,66,11,14,12,17
3.93548,64,11,20,20,8
3.87097,66,11,13,7
3.80645,68,11,17,18
6.58065,106,11,1,14,16,4
2.96774,94,11,13,13,9
4.77419,100,11,20,3,17
3.80645,68,11,4,15
8,62,11,12,3,7,22
4.90323,96,11,12,6,20
3.54839,76,11,13,8
5.87097,66,11,2,3,12
5.41935,80,11,5,17,19
7.93548,64,11,12,22,21,22,15
5.22581,86,11,8,11,5,6
5.67742,72,11,14,3,17
5.87097,66,11,12,1,18
3.35484,82,11,4,4,1
7.54839,76,11,8,18,17,5
6,62,11,1,17,1,9
5.09677,90,11,7,3,13
5.54839,76,11,12,21,21,10
4.83871,98,11,9,8,11,17
4.58065,106,11,12,9,6
8,62,11,7,22,22,19,15
3.74194,70,11,13,11,11,20
3.87097,66,11,16,14,11
9.16129,88,11,21,19,14,18,4
3.48387,78,11,6,12
5.93548,64,11,16,5,22
6,62,11,14,6,13
5.87097,66,11,10,19,21
5.74194,70,11,1,5,21
7.67742,72,11,9,8,1,16
5.67742,72,11,21,3,20
7.48387,78,11,16,10,17,21
5.80645,68,11,15,6,13
5.6129,74,11,13,4,3
3.87097,66,11,10,12
3.87097,66,11,15,11,13
7.74194,70,11,8,11,3,20,4
5.41935,80,11,7,8,10
5.03226,92,11,18,2,17
3.41935,80,11,10,20
4.77419,100,11,14,4,6,11
3.87097,66,11,4,14
6,62,11,11,3,16,19
3.74194,70,11,2,17
3.54839,76,11,13,19
5.54839,76,11,19,11,20,7
5.93548,64,11,3,4,7
5.48387,78,11,8,8,4,19
5.35484,82,11,7,17,4
4.45161,110,11,12,16,20
5.54839,76,11,8,17,9
5.48387,78,11,20,11,14,14,9
5.09677,90,11,3,17,12
5.6129,74,11,7,1,9
5.74194,70,11,7,13,2
7.67742,72,11,21,15,22,9
2.96774,94,11,4,16
4.64516,104,11,2,13,16
5.74194,70,11,3,6,15
4.77419,100,11,15,1,17
5.93548,64,11,18,18,11,3,13
2.83871,98,11,13,16
5.74194,70,11,1,20,22
5.22581,86,11,11,19,11,16,2
3.93548,64,11,22,9
3.93548,64,11,5,11,4
5.22581,86,11,22,19,13
4.90323,96,11,11,7,13,8
7.16129,88,11,1,7,4,3
5.48387,78,11,21,12,17
7.6129,74,11,15,19,15,22,20
6,62,11,18,22,16
5.41935,80,11,15,16,18
8,62,11,19,19,15,10,5
9.29032,84,11,1,19,5,9,17
5.03226,92,11,11,11,7,12,9
5.93548,64,11,15,10,9
3.93548,64,11,20,11,2
5.22581,86,11,9,18,7,11
3.16129,88,11,2,10
3.87097,66,11,15,11,13
5.87097,66,11,3,8,11,4
5.74194,70,11,18,8,4
3.6129,74,11,9,13
5.54839,76,11,7,19,19,17
5.74194,70,11,11,3,21,9
7.48387,78,11,21,20,12,8
5.87097,66,11,11,8,12,17
7.41935,80,11,1,21,20,8
5.48387,78,11,10,1,11,2
3.87097,66,11,11,22,10
5.35484,82,11,11,21,11,22,8
3.35484,82,11,6,3
3.6129,74,11,6,19
2.83871,98,11,13,16
5.80645,68,11,8,4,20
5.16129,88,11,7,4,19
2.96774,94,11,4,16
5.67742,72,11,12,7,20
5.54839,76,11,16,12,2
5.6129,74,11,9,1,4
5.48387,78,11,21,12,17
3.16129,88,11,6,16
2.77419,100,11,13,10
4.19355,118,11,7,13,16
3.87097,66,11,20,19
5.93548,64,11,3,15,1
5.93548,64,11,21,14,13
3.93548,64,11,20,18
5.35484,82,11,6,7,12
3.67742,72,11,17,5
3.6129,74,11,6,11,20
5.16129,88,11,10,22,13
5.29032,84,11,5,19,2
7.54839,76,11,1,9,5,1,22
5.74194,70,11,14,7,5
3.80645,68,11,17,21
3.6129,74,11,6,19
3.54839,76,11,13,19
3.41935,80,11,10,10,2
5.54839,76,11,4,13,22
3.29032,84,11,17,13
5.41935,80,11,15,13,21
5.67742,72,11,9,18,10
8,62,11,21,18,8,3
5.41935,80,11,18,21,10
5.80645,68,11,12,4,14
5.03226,92,11,21,11,22,10
3.16129,88,11,20,5
3.74194,70,11,11,16,2
3.41935,80,11,11,10,2
4.77419,100,11,21,20,5
3.67742,72,11,7,11,6
5.35484,82,11,9,21,17
3.16129,88,11,20,5
7.41935,80,11,5,10,17,14
4.58065,106,11,18,16,13
5.74194,70,11,8,11,8,4,14
5.67742,72,11,22,17,5
8.32258,114,11,1,1,16,19,16,5,13
5.80645,68,11,18,7,16
3.80645,68,11,13,14
2.83871,98,11,4,10
5.67742,72,11,15,18,13
6.96774,94,11,9,3,12,6
9.16129,88,11,22,15,15,18,8,2
3.74194,70,11,7,5
6.83871,98,11,14,22,16,21
3.93548,64,11,21,16
4.70968,102,11,12,6,6,16
5.67742,72,11,9,3,2
6,62,11,12,1,10
6.90323,96,11,8,2,12,16
5.67742,72,11,4,11,1,11,15
4,62,11,22,3
5.48387,78,11,2,11,21,13
5.29032,84,11,4,6,18
7.67742,72,11,5,9,14,12
5.74194,70,11,10,16,21
7.67742,72,11,18,1,19,15
5.67742,72,11,7,19,7,4
3.6129,74,11,16,4
3.93548,64,11,22,1
5.80645,68,11,19,6,21
5.54839,76,11,14,10,17
4,62,11,2,8
5.6129,74,11,8,5,8,8,4
8,62,11,19,21,21,15,6
3.35484,82,11,20,9
3.87097,66,11,4,14
3.87097,66,11,9,6
3.87097,66,11,10,21
3.41935,80,11,5,5,20
9.6129,74,11,14,14,8,18,21,6
5.41935,80,11,7,6,2
9.80645,68,11,3,12,14,2,13
3.54839,76,11,5,6
5.41935,80,11,21,6,2
3.6129,74,11,13,18
5.22581,86,11,2,12,17
3.93548,64,11,21,16
4.90323,96,11,13,12,16
5.93548,64,11,21,15,4
3.93548,64,11,22,9
5.41935,80,11,9,16,13
3.67742,72,11,17,19
7.29032,84,11,8,19,19,21,20,11
5.6129,74,11,22,2,12
5.29032,84,11,20,13,20,18
7.09677,90,11,14,7,3,13
3.41935,80,11,17,8
5.54839,76,11,12,13,8
6.96774,94,11,7,15,12,17
3.16129,88,11,15,17,11
4.77419,100,11,19,20,16
3.16129,88,11,7,6,11
5.16129,88,11,18,12,11,11,7
3.67742,72,11,20,6
5.87097,66,11,15,19,10
5.6129,74,11,6,11,19,1
7.29032,84,11,19,12,13,3
5.29032,84,11,11,17,17,7,4
3.87097,66,11,13,7
4.96774,94,11,7,13,18
3.93548,64,11,11,2,18
4,62,11,22,20
5.80645,68,11,14,22,5
3.41935,80,11,17,4
5.74194,70,11,21,11,9,18
3.93548,64,11,7,16
6,62,11,12,3,13
5.41935,80,11,13,4,17
3.22581,86,11,5,13
3.41935,80,11,10,20
3.41935,80,11,5,20
3.74194,70,11,16,20
5.6129,74,11,11,19,1,10,11
3.93548,64,11,2,19
3.35484,82,11,12,4,11
3.87097,66,11,11,4,22
3.93548,64,11,7,18,11
5.67742,72,11,12,12,7,20
3.54839,76,11,6,8
5.41935,80,11,16,1,6
5.54839,76,11,18,18,17,9
3.35484,82,11,17,12
5.54839,76,11,12,6,15
7.6129,74,11,19,1,16,18
4.64516,104,11,13,4,5
3.80645,68,11,17,18
7.35484,82,11,19,22,12,1
8.32258,114,11,3,1,8,1,5,4
5.6129,74,11,2,13,22
7.16129,88,11,3,12,12,16,17
3.29032,84,11,14,13,11
4.96774,94,11,2,22,5
7.6129,74,11,7,18,21,2
3.74194,70,11,2,17
3.35484,82,11,6,20
5.6129,74,11,2,21,1
3.48387,78,11,22,12,11
5.03226,92,11,3,6,1
3.09677,90,11,6,9
4.77419,100,11,15,1,17
4.58065,106,11,15,16,2
3.87097,66,11,9,6
5.22581,86,11,5,15,16
5.48387,78,11,12,20,17
4.77419,100,11,5,11,22,7,5
3.80645,68,11,9,20
3.74194,70,11,11,2,17
5.16129,88,11,15,1,22
2.96774,94,11,4,16
3.93548,64,11,4,20
5.74194,70,11,5,18,21
3.54839,76,11,13,19
6,62,11,3,4,12
5.48387,78,11,12,11,2,2,22
3.87097,66,11,4,22
5.48387,78,11,10,17,16
5.67742,72,11,3,14,11,22
3.6129,74,11,17,9
7.22581,86,11,10,15,15,10,9,18
3.22581,86,11,5,13
3.48387,78,11,5,2
5.87097,66,11,10,16,7
5.67742,72,11,12,6,12,18
3.29032,84,11,11,16,7,11
5.16129,88,11,11,14,17,1
3.93548,64,11,4,20
3.74194,70,11,6,18
5.16129,88,11,2,22,20
4,62,11,11,11,2,2,8
6,62,11,3,7,2
6,62,11,10,16,14
5.93548,64,11,21,15,20
3.22581,86,11,17,11,6
3.35484,82,11,17,2
4.51613,108,11,12,12,9,2
4,62,11,20,22
7.80645,68,11,10,5,16,7
3.80645,68,11,4,15
3.93548,64,11,12,5
4,62,11,22,3
5.22581,86,11,15,17,20
6.70968,102,11,19,10,9,4
3.87097,66,11,16,6
3.93548,64,11,20,8
5.6129,74,11,10,22,19
4,62,11,22,20
5.54839,76,11,1,21,5
5.22581,86,11,18,16,12
5.35484,82,11,18,18,10,15
5.41935,80,11,14,16,7
5.29032,84,11,2,4,17
3.67742,72,11,4,4,18
5.35484,82,11,16,12,16,19
5.93548,64,11,7,19,1
5.09677,90,11,16,17,3
5.16129,88,11,12,1,13
7.6129,74,11,8,1,7,4
4.77419,100,11,15,1,13
4,62,11,6,21
7.29032,84,11,7,18,21,1
7.09677,90,11,19,12,13,8
3.35484,82,11,17,2
5.22581,86,11,15,1,7
5.67742,72,11,8,8,6,17
3.41935,80,11,17,8
8.90323,96,11,8,18,18,21,4,21,9
5.74194,70,11,22,6,15
5.93548,64,11,14,3,14,10
7.74194,70,11,16,10,19,1
5.74194,70,11,5,11,22,21
4,62,11,20,22
3.87097,66,11,16,6
5.09677,90,11,1,20,16
5.74194,70,11,7,15,3,11
7.22581,86,11,9,5,16,8,5
6,62,11,1,2,3
3.80645,68,11,11,6,14
3.67742,72,11,4,18
5.74194,70,11,22,6,21
6,62,11,15,4,13
7.35484,82,11,22,21,15,3
4.64516,104,11,11,6,11,9,11,17
6,62,11,3,13,6
3.29032,84,11,17,13
5.22581,86,11,17,22,20
3.54839,76,11,9,9,12,11
4,62,11,2,8
4,62,11,6,21
7.29032,84,11,9,16,21,1
5.93548,64,11,18,19,19,1,19,11
3.93548,64,11,22,9
3.22581,86,11,10,13
5.87097,66,11,22,21,6
7.67742,72,11,14,18,9,19
5.74194,70,11,1,20,22
4.90323,96,11,16,11,4,17
5.22581,86,11,12,1,4
7.48387,78,11,21,15,14,13
5.41935,80,11,15,2,3
5.67742,72,11,3,22,1
7.29032,84,11,1,18,5,19
5.22581,86,11,12,12,17,19
5.6129,74,11,22,11,22,14,4
5.35484,82,11,16,21,17
7.54839,76,11,10,16,8,15
3.74194,70,11,4,3
3.09677,90,11,7,17,11
5.09677,90,11,18,13,3
5.54839,76,11,12,6,21
5.54839,76,11,14,10,19
3.93548,64,11,20,18
6.90323,96,11,12,20,4,17
5.41935,80,11,15,20,4
3.74194,70,11,2,17
5.41935,80,11,3,17,17,19
7.67742,72,11,21,18,21,19,3
3.67742,72,11,21,5
5.48387,78,11,1,10,20
7.6129,74,11,14,4,2,21
5.93548,64,11,11,21,4,12
3.93548,64,11,20,8
11.1613,88,11,3,18,14,15,19,17
3.22581,86,11,5,13
7.87097,66,11,15,18,12,21
4.77419,100,11,22,6,10
7.29032,84,11,12,19,22,3
5.35484,82,11,14,10,15
7.67742,72,11,16,18,7,17
5.54839,76,11,16,15,16,22
7.35484,82,11,1,14,12,11,15
3.87097,66,11,22,10
3.16129,88,11,20,10
7.09677,90,11,19,10,5,21
2.96774,94,11,13,9
5.41936,80,11,12,7,9
7.74194,70,11,1,3,11,9,11,10
7.67742,72,11,1,3,4,4,7
3.93548,64,11,19,7,11
5.74194,70,11,21,7,15,11
5.09677,90,11,8,7,6,11
3.29032,84,11,6,1
5.09677,90,11,20,7,1
2.96774,94,11,13,9
7.54839,76,11,11,16,19,14,19,10
5.74194,70,11,3,10,17
6,62,11,7,15,1
6.45161,110,11,9,11,8,20,16
3.80645,68,11,10,11,11,10,3,11
3.41935,80,11,10,2
3.6129,74,11,13,18
5.41935,80,11,16,15,10
3.41935,80,11,16,13
4.90323,96,11,2,20,20,5
4.51613,108,11,7,2,5
4,62,11,22,3
3.80645,68,11,21,10
4,62,11,22,3
7.87097,66,11,8,4,8,14,7
5.16129,88,11,11,17,7,20
4,62,11,15,5
7.6129,74,11,14,12,7,8
3.16129,88,11,17,1
3.93548,64,11,2,19
5.35484,82,11,15,4,14
4.12903,120,11,7,13,5
5.35484,82,11,10,8,5
5.6129,74,11,14,2,6
7.41935,80,11,3,8,2,1
5.93548,64,11,10,9,8,11
3.80645,68,11,13,13,22
3.54839,76,11,13,13,19
2.96774,94,11,6,5
4.25806,116,11,22,4,10
5.35484,82,11,22,19,20
5.87097,66,11,22,19,12
3.93548,64,11,4,20
3.87097,66,11,11,9,6
5.03226,92,11,6,4,8
7.35484,82,11,1,10,10,18,4
7.16129,88,11,14,7,3,22
4.77419,100,11,3,10,20
3.48387,78,11,5,2
5.22581,86,11,19,4,17
4.96774,94,11,3,17,20
5.22581,86,11,5,18,2
2.96774,94,11,4,16
8,62,11,1,14,2,21
5.16129,88,11,3,2,5
3.54839,76,11,6,8
4,62,11,2,8
7.29032,84,11,20,21,14,6
7.80645,68,11,1,18,19,2
5.22581,86,11,21,6,20
7.22581,86,11,19,9,10,21
5.22581,86,11,19,3,2,11
4.58065,106,11,15,2,9
5.6129,74,11,2,7,19
3.80645,68,11,9,20
5.41935,80,11,9,15,5
9.16129,88,11,14,18,7,4,3
6,62,11,12,1,10
3.74194,70,11,16,20
5.41935,80,11,18,11,10,22
3.93548,64,11,14,22,11
7.29032,84,11,12,19,22,13
4,62,11,22,13
5.54839,76,11,3,4,17
5.41935,80,11,21,1,11,5
5.6129,74,11,2,20,19
3.80645,68,11,9,20
5.80645,68,11,8,20,14
5.03226,92,11,11,22,6,6,1
3.35484,82,11,6,3
5.6129,74,11,1,9,13
6.58065,106,11,3,14,20,10
5.80645,68,11,3,1,1,13
5.35484,82,11,13,20,4
6,62,11,8,16,15
3.87097,66,11,13,7
5.87097,66,11,22,22,7,1
5.54839,76,11,19,6,6,17
5.48387,78,11,16,9,13
3.74194,70,11,22,11,13
7.54839,76,11,18,22,4,6
4.51613,108,11,14,10,10,4
5.87097,66,11,15,7,16
5.80645,68,11,19,16,16,3
5.54839,76,11,18,17,17,9
5.74194,70,11,12,19,6
5.93548,64,11,1,11,6,22
7.09677,90,11,11,16,5,9,4
5.87097,66,11,21,7,13
7.35484,82,11,19,7,14,10
3.93548,64,11,2,19
5.80645,68,11,1,12,16
3.74194,70,11,21,11,17
5.29032,84,11,22,14,5
5.22581,86,11,19,13,15
5.80645,68,11,11,12,4,22
3.35484,82,11,9,22,11
4,62,11,11,20,22
5.74194,70,11,19,12,6
3.35484,82,11,17,2
5.74194,70,11,2,4,12
5.67742,72,11,3,5,19
4.83871,98,11,12,4,9
4,62,11,10,7
5.48387,78,11,18,21,21,9
5.22581,86,11,13,13,6,17
4.77419,100,11,12,17,3
5.93548,64,11,7,22,20
7.35484,82,11,3,3,11,20,12,1
7.41935,80,11,15,22,4,12
5.03226,92,11,8,9,13
3.67742,72,11,17,14
5.93548,64,11,18,8,18,10
8.77419,100,11,14,15,14,7,17,3
7.41936,80,11,2,20,12,1
5.67742,72,11,11,16,9,20
5.48387,78,11,10,18,9
5.6129,74,11,9,12,8
3.54839,76,11,13,8
5.16129,88,11,20,20,3,16
4.45161,110,11,8,13,10
3.87097,66,11,13,7
5.41935,80,11,14,16,7
4,62,11,11,10,7
5.87097,66,11,20,21,18
8,62,11,16,19,14,15
5.87097,66,11,7,20,2
5.93548,64,11,16,1,11,18
5.48387,78,11,20,4,12
7.54839,76,11,19,14,4,22
5.67742,72,11,2,20,8
5.67742,72,11,14,3,18,11
5.80645,68,11,19,16,14
3.6129,74,11,9,4
5.74194,70,11,7,18,10
5.6129,74,11,9,8,2
4.96774,94,11,13,6,12
7.74194,70,11,3,18,22,16
5.6129,74,11,10,17,18
3.54839,76,11,9,12,11
4.19355,118,11,7,13,16
3.09677,90,11,6,9
5.54839,76,11,8,11,10,19,11
6,62,11,18,8,11,19
5.29032,84,11,12,16,8
5.54839,76,11,19,16,21
3.54839,76,11,5,6
3.67742,72,11,17,17,5
7.41935,80,11,9,5,17,16
3.80645,68,11,13,14
6,62,11,9,1,7
5.22581,86,11,20,12,17
3.16129,88,11,17,1
9.54839,76,11,8,1,3,19,17
5.16129,88,11,21,17,2
5.80645,68,11,21,1,21,2
5.41935,80,11,15,9,19
3.35484,82,11,6,20
4,62,11,6,21
5.29032,84,11,16,3,10
5.54839,76,11,21,12,11,14
6.96774,94,11,3,15,12,6
7.87097,66,11,3,12,3,19,2
5.6129,74,11,21,2,18
5.80645,68,11,13,11,8,15
7.87097,66,11,9,10,15,19
5.67742,72,11,21,20,7
3.6129,74,11,10,6
4.32258,114,11,20,13,5
5.93548,64,11,20,14,18
6,62,11,18,11,3,9
5.35484,82,11,22,19,4
5.74194,70,11,12,15,2
5.67742,72,11,3,9,22
4.77419,100,11,19,6,5
5.93548,64,11,19,2,12
5.80645,68,11,1,20,20,7
3.93548,64,11,4,20
5.41935,80,11,13,12,7
3.87097,66,11,4,22
4.96774,94,11,20,14,14,5
3.29032,84,11,6,1
4,62,11,4,11,18
3.80645,68,11,20,1
9.41936,80,11,1,14,19,8,12,12,1
4.51613,108,11,19,4,10
5.87097,66,11,18,8,5
3.41935,80,11,10,20
3.48387,78,11,13,13,17
5.93548,64,11,11,3,3,15,4
2.77419,100,11,13,10
2.83871,98,11,13,16
5.22581,86,11,7,17,13
5.16129,88,11,17,15,16
6,62,11,1,7,13
6.77419,100,11,19,7,6,10
4.96774,94,11,22,16,7
3.74194,70,11,4,4,3
5.6129,74,11,11,5,8,15
3.16129,88,11,11,17,1
3.54839,76,11,13,19
7.35484,82,11,7,15,14,5
5.93548,64,11,9,22,21
3.48387,78,11,5,2
3.16129,88,11,20,10
5.54839,76,11,21,8,6
3.80645,68,11,9,2
3.6129,74,11,4,19
7.74194,70,11,11,1,15,14,20
5.6129,74,11,15,11,14,15,7,14
3.09677,90,11,6,9
4,62,11,16,11,6
3.93548,64,11,21,16
6,62,11,7,3,7,15
3.16129,88,11,20,10
5.80645,68,11,5,17,7
5.41935,80,11,9,22,3
7.80645,68,11,8,14,1,22
5.67742,72,11,18,5,1
5.48387,78,11,15,1,18
4.77419,100,11,22,4,1
7.6129,74,11,20,2,12,19
3.54839,76,11,6,8
7.16129,88,11,5,9,18,20
3.87097,66,11,16,6
5.03226,92,11,14,10,12
5.16129,88,11,20,3,4
6,62,11,11,18,17,7
3.6129,74,11,14,20,11
7.35484,82,11,18,22,17,4
3.80645,68,11,17,21
5.67742,72,11,12,19,20
3.22581,86,11,17,3
5.6129,74,11,21,11,8,13
5.48387,78,11,3,11,18,3,15
3.09677,90,11,6,9
5.6129,74,11,22,17,9
4.64516,104,11,3,5,4
5.29032,84,11,13,20,14
5.67742,72,11,18,18,7,10
3.6129,74,11,6,19
3.80645,68,11,20,1
4.90323,96,11,2,20,5
9.67742,72,11,18,8,14,15,17
3.54839,76,11,5,6
3.93548,64,11,2,18
3.35484,82,11,10,4
4.90323,96,11,19,6,9
7.48387,78,11,14,4,21,13
3.93548,64,11,22,19,11
6.96774,94,11,3,1,9,4
3.22581,86,11,10,13
3.93548,64,11,11,4,20
4,62,11,10,7
3.80645,68,11,9,20
3.74194,70,11,7,5
5.35484,82,11,14,10,15
3.93548,64,11,20,18
5.74194,70,11,14,1,20
7.74194,70,11,8,19,7,16
5.54839,76,11,6,22,14
6.96774,94,11,1,1,15,1,9,6
5.48387,78,11,18,12,16
5.54839,76,11,21,8,6
3.80645,68,11,21,10
5.80645,68,11,1,2,8
5.80645,68,11,8,21,10
3.93548,64,11,9,14,11
3.80645,68,11,13,14
3.09677,90,11,17,11,8,17
10.4516,110,11,3,14,19,9,10,9,20
8,62,11,8,19,15,13
4,62,11,4,12
3.87097,66,11,4,22
2.77419,100,11,4,5
5.93548,64,11,16,1,21
3.16129,88,11,20,5
3.16129,88,11,20,10
5.03226,92,11,12,19,11,13
3.67742,72,11,17,19
4.96774,94,11,4,4,21,16
5.54839,76,11,20,7,17
3.35484,82,11,17,2
3.35484,82,11,11,10,4
3.93548,64,11,2,11,20
3.74194,70,11,16,2
5.74194,70,11,12,15,16
5.54839,76,11,8,17,9
3.03226,92,11,19,13,11
4,62,11,6,15
3.35484,82,11,17,12
5.67742,72,11,8,10,14
5.6129,74,11,22,12,20
5.67742,72,11,9,21,22
3.22581,86,11,2,5
6,62,11,5,1,14
5.67742,72,11,16,10,11,12
3.80645,68,11,3,7,11
5.93548,64,11,7,12,12,3
3.80645,68,11,11,13,22
3.74194,70,11,4,4,3
4,62,11,4,12
5.29032,84,11,7,1,12
3.93548,64,11,5,7
3.67742,72,11,17,16
4.96774,94,11,14,2,2,2,5
9.67742,72,11,3,11,14,1,8,12
5.87097,66,11,11,12,2,8
4,62,11,15,5
6,62,11,7,15,2
3.87097,66,11,7,9
5.03226,92,11,8,5,6
3.41935,80,11,17,4
5.67742,72,11,19,4,12
3.93548,64,11,11,20,8
3.35484,82,11,17,2
5.22581,86,11,18,2,19
5.74194,70,11,20,13,12
7.41935,80,11,8,7,20,13
5.87097,66,11,15,1,8
5.35484,82,11,20,7,8
3.80645,68,11,13,14
7.41935,80,11,1,12,22,2
4,62,11,10,7
9.09677,90,11,3,9,16,5,7
7.48387,78,11,18,8,12,12,7
5.93548,64,11,15,6,7
5.6129,74,11,21,6,17
5.93548,64,11,12,4,12,15
5.6129,74,11,16,22,4
7.03226,92,11,16,15,7,5
