5.87097,66,8,15,6,14
5.67742,72,8,15,16,18
5.54839,76,8,10,19,16
4.90323,96,8,16,17,11
5.74194,70,8,7,18,13
5.09677,90,8,21,20,5
7.74194,70,8,18,22,8,11,3
4.83871,98,8,22,16,6
3.74194,70,8,16,6
8,62,8,11,9,1,5
7.80645,68,8,21,14,3,9
5.80645,68,8,9,5,14
7.93548,64,8,14,21,17,18
3.48387,78,8,17,20
11.2903,84,8,1,19,21,15,22,16
5.93548,64,8,8,1,18,20
5.87097,66,8,9,19,1
5.54839,76,8,22,14,5
11.4839,78,8,19,15,14,12,21,13
4.77419,100,8,20,3,17
5.09677,90,8,17,18,5
7.35484,82,8,8,11,22,14,2
4,62,8,20,22
7.74194,70,8,18,19,9,19,16
5.09677,90,8,11,10,20
5.93548,64,8,7,8,1,22
4.25806,116,8,6,13,10
5.48387,78,8,12,22,10
5.93548,64,8,14,12,12,5
5.67742,72,8,20,13,6
9.6129,74,8,14,12,14,14,7,19,16
6,62,8,3,2,11
5.87097,66,8,12,20,18
5.6129,74,8,9,9,22,14
4.83871,98,8,7,9,21
7.09677,90,8,21,11,9,3
3.54839,76,8,5,21
3.80645,68,8,22,12,8
7.16129,88,8,3,1,16,2
3.35484,82,8,8,9,4
7.80645,68,8,3,19,2,21
7.87097,66,8,14,7,18,2
4.51613,108,8,1,4,9
5.80645,68,8,9,11,10
5.03226,92,8,4,6,11
5.41935,80,8,19,19,17,11
5.6129,74,8,4,20,20,12
7.09677,90,8,14,22,13,18
6,62,8,12,9,5
5.48387,78,8,3,21,8,17
7.03226,92,8,9,10,11,13
3.93548,64,8,20,18
6.25806,116,8,22,8,3,9,4
3.80645,68,8,4,19
3.29032,84,8,11,4,8
3.03226,92,8,9,17,8
4.90323,96,8,20,7,9
5.74194,70,8,1,6,22
5.74194,70,8,8,12,3,17
7.67742,72,8,3,14,12,3,16
7.6129,74,8,12,20,13,6
3.80645,68,8,13,22
7.29032,84,8,7,22,18,8,8,20
5.74194,70,8,15,3,2
5.87097,66,8,11,10,15
4.77419,100,8,9,8,5,12
3.67742,72,8,13,8,4
3.6129,74,8,6,20
5.16129,88,8,12,6,2
5.35484,82,8,11,21,5
5.87097,66,8,21,11,10
5.67742,72,8,20,3,19
3.22581,86,8,6,5
6,62,8,8,22,9,5
7.80645,68,8,18,14,14,14,2,7
5.80645,68,8,3,3,8,21,3,20
4.96774,94,8,15,10,12
5.80645,68,8,2,3,19
4,62,8,20,22
3.74194,70,8,6,12
5.54839,76,8,10,10,10,1,7
5.35484,82,8,22,8,12,16
5.29032,84,8,22,6,11
3.87097,66,8,9,21
7.80645,68,8,19,11,3,5
5.03226,92,8,2,22,5
5.54839,76,8,10,8,11,13
5.6129,74,8,5,11,16
7.87097,66,8,21,1,11,12
4,62,8,7,5
6,62,8,22,9,5
7.35484,82,8,3,14,12,8,20
5.80645,68,8,16,17,15
6.12903,120,8,19,6,13,16
3.93548,64,8,17,5
4.83871,98,8,11,17,1
5.67742,72,8,13,8,21,20
6.90323,96,8,6,13,4,17
7.87097,66,8,8,15,7,16,10
4,62,8,10,14
3.54839,76,8,13,19
5.48387,78,8,18,13,7
3.74194,70,8,16,16,6
8,62,8,3,11,21,6
4,62,8,2,11
6.77419,100,8,3,13,2,16
5.67742,72,8,20,2,11
7.48387,78,8,18,3,1,3,4
3.35484,82,8,13,1
7.22581,86,8,11,9,10,18,9
3.03226,92,8,5,13
5.35484,82,8,12,6,17
3.09677,90,8,5,4
5.74194,70,8,8,11,17,15
5.54839,76,8,5,9,5,7
6,62,8,22,19,16
4.90323,96,8,10,17,3
3.80645,68,8,2,17
3.41935,80,8,6,16
5.48387,78,8,22,1,18
3.93548,64,8,2,1
6.77419,100,8,11,3,9,2
2.96774,94,8,4,5
4.70968,102,8,12,8,16,13
3.93548,64,8,17,5
3.74194,70,8,19,2,8
5.80645,68,8,5,18,15
5.22581,86,8,22,9,9,14
5.74194,70,8,13,21,7
5.80645,68,8,3,13,14
4.96774,94,8,15,10,21
5.35484,82,8,5,11,15
5.87097,66,8,10,1,5
5.35484,82,8,1,17,6
3.74194,70,8,4,17
6,62,8,4,7,22
9.74194,70,8,19,18,7,22,5
7.67742,72,8,1,19,22,13
5.93548,64,8,22,17,5
7.54839,76,8,21,19,21,12,21,19,8,7
3.35484,82,8,20,7,8
3.29032,84,8,10,20
4.90323,96,8,8,21,16,9,21
5.87097,66,8,15,9,11
3.6129,74,8,16,2
8,62,8,19,7,22,9
5.80645,68,8,7,7,20,21
9.16129,88,8,1,16,9,18,18,2
7.6129,74,8,12,16,9,1
9.29032,84,8,14,21,14,21,22,20,4
7.48387,78,8,17,17,22,15,3
3.6129,74,8,13,18
3.16129,88,8,7,10,8
7.93548,64,8,21,7,20,2
3.16129,88,8,20,10
3.6129,74,8,13,13,18
5.80645,68,8,4,21,20
7.6129,74,8,1,18,11,12
5.41935,80,8,12,12,17,18
2.96774,94,8,4,5
3.54839,76,8,6,1
3.54839,76,8,9,2
3.35484,82,8,13,1
6,62,8,7,17,21
4,62,8,17,10
3.29032,84,8,22,4,8
3.54839,76,8,13,11
4.96774,94,8,5,8,2,6
7.74194,70,8,21,14,6,13
7.54839,76,8,8,18,15,11,21
5.6129,74,8,6,7,4
5.35484,82,8,7,9,19
5.6129,74,8,12,22,13
5.09677,90,8,8,8,9,22,1
4.70968,102,8,7,2,10
5.29032,84,8,22,3,9
5.74194,70,8,18,12,16
5.54839,76,8,4,14,11
3.87097,66,8,5,14
9.35484,82,8,12,21,7,22,10
8.90323,96,8,11,10,9,16,9,4
7.67742,72,8,18,22,14,16
5.80645,68,8,4,6,22
5.67742,72,8,19,5,14
5.41935,80,8,16,15,11
5.80645,68,8,22,3,19
5.09677,90,8,2,22,10
3.87097,66,8,13,7
8.83871,98,8,19,3,12,20,16
3.09677,90,8,5,4
5.80645,68,8,15,15,1,15,19,8
7.48387,78,8,1,15,18,4
4.96774,94,8,11,5,4
7.03226,92,8,22,17,7,5
5.6129,74,8,22,6,19
7.6129,74,8,12,15,21,17
3.6129,74,8,4,11
3.6129,74,8,17,12
7.6129,74,8,7,14,3,2
4.70968,102,8,6,13,6,9
4,62,8,5,9,9,8
7.16129,88,8,19,22,3,3,10
7.48387,78,8,15,6,13,12
5.80645,68,8,12,13,3
5.35484,82,8,2,2,12,6
3.74194,70,8,10,21
4.3871,112,8,22,16,13
7.67742,72,8,15,19,1,12
5.93548,64,8,6,21,15
6.45161,110,8,19,2,4,16
7.6129,74,8,22,7,17,9
6,62,8,19,20,13
2.83871,98,8,13,16
3.03226,92,8,5,13
5.93548,64,8,15,2,12
3.29032,84,8,2,5
6.06452,122,8,3,8,6,13,10
9.22581,86,8,19,7,22,21,21,10
8,62,8,15,8,15,14,12,13
5.16129,88,8,15,3,17
3.6129,74,8,5,12
5.22581,86,8,2,12,16
5.41935,80,8,16,3,3,15
5.09677,90,8,18,13,17
5.09677,90,8,9,14,10
5.67742,72,8,21,4,11
4,62,8,9,9,7
6,62,8,16,11,9
3.6129,74,8,16,2
5.74194,70,8,14,4,17
3.74194,70,8,13,15
4,62,8,2,11
5.41935,80,8,12,13,12,5
4,62,8,10,22
7.93548,64,8,8,18,4,13,2
3.35484,82,8,13,13,1
5.6129,74,8,17,22,2
7.09677,90,8,16,9,3,3,10
7.16129,88,8,12,14,6,19
5.03226,92,8,11,2,16
3.03226,92,8,5,13
5.6129,74,8,7,12,7,20
6.83871,98,8,1,18,9,21
3.09677,90,8,5,4
5.22581,86,8,12,16,22
3.80645,68,8,13,22
3.67742,72,8,20,6
5.80645,68,8,2,7,14
5.41935,80,8,6,22,6,18
3.87097,66,8,9,21
3.80645,68,8,6,2
5.22581,86,8,5,17,16
5.29032,84,8,9,18,2
7.16129,88,8,22,15,6,3
9.48387,78,8,12,21,15,19,9
3.74194,70,8,13,3
3.41935,80,8,2,16
5.93548,64,8,1,9,21
5.03226,92,8,3,17,1
7.80645,68,8,4,13,20,2
8.77419,100,8,1,11,15,17,3
7.35484,82,8,19,22,1,21
3.6129,74,8,6,3
3.35484,82,8,8,9,4
3.35484,82,8,9,13
5.35484,82,8,15,6,11
5.6129,74,8,14,20,6
11.4194,80,8,14,15,19,22,22,7,7,13
5.35484,82,8,4,7,2
7.48387,78,8,19,17,21,20
6.96774,94,8,3,1,10,20
3.09677,90,8,1,17,8
5.67742,72,8,8,7,14,5
7.35484,82,8,21,20,4,7
7.67742,72,8,12,12,21,1,9
3.35484,82,8,5,6
3.6129,74,8,17,8,18,17
5.67742,72,8,20,13,21
5.29032,84,8,18,5,7
6,62,8,4,4,2,13
3.6129,74,8,16,2
9.09677,90,8,19,18,19,15,3,10
7.87097,66,8,18,15,22,18,10
5.16129,88,8,5,16,2
3.93548,64,8,5,15
3.74194,70,8,5,7
5.22581,86,8,4,22,12
5.29032,84,8,2,15,3
5.22581,86,8,12,16,22
2.96774,94,8,13,9
7.41935,80,8,15,14,22,11
5.48387,78,8,20,2,2,17
7.41935,80,8,21,2,21,17,18
3.09677,90,8,4,9
7.16129,88,8,17,22,18,6
7.41935,80,8,12,14,22,10
3.54839,76,8,6,11
3.6129,74,8,6,3
5.41935,80,8,16,16,15,15,15,1
5.93548,64,8,3,6,22
3.35484,82,8,13,1
7.80645,68,8,22,15,3,1
4,62,8,12,5
7.54839,76,8,18,8,21,22,22,9
5.67742,72,8,8,10,19,19,7
7.22581,86,8,7,21,17,5
4,62,8,4,15
5.03226,92,8,7,21,13,8
7.87097,66,8,7,22,16,22,17
4,62,8,17,10
5.09677,90,8,10,11,13
7.29032,84,8,21,3,14,10
5.74194,70,8,1,6,22
7.22581,86,8,19,16,15,9
5.16129,88,8,17,18,10
5.09677,90,8,19,10,2
5.22581,86,8,2,22,13
7.35484,82,8,11,14,2,18
7.54839,76,8,14,13,21,13,12
5.09677,90,8,14,4,9
3.48387,78,8,16,4
3.87097,66,8,20,19
7.22581,86,8,22,8,22,21,19,6
6,62,8,16,19,21
5.67742,72,8,9,14,22
5.48387,78,8,1,1,16,16,2
6.32258,114,8,7,15,10,20
5.35484,82,8,4,2,19
7.09677,90,8,14,22,4,11
5.35484,82,8,7,9,19
7.80645,68,8,3,9,1,16
9.48387,78,8,14,18,10,9,22
8,62,8,7,15,22,11
5.67742,72,8,15,3,20
3.6129,74,8,4,11
5.03226,92,8,19,5,5,20
4.96774,94,8,9,22,5
7.09677,90,8,21,14,7,21,9
5.29032,84,8,6,13,14
3.6129,74,8,17,2
6.32258,114,8,15,22,13,16
5.09677,90,8,20,3,13
4.96774,94,8,19,2,5
5.22581,86,8,20,20,14,17
3.67742,72,8,20,6
3.87097,66,8,4,18
7.87097,66,8,14,22,2,2,12
8.70968,102,8,19,8,14,18,6,5
7.80645,68,8,14,13,21,15
5.03226,92,8,15,15,1,13
3.80645,68,8,8,2,17
7.48387,78,8,3,16,16,3,14,17
3.87097,66,8,5,14
3.35484,82,8,9,13
5.03226,92,8,3,9,9,4
7.35484,82,8,21,12,7,13
5.87097,66,8,14,17,14,13
4.70968,102,8,7,10,21
5.09677,90,8,4,14,16
7.29032,84,8,8,11,21,18,4
5.87097,66,8,3,20,3,5
6,62,8,19,8,22,20
5.16129,88,8,10,16,18,10
9.09677,90,8,21,4,13,6,19
5.74194,70,8,7,1,16
8.90323,96,8,22,14,21,7,9
7.74194,70,8,1,12,12,11,11,14
5.29032,84,8,15,1,20
7.35484,82,8,8,21,3,21,21,22,1
5.29032,84,8,3,17,4
7.09677,90,8,14,7,13,17
7.03226,92,8,16,22,7,9
4.51613,108,8,15,4,5
5.41935,80,8,17,15,16
3.6129,74,8,4,12,8
4,62,8,21,5
7.93548,64,8,11,7,18,18,22
5.41935,80,8,15,12,17
5.6129,74,8,15,4,14
5.54839,76,8,7,11,10
5.87097,66,8,19,10,19,6
3.03226,92,8,4,10
5.41935,80,8,18,4,19
5.29032,84,8,2,8,10,19
7.35484,82,8,9,18,14,2
5.48387,78,8,8,14,18,20,8
9.74194,70,8,18,12,3,1,19
3.29032,84,8,16,13
2.96774,94,8,13,9
4.83871,98,8,5,11,17
3.80645,68,8,6,2
3.93548,64,8,2,6
5.93548,64,8,15,15,2,12
3.6129,74,8,5,8,14,5
5.87097,66,8,22,12,18
3.74194,70,8,13,3
3.6129,74,8,8,12,4,8
3.80645,68,8,13,22
8.64516,104,8,18,14,15,1,17
7.93548,64,8,19,21,21,18,17
7.87097,66,8,12,21,19,19,21,20
7.6129,74,8,21,15,1,5
3.74194,70,8,13,3
7.03226,92,8,9,18,15,10
3.22581,86,8,8,5,20
5.09677,90,8,8,5,19,2
6.96774,94,8,8,21,19,8,19,19,7,9
3.22581,86,8,2,10
5.48387,78,8,6,21,17
5.93548,64,8,1,20,21
7.22581,86,8,2,21,21,22,4
5.54839,76,8,7,4,3
5.6129,74,8,18,4,15
3.93548,64,8,16,12
5.35484,82,8,6,13,7
3.48387,78,8,17,20
6,62,8,3,2,11
3.93548,64,8,17,6
5.22581,86,8,5,18,9
7.48387,78,8,1,14,4,7
5.35484,82,8,15,2,6
3.74194,70,8,10,12
3.16129,88,8,20,10
3.03226,92,8,4,10
11.4839,78,8,3,18,7,15,14,2
3.87097,66,8,13,7
6.83871,98,8,21,20,2,10
6.90323,96,8,3,8,20,2,9
5.6129,74,8,21,12,5
5.22581,86,8,12,1,17
7.48387,78,8,12,9,10,1
3.29032,84,8,2,5
5.41935,80,8,15,8,4,4,14
5.22581,86,8,12,16,15
5.87097,66,8,12,16,10
9.35484,82,8,12,21,2,20,3
7.80645,68,8,1,1,11,18,2
5.35484,82,8,5,10,6
5.16129,88,8,21,9,22
4.77419,100,8,9,17,1
4.96774,94,8,20,14,5
4,62,8,21,5
3.74194,70,8,6,8,17
5.48387,78,8,16,16,14,2
5.41935,80,8,22,17,11
5.54839,76,8,3,5,22
5.16129,88,8,22,22,11,20
3.6129,74,8,19,20,8
3.03226,92,8,12,17,8
4.90323,96,8,12,9,21
7.16129,88,8,1,5,1,7,3
5.16129,88,8,6,22,5
3.48387,78,8,16,4
5.54839,76,8,3,17,19
5.80645,68,8,10,9,7
3.87097,66,8,17,9
6.77419,100,8,9,8,8,14,11,11,8,9,21
5.74194,70,8,2,4,7
5.87097,66,8,4,20,2
3.35484,82,8,6,9
6.32258,114,8,21,17,21,20,10
5.22581,86,8,9,5,2
6.83871,98,8,20,20,20,2,12,10
7.41935,80,8,21,4,2,18
6,62,8,7,12,18
7.87097,66,8,15,4,15,18,18,19
7.54839,76,8,14,22,16,18
3.6129,74,8,4,11
5.54839,76,8,14,16,21
5.16129,88,8,2,7,16
6.3871,112,8,3,8,11,3,9,13
6,62,8,15,14,13
5.6129,74,8,1,13,1,5
5.80645,68,8,19,6,17
5.87097,66,8,15,3,18
7.41935,80,8,7,21,7,19,17
5.87097,66,8,15,20,20,21
3.48387,78,8,10,6
3.41935,80,8,2,16
6.12903,120,8,11,1,13,5
4,62,8,8,10,22
3.74194,70,8,6,12
3.93548,64,8,17,16
8,62,8,9,16,1,19
4.90323,96,8,11,10,13
6.70968,102,8,22,9,10,21
4.77419,100,8,12,8,6,6,9
3.22581,86,8,6,6,8,11,6
7.35484,82,8,11,19,17,14
3.93548,64,8,17,19
3.93548,64,8,17,6
5.22581,86,8,18,12,13,8
3.93548,64,8,17,6
6.90323,96,8,3,12,8,21,5
3.41935,80,8,6,16
5.87097,66,8,19,10,16,8
4,62,8,6,18
6,62,8,9,22,7
5.87097,66,8,16,8,22,6
5.54839,76,8,14,17,13
5.6129,74,8,12,22,20
3.80645,68,8,6,2
3.35484,82,8,8,20,16
4.96774,94,8,20,7,16
3.87097,66,8,5,14
5.93548,64,8,3,15,10
5.93548,64,8,22,21,1
5.67742,72,8,20,3,19
3.93548,64,8,12,7,8
3.48387,78,8,17,17,20
4.3871,112,8,12,9,13
7.29032,84,8,16,9,17,19
7.41935,80,8,7,8,22,22,18,11
4,62,8,2,18
5.09677,90,8,22,12,16
5.6129,74,8,3,17,10
3.6129,74,8,20,17
6,62,8,14,16,18
4,62,8,12,5
3.87097,66,8,5,22
3.93548,64,8,2,6
3.93548,64,8,5,15
5.54839,76,8,22,1,5
3.35484,82,8,20,7,8
4.70968,102,8,2,13,16
7.22581,86,8,14,4,7,20
4,62,8,12,5
5.93548,64,8,11,1,5,8
5.09677,90,8,21,20,10
7.87097,66,8,19,12,2,14
7.67742,72,8,3,10,3,10,5,18
4.70968,102,8,7,10,21
7.22581,86,8,22,9,10,19
3.6129,74,8,13,18
6.96774,94,8,8,21,8,21,6,4,1
7.16129,88,8,14,1,12,17
3.29032,84,8,5,2
3.93548,64,8,20,11
3.74194,70,8,18,10,8
7.6129,74,8,15,7,2,22
5.22581,86,8,4,14,20
5.48387,78,8,7,17,13
8.90323,96,8,8,14,1,3,8,18,13
3.87097,66,8,20,20,19
5.03226,92,8,16,5,4
2.96774,94,8,4,5
5.22581,86,8,14,6,5
7.6129,74,8,19,22,12,7
7.54839,76,8,14,7,7,16,11
9.22581,86,8,11,9,11,19,19,18,20
8,62,8,1,14,8,7,22
5.93548,64,8,3,7,3,4
7.6129,74,8,14,22,16,19
5.93548,64,8,22,19,9
3.67742,72,8,14,17,8
9.09677,90,8,3,19,14,6,12
4.77419,100,8,12,17,11
5.16129,88,8,19,5,6
3.35484,82,8,13,1
5.80645,68,8,1,15,15,14,1
5.41935,80,8,18,18,1,8,4
5.6129,74,8,8,7,20,7,12
5.35484,82,8,3,10,12
3.93548,64,8,5,8,4
3.29032,84,8,16,13
7.03226,92,8,8,4,8,11,19,2
4.70968,102,8,7,16,6
5.67742,72,8,20,20,12,7
3.93548,64,8,16,12
5.87097,66,8,22,12,18
6,62,8,7,18,6
6.83871,98,8,11,11,7,21,5
7.67742,72,8,12,21,7,7,20
3.6129,74,8,6,3
5.41935,80,8,16,15,20
3.87097,66,8,10,7
6,62,8,19,3,6
5.54839,76,8,20,14,1
3.35484,82,8,5,6
7.54839,76,8,21,11,19,12
5.54839,76,8,11,10,12
5.93548,64,8,18,17,10
4.45161,110,8,8,15,5,20
4.96774,94,8,1,13,17
2.96774,94,8,4,5
3.93548,64,8,17,16
4,62,8,16,21
5.80645,68,8,21,17,6
3.6129,74,8,20,17
4.45161,110,8,11,13,5
4,62,8,2,8,20
3.93548,64,8,2,1
3.74194,70,8,13,15
7.87097,66,8,7,15,17,18
5.93548,64,8,22,17,14
9.16129,88,8,16,9,18,15,20
5.29032,84,8,17,15,10
5.74194,70,8,22,20,12
5.41935,80,8,18,1,1,17
7.16129,88,8,8,11,8,12,22,10
7.93548,64,8,3,8,11,1,17
6,62,8,8,21,1,5
5.87097,66,8,18,11,11,11,7
5.29032,84,8,19,13,11
5.48387,78,8,18,13,7
5.87097,66,8,16,11,18
5.35484,82,8,15,5,15,1
3.35484,82,8,9,13
7.41935,80,8,14,8,22,12,15
7.54839,76,8,19,13,4,20
3.87097,66,8,10,7
4,62,8,16,21
5.48387,78,8,15,16,14
5.29032,84,8,14,20,9
5.16129,88,8,4,20,22
7.09677,90,8,18,19,20,11
5.09677,90,8,5,8,12,10
5.09677,90,8,20,21,9
3.74194,70,8,16,6
7.6129,74,8,8,1,16,14,22
7.74194,70,8,3,1,9,7
3.48387,78,8,17,20
3.54839,76,8,14,13,8
4,62,8,4,15
4,62,8,9,7
7.48387,78,8,21,14,21,1,15
7.22581,86,8,11,9,18,20
5.35484,82,8,14,13,1
5.22581,86,8,20,12,17
5.35484,82,8,10,9,2
3.22581,86,8,2,10
4.96774,94,8,12,17,2
6,62,8,14,6,17
5.54839,76,8,18,4,3
5.80645,68,8,14,8,20,8,10
5.87097,66,8,2,21,3
7.67742,72,8,21,2,4,7
5.93548,64,8,19,17,14
3.80645,68,8,2,17
7.74194,70,8,7,11,1,9
7.67742,72,8,1,11,13,21
5.74194,70,8,11,20,7
4,62,8,2,18
7.67742,72,8,18,20,18,7,14
5.74194,70,8,11,2,15
5.16129,88,8,7,7,10,10,18
7.35484,82,8,8,8,15,18,10,17
5.93548,64,8,1,15,3
5.6129,74,8,11,4,20
6,62,8,19,10,1,8
3.22581,86,8,6,5
7.87097,66,8,19,3,18,16
5.16129,88,8,8,20,13,20,1
6.64516,104,8,14,9,10,13
5.74194,70,8,1,6,22
4.96774,94,8,12,4,4,16
5.48387,78,8,16,22,2
5.16129,88,8,20,15,1
7.03226,92,8,19,9,15,13
4,62,8,10,3
5.22581,86,8,17,15,5
7.29032,84,8,1,9,8,14,20
5.54839,76,8,9,18,16
4.96774,94,8,15,10,21
7.87097,66,8,11,16,5,17
5.93548,64,8,15,17,14
5.67742,72,8,9,19,16
7.80645,68,8,1,7,7,19,18
3.35484,82,8,9,13
7.87097,66,8,1,10,17,22
5.74194,70,8,8,1,20,1,12
7.74194,70,8,15,21,2,3
7.03226,92,8,15,12,2,1
5.29032,84,8,7,1,22
5.03226,92,8,22,6,10
5.35484,82,8,9,3,20
3.22581,86,8,11,11,13,8
7.54839,76,8,1,11,6,13
8.96774,94,8,3,12,18,17,2
5.67742,72,8,5,16,7
5.29032,84,8,6,4,4,19
6.58065,106,8,21,20,21,4,9
7.41935,80,8,1,19,10,18
5.41935,80,8,14,6,16
2.77419,100,8,13,5
4,62,8,17,10
5.16129,88,8,20,14,16
4.3871,112,8,1,4,5
7.67742,72,8,7,22,22,20,12
5.93548,64,8,2,3,12
5.03226,92,8,12,9,7
4,62,8,17,10
3.6129,74,8,8,17,12
6.83871,98,8,21,15,13,17
5.54839,76,8,20,15,17
3.6129,74,8,16,20
7.67742,72,8,11,15,22,3
7.93548,64,8,14,19,22,11
7.16129,88,8,7,22,9,3
5.22581,86,8,15,10,22
7.74194,70,8,18,8,18,14,13,20
3.74194,70,8,6,12
7.03226,92,8,1,14,17,4
7.80645,68,8,14,22,18,20
5.54839,76,8,15,21,5
4.83871,98,8,7,9,21
5.29032,84,8,7,11,2
3.93548,64,8,17,5
7.16129,88,8,18,12,20,17
5.67742,72,8,12,22,16
9.03226,92,8,12,21,12,19,18,2
3.35484,82,8,9,4
3.29032,84,8,6,10
3.41935,80,8,6,16
3.54839,76,8,6,11
6.83871,98,8,3,9,19,13
5.87097,66,8,11,4,6
3.48387,78,8,17,3
7.80645,68,8,8,14,20,21,19
5.16129,88,8,3,7,8,20
3.48387,78,8,16,4
3.6129,74,8,17,2
3.29032,84,8,10,20
3.6129,74,8,5,12
4.96774,94,8,14,4,5
5.80645,68,8,1,2,3
4,62,8,10,3
4,62,8,9,7
5.74194,70,8,11,15,13
6.45161,110,8,3,18,16,13
3.6129,74,8,6,3
7.6129,74,8,8,16,8,5,10,1
6.77419,100,8,7,15,7,11,17
3.93548,64,8,16,12
5.80645,68,8,8,7,1,19
3.80645,68,8,2,17
3.87097,66,8,5,22
5.80645,68,8,21,15,8,18,15
5.41935,80,8,7,8,8,20,3
5.48387,78,8,7,17,13
5.87097,66,8,10,16,3
3.35484,82,8,8,20,16
7.74194,70,8,19,21,22,11
6.64516,104,8,16,9,14,14,9,6
3.48387,78,8,13,13,17
7.09677,90,8,11,12,21,5
7.6129,74,8,19,19,15,15,17,18,8
3.35484,82,8,20,9
4,62,8,10,14
5.67742,72,8,10,15,19
3.93548,64,8,17,5
7.16129,88,8,7,8,3,22,20
4.70968,102,8,3,5,13
5.6129,74,8,22,9,11
5.6129,74,8,4,7,17
3.87097,66,8,10,7
4.90323,96,8,10,16,13
3.29032,84,8,10,2
4.83871,98,8,13,21,13,17
7.29032,84,8,21,14,21,20,17
7.41935,80,8,11,1,11,2,6
7.54839,76,8,12,21,2,15
5.48387,78,8,16,19,6
7.16129,88,8,12,21,1,7
3.35484,82,8,5,6
5.54839,76,8,17,7,12
3.80645,68,8,4,19
3.6129,74,8,6,3
5.87097,66,8,8,15,17,17,9
6,62,8,7,12,18
3.22581,86,8,5,20
3.93548,64,8,17,5
6.70968,102,8,11,20,21,10
7.6129,74,8,22,18,19,17
5.54839,76,8,15,15,22,8,10
3.80645,68,8,20,1
3.54839,76,8,21,17,8
5.74194,70,8,12,19,20
3.93548,64,8,2,6
3.6129,74,8,20,17
5.03226,92,8,20,21,20,17
5.22581,86,8,16,22,10
7.35484,82,8,22,21,20,3
7.6129,74,8,9,16,11,21
4,62,8,10,22
5.54839,76,8,21,13,17
3.6129,74,8,4,11
4,62,8,2,19
4.45161,110,8,15,10,4
5.6129,74,8,1,5,12
3.54839,76,8,17,13
5.80645,68,8,16,3,14
3.54839,76,8,17,13
5.74194,70,8,12,18,8,7
5.22581,86,8,20,3,3,7
3.35484,82,8,20,16
3.48387,78,8,17,20
6.58065,106,8,11,19,9,4
6,62,8,17,15,21
5.22581,86,8,9,15,10
5.74194,70,8,21,6,2
3.03226,92,8,4,10
5.29032,84,8,2,21,16
3.93548,64,8,4,3
3.54839,76,8,6,11
9.48387,78,8,19,15,6,21,20
5.74194,70,8,18,4,20
7.09677,90,8,8,1,2,4,3
5.93548,64,8,22,8,15,6
5.87097,66,8,6,15,19
5.74194,70,8,2,14,11
4,62,8,10,3
5.6129,74,8,13,4,3
6.51613,108,8,12,8,19,16,13
3.67742,72,8,20,6
5.87097,66,8,14,2,1
4.96774,94,8,13,12,9
9.22581,86,8,19,1,15,7,11
5.6129,74,8,1,12,16
5.41935,80,8,20,8,15,2
3.54839,76,8,3,13,8
3.87097,66,8,5,22
9.74194,70,8,9,5,10,19,18
5.54839,76,8,5,11,18
5.80645,68,8,12,1,1,21
5.87097,66,8,4,2,21
6,62,8,5,16,18
7.54839,76,8,8,21,18,16,11
7.29032,84,8,15,14,17,21
5.54839,76,8,6,14,11
5.80645,68,8,3,5,19
5.54839,76,8,21,17,4
5.16129,88,8,20,3,9
3.67742,72,8,20,6
4.96774,94,8,10,15,5
5.74194,70,8,15,18,8,10
7.54839,76,8,3,13,21,20
7.48387,78,8,1,10,17,17,21
5.03226,92,8,15,1,13
4.70968,102,8,11,6,10
5.03226,92,8,5,18,2
5.35484,82,8,22,16,3
7.22581,86,8,5,16,1,7
3.80645,68,8,8,13,14
5.48387,78,8,10,18,1
5.74194,70,8,14,4,17
5.74194,70,8,19,9,9,12
9.41936,80,8,21,15,18,11,11,5
7.41935,80,8,7,22,11,18
7.93548,64,8,21,19,18,11
7.54839,76,8,14,16,11,9
5.29032,84,8,22,3,4
5.67742,72,8,9,19,16
3.87097,66,8,17,9
5.80645,68,8,6,14,19
7.93548,64,8,1,8,3,22,6
3.87097,66,8,8,6,19
5.54839,76,8,15,6,12
3.87097,66,8,9,21
5.29032,84,8,1,13,14
7.74194,70,8,11,12,19,16
7.16129,88,8,7,19,22,22,11
3.54839,76,8,5,5,21
5.48387,78,8,1,20,1,22
4.70968,102,8,13,4,10
5.80645,68,8,15,19,12,8
8.83871,98,8,16,9,5,11,6
5.74194,70,8,9,15,17
5.09677,90,8,20,12,10
5.67742,72,8,4,22,18
4.70968,102,8,5,17,11
3.29032,84,8,16,13
6,62,8,19,3,6
4,62,8,8,21,5
5.48387,78,8,19,19,2,17
8,62,8,11,8,22,17,15
6,62,8,9,18,19
5.48387,78,8,19,17,20
5.16129,88,8,16,3,10
5.54839,76,8,22,22,21,16
7.67742,72,8,14,2,12,1
7.48387,78,8,14,3,18,13
8,62,8,14,22,5,10
5.29032,84,8,1,10,2
5.35484,82,8,18,6,20
5.48387,78,8,10,1,22
7.35484,82,8,21,12,4,3
5.22581,86,8,22,20,11
7.35484,82,8,15,17,18,1
5.87097,66,8,6,7,17
3.35484,82,8,6,9
5.74194,70,8,2,21,17
3.80645,68,8,13,22
5.16129,88,8,16,10,2
7.87097,66,8,16,9,3,11
7.41935,80,8,3,14,11,17
7.35484,82,8,1,21,4,3
7.16129,88,8,18,14,13,11
5.03226,92,8,5,18,2
5.6129,74,8,16,7,17
7.48387,78,8,7,7,15,11,15,7,4
6.19355,118,8,15,18,10,13
7.67742,72,8,22,19,19,7,14
6.70968,102,8,15,18,18,9,6
4,62,8,9,7
5.35484,82,8,22,16,3
5.22581,86,8,11,4,17
5.41935,80,8,21,9,19
5.09677,90,8,21,4,10
6.77419,100,8,11,20,2,16
3.35484,82,8,20,16
4.77419,100,8,17,21,9
7.48387,78,8,12,19,8,18,18,3
7.80645,68,8,18,3,21,12
4,62,8,5,16,8
6,62,8,12,3,10
3.54839,76,8,9,20
5.29032,84,8,13,2,1
5.41935,80,8,22,3,15
5.67742,72,8,20,3,14
7.48387,78,8,7,21,18,10
7.74194,70,8,3,1,18,6
5.29032,84,8,22,3,9
8,62,8,19,12,3,14,12
5.6129,74,8,3,10,22
5.80645,68,8,1,2,7
6.58065,106,8,18,8,3,9,4
5.67742,72,8,18,5,19
7.93548,64,8,15,21,14,20
10.9032,96,8,19,3,21,22,7,9
5.67742,72,8,8,19,17,4
7.87097,66,8,7,15,18,4
5.03226,92,8,8,11,13,1
7.54839,76,8,16,8,19,12,22
3.87097,66,8,6,19
5.93548,64,8,10,16,15
5.54839,76,8,1,14,22,1
3.87097,66,8,13,7
3.93548,64,8,17,6
5.09677,90,8,22,16,21
6.90323,96,8,12,12,3,13,18
4.96774,94,8,10,11,10,10,21
7.87097,66,8,19,21,4,14
5.29032,84,8,21,16,3
3.09677,90,8,4,9
5.29032,84,8,22,10,17
5.87097,66,8,11,4,6
3.35484,82,8,20,9
5.35484,82,8,19,5,21
5.41935,80,8,1,17,10
3.22581,86,8,10,4
9.6129,74,8,21,7,15,1,3
4.77419,100,8,3,13,10
5.87097,66,8,3,10,3,3,20
7.80645,68,8,18,22,11,3
3.74194,70,8,10,12
3.93548,64,8,4,3
7.22581,86,8,10,5,11,20
3.87097,66,8,9,18,8
5.48387,78,8,11,17,18
3.87097,66,8,13,7
3.87097,66,8,17,9
3.29032,84,8,10,20
4,62,8,2,11
5.93548,64,8,5,1,9
5.67742,72,8,22,19,6
4.96774,94,8,3,6,9
5.09677,90,8,18,18,9,20
8.90323,96,8,18,22,14,7,5
5.29032,84,8,12,17,14
3.6129,74,8,5,12
3.80645,68,8,4,19
5.09677,90,8,4,8,9,8,5
5.29032,84,8,4,2,6
7.93548,64,8,3,21,19,16
7.6129,74,8,1,14,3,13
4.77419,100,8,3,13,10
7.22581,86,8,9,18,14,17
3.29032,84,8,3,17,8
5.93548,64,8,19,2,14
4,62,8,2,18
7.48387,78,8,11,1,7,18,11
4,62,8,7,5
3.93548,64,8,17,5
5.80645,68,8,14,16,3
5.80645,68,8,13,4,7
5.48387,78,8,4,6,17
5.67742,72,8,2,21,11
3.87097,66,8,17,9
11.7419,70,8,14,11,1,18,15,19
4.64516,104,8,8,2,4,10
4.32258,114,8,22,13,16
7.74194,70,8,19,1,22,21
5.41935,80,8,2,13,13,11
4.58065,106,8,18,5,13
3.35484,82,8,5,6
4.77419,100,8,8,9,17,11
5.74194,70,8,2,20,11
7.29032,84,8,15,22,15,6,3
4.83871,98,8,14,5,2
