3.93548,64,1,9,20
6.90323,96,1,12,20,21,16
7.48387,78,1,16,8,18,11
4,62,1,15,5
4.77419,100,1,9,7,9,20
6,62,1,20,21,14
5.93548,64,1,18,19,2
5.6129,74,1,1,15,11,9
3.93548,64,1,16,6
7.41935,80,1,16,18,19,5
4.90323,96,1,18,20,17
3.29032,84,1,17,13
5.6129,74,1,9,21,3
3.93548,64,1,7,7,16
5.09677,90,1,15,13,14
5.67742,72,1,21,6,14
7.29032,84,1,14,3,19,13
3.54839,76,1,13,15
3.22581,86,1,20,20,9
7.48387,78,1,7,15,17,6
3.80645,68,1,21,10
2.70968,102,1,4,5
6,62,1,22,19,3
3.35484,82,1,6,6,20
7.74194,70,1,3,21,8,15
4.83871,98,1,19,6,10
5.29032,84,1,1,22,21,16
7.16129,88,1,10,18,22,13
5.54839,76,1,19,20,3
3.54839,76,1,13,15
5.54839,76,1,19,20,3
7.48387,78,1,15,8,11,12
5.87097,66,1,7,12,14
6,62,1,2,12,14
5.29032,84,1,5,3,4
9.03226,92,1,19,3,19,10,9,22
3.35484,82,1,1,17,12
3.41935,80,1,17,8
5.54839,76,1,3,4,18
5.41935,80,1,11,5,6
5.54839,76,1,21,3,22
5.80645,68,1,22,1,11,11,20
5.74194,70,1,12,4,20
4,62,1,6,21
4.90323,96,1,7,12,10
4.64516,104,1,15,1,10,4
5.74194,70,1,5,22,22,21
5.48387,78,1,19,20,15
5.41935,80,1,1,19,5,14
3.80645,68,1,17,21
4.51613,108,1,7,4,16
3.93548,64,1,1,16,6
5.80645,68,1,14,21,7,1
5.80645,68,1,15,17,18
5.80645,68,1,19,16,14
5.87097,66,1,19,16,17
5.29032,84,1,20,13,7
5.41935,80,1,3,18,1,12
3.54839,76,1,6,2
3.6129,74,1,10,20
3.80645,68,1,21,10
8,62,1,1,14,17,14,14,19,8
5.67742,72,1,5,7,21
5.29032,84,1,11,5,20
5.54839,76,1,7,12,7,8
7.22581,86,1,14,12,4,19
5.48387,78,1,16,11,4
7.87097,66,1,21,15,22,2
7.29032,84,1,1,9,19,15,5
5.74194,70,1,16,11,20
3.54839,76,1,6,8
5.67742,72,1,21,11,16
3.74194,70,1,9,4
3.35484,82,1,13,19
5.41936,80,1,12,4,8
3.67742,72,1,17,6
6.96774,94,1,14,11,16,12
4.32258,114,1,18,5,13
3.29032,84,1,17,13
7.93548,64,1,8,3,19,4
6,62,1,3,19,4
5.54839,76,1,19,4,22
7.09677,90,1,7,15,3,16
5.35484,82,1,12,20,17
7.87097,66,1,11,15,8,18
4.90323,96,1,10,12,6
2.64516,104,1,13,16
2.58065,106,1,13,10
7.41935,80,1,10,8,3,7
3.41935,80,1,10,13
8.45161,110,1,3,11,5,9,4
3.48387,78,1,16,13
5.93548,64,1,19,6,4
3.80645,68,1,1,12,5
3.54839,76,1,13,3
7.6129,74,1,9,18,12,19
3.80645,68,1,16,2
5.54839,76,1,12,6,7
5.87097,66,1,5,18,21
5.67742,72,1,9,18,4
2.90323,96,1,4,16
3.41935,80,1,17,17,8
7.67742,72,1,15,18,7,4
3.80645,68,1,20,8
3.67742,72,1,17,19
3.87097,66,1,21,21,9
7.41935,80,1,14,3,3,12,12,9
3.93548,64,1,4,12
6.90323,96,1,19,3,4,17
5.29032,84,1,3,4,3,6
5.48387,78,1,22,6,18
7.6129,74,1,14,18,7,10
5.6129,74,1,8,16,12
6,62,1,19,22,13
4.90323,96,1,6,1,9,21
5.41935,80,1,21,3,5
5.67742,72,1,8,18,1,21
5.87097,66,1,12,1,21,8
7.22581,86,1,19,1,11,13,7
3.80645,68,1,20,18
5.35484,82,1,1,11,13,17
3.41935,80,1,5,4
3.35484,82,1,17,12
3.93548,64,1,13,6
5.22581,86,1,18,9,12
3.93548,64,1,20,20,15
6,62,1,10,9,21
3.54839,76,1,20,6
5.6129,74,1,15,3,21
5.87097,66,1,14,14,4,12
3.35484,82,1,13,8
4,62,1,13,12
5.35484,82,1,16,10,20
3.22581,86,1,17,3
3.54839,76,1,6,8
9.48387,78,1,15,7,14,19,9
4.45161,110,1,14,13,10
5.93548,64,1,1,21,20,13
3.35484,82,1,13,8
7.74194,70,1,18,12,2,4
7.41935,80,1,3,2,4,14
5.41935,80,1,14,1,22,20
3.16129,88,1,6,16
5.35484,82,1,10,17,12
5.29032,84,1,10,7,20
5.87097,66,1,15,1,9,19
5.41935,80,1,11,17,11,22
5.80645,68,1,3,2,2,8
5.93548,64,1,6,22,7
5.54839,76,1,8,6,19
7.87097,66,1,11,22,7,21,22
2.70968,102,1,4,5
4.96774,94,1,17,17,1,9,7
5.16129,88,1,9,1,13,22
3.67742,72,1,17,19
5.22581,86,1,7,8,4
3.74194,70,1,7,5
7.6129,74,1,18,22,19,9
7.09677,90,1,12,2,13,8
3.29032,84,1,17,13
3.67742,72,1,21,5
7.35484,82,1,3,12,20,17
3.6129,74,1,17,9
5.29032,84,1,14,5,18
8.58064,106,1,8,19,18,10,6
5.93548,64,1,10,16,21
7.80645,68,1,9,14,19,22
5.87097,66,1,11,22,3
7.87097,66,1,8,18,22,13
3.80645,68,1,21,10
7.74194,70,1,18,1,11,8,4
3.6129,74,1,10,2
5.87097,66,1,14,3,10
7.6129,74,1,3,11,19,4
5.22581,86,1,8,17,13
4.64516,104,1,18,20,9
5.67742,72,1,18,18,20,21
3.6129,74,1,6,19
5.29032,84,1,2,1,10,15
7.87097,66,1,15,8,19,18
3.93548,64,1,13,6
5.67742,72,1,3,7,11
5.41935,80,1,18,9,10,10,18
7.35484,82,1,15,7,4,22
3.6129,74,1,6,19
6.77419,100,1,11,2,20,5
6.83871,98,1,11,19,6,16
3.80645,68,1,17,21
5.54839,76,1,16,10,6
5.6129,74,1,1,16,15,20
3.29032,84,1,1,2,9
3.54839,76,1,20,6
3.54839,76,1,6,2
3.67742,72,1,13,7
3.80645,68,1,4,22
3.80645,68,1,7,10
3.29032,84,1,17,13
3.93548,64,1,4,12
5.09677,90,1,5,7,5,8
2.77419,100,1,13,9
5.80645,68,1,18,10,9,1
5.87097,66,1,3,4,12
5.67742,72,1,19,2,3
4,62,1,2,15
5.67742,72,1,14,7,5
5.48387,78,1,11,20,17
5.74194,70,1,7,4,6
3.93548,64,1,13,6
4.96774,94,1,14,10,21
3.41935,80,1,10,13
5.6129,74,1,12,22,12,7
3.54839,76,1,13,3
3.6129,74,1,13,22
5.93548,64,1,10,11,18
4,62,1,20,3
5.35484,82,1,10,17,2
7.74194,70,1,19,7,6,13
5.48387,78,1,1,11,21,2,11
3.74194,70,1,20,19
5.09677,90,1,3,10,21
3.80645,68,1,22,5
6,62,1,8,15,10
3.74194,70,1,4,15
5.6129,74,1,6,22,21
5.67742,72,1,6,22,18
3.6129,74,1,10,2
5.29032,84,1,21,22,17,22,17,22,1
7.6129,74,1,7,21,22,6
3.35484,82,1,13,11
7.93548,64,1,21,22,14,19
3.35484,82,1,6,6,3
5.67742,72,1,11,5,12
5.48387,78,1,18,1,3,17
4.90323,96,1,22,6,16
5.16129,88,1,2,7,11
3.35484,82,1,17,2
6,62,1,3,2,14
3.67742,72,1,17,16
5.41935,80,1,7,7,8,7,20
5.80645,68,1,2,12,8
5.93548,64,1,13,2,20
6,62,1,22,14,7
5.74194,70,1,18,4,2
4.96774,94,1,3,9,20
7.09677,90,1,21,18,8,6
3.93548,64,1,20,7
3.6129,74,1,4,18
5.67742,72,1,5,14,11
5.74194,70,1,2,20,15
4,62,1,6,21
5.54839,76,1,10,12,18
4.96774,94,1,19,19,6,16
5.41935,80,1,8,13,13,13,3
3.93548,64,1,2,8
4.70968,102,1,16,12,5
3.93548,64,1,21,16
3.22581,86,1,17,3
6.90323,96,1,16,10,17,11
3.87097,66,1,12,10
7.09677,90,1,8,9,10,6
5.67742,72,1,5,7,21
7.67742,72,1,14,2,21,12
7.22581,86,1,3,9,5,22
5.80645,68,1,12,19,1,8
5.80645,68,1,3,15,4
5.48387,78,1,21,17,19
5.35484,82,1,12,1,22,2
5.35484,82,1,15,3,15,4
5.67742,72,1,10,8,9
3.29032,84,1,13,17
5.03226,92,1,1,2,1,16,12
7.6129,74,1,8,19,17,16
7.74194,70,1,3,22,18,8
5.54839,76,1,22,18,4
3.80645,68,1,16,2
5.74194,70,1,11,22,10
3.93548,64,1,5,12
7.93548,64,1,14,7,17,15
4,62,1,22,3
5.67742,72,1,10,17,14
3.93548,64,1,4,12
7.29032,84,1,8,2,13,15
3.29032,84,1,6,11
5.93548,64,1,12,2,14
3.93548,64,1,13,6
3.6129,74,1,10,20
6,62,1,14,3,4
5.80645,68,1,19,16,3
7.48387,78,1,14,22,18,20
7.35484,82,1,1,9,1,11,4,20
5.03226,92,1,11,7,2,1
5.41935,80,1,15,2,7
3.29032,84,1,6,11
2.64516,104,1,13,16
5.29032,84,1,19,10,21
3.93548,64,1,13,13,20
5.35484,82,1,19,20,11
7.41935,80,1,11,16,15,20
3.35484,82,1,13,11
3.93548,64,1,12,16
5.41935,80,1,1,18,5,19
5.6129,74,1,19,2,19,14,1
7.35484,82,1,1,19,1,21,7,13
3.87097,66,1,7,9
3.80645,68,1,16,20
5.54839,76,1,5,8,9
5.29032,84,1,18,10,22
3.54839,76,1,6,2
4.90323,96,1,20,4,17
4,62,1,9,6
4,62,1,6,6,13
4.25806,116,1,19,1,13,9
6,62,1,9,15,6
5.80645,68,1,14,4,14,2
5.35484,82,1,1,12,22,11
2.58065,106,1,13,10
5.29032,84,1,11,17,8
3.67742,72,1,17,5
9.03226,92,1,3,19,16,10,22
3.67742,72,1,16,4
5.87097,66,1,21,4,7
5.09677,90,1,5,17,17,3
7.41935,80,1,12,19,8,5
3.87097,66,1,20,22
5.54839,76,1,21,22,5
3.93548,64,1,21,16
5.87097,66,1,19,16,15
4.96774,94,1,22,4,17
4.90323,96,1,9,5,7,9
5.03226,92,1,7,11,22
2.58065,106,1,13,5
5.67742,72,1,14,12,20,14
6.45161,110,1,11,4,2,9
7.54839,76,1,14,12,4,20
3.41935,80,1,17,8
4.45161,110,1,15,2,5
5.6129,74,1,17,7,14
5.03226,92,1,6,7,16
5.6129,74,1,2,7,6
6.90323,96,1,9,14,7,7,10
7.41935,80,1,11,18,3,10
8,62,1,9,14,14,19,18
3.80645,68,1,12,5
4,62,1,13,12
8,62,1,12,8,8,14,15
5.16129,88,1,17,15,16
5.41935,80,1,18,12,10
7.87097,66,1,1,11,19,8,13
3.93548,64,1,12,16
7.93548,64,1,19,17,7,22
6.77419,100,1,3,4,6,20
3.80645,68,1,7,10
3.22581,86,1,12,13,1
3.67742,72,1,17,14
5.54839,76,1,7,11,14
5.87097,66,1,12,18,18,9
7.03226,92,1,8,19,16,1,2
5.54839,76,1,8,6,19
4.3871,112,1,2,14,2,5
3.93548,64,1,13,21
7.93548,64,1,8,7,15,11
3.16129,88,1,6,16
7.48387,78,1,3,3,2,12,7
5.93548,64,1,11,6,22
5.03226,92,1,22,2,6
3.22581,86,1,20,16
7.41935,80,1,1,11,21,13,22
3.67742,72,1,17,16
5.35484,82,1,18,17,8
3.67742,72,1,17,6
5.41935,80,1,18,13,18,11
7.35484,82,1,11,21,3,13
5.29032,84,1,18,16,21
7.03226,92,1,8,11,11,21,5
5.87097,66,1,3,16,19
5.35484,82,1,18,4,15
5.35484,82,1,16,3,5
5.67742,72,1,3,22,16
7.93548,64,1,21,18,14,22
3.22581,86,1,17,20
3.22581,86,1,17,3
4.25806,116,1,15,10,2
7.80645,68,1,5,9,8,21
2.96774,94,1,6,5
5.74194,70,1,14,17,21
7.87097,66,1,19,19,11,8,16
7.74194,70,1,10,16,5,22
7.6129,74,1,16,18,12,20
3.54839,76,1,13,15
3.93548,64,1,12,16
4.45161,110,1,4,13,5
7.48387,78,1,16,8,19,17
5.67742,72,1,17,22,19
6,62,1,7,21,13
8,62,1,9,16,10,7
7.80645,68,1,18,22,2,20
7.29032,84,1,21,15,6,15,20
5.87097,66,1,15,14,6
5.67742,72,1,3,21,16
3.74194,70,1,20,1,2
3.54839,76,1,4,8
7.80645,68,1,10,8,8,14,3
3.35484,82,1,1,5,13
5.6129,74,1,4,21,18
3.80645,68,1,1,20,1,22
5.87097,66,1,21,18,16
5.74194,70,1,2,7,18
5.54839,76,1,8,5,14
7.41936,80,1,8,16,19,9
3.87097,66,1,20,22
3.54839,76,1,1,1,13,3
3.67742,72,1,17,19
3.67742,72,1,2,17
2.58065,106,1,13,5
6,62,1,16,5,22
4.32258,114,1,14,5,4
3.67742,72,1,17,6
3.35484,82,1,16,7,1
5.74194,70,1,18,12,18,4
4.64516,104,1,14,9,4
3.16129,88,1,2,5
2.90323,96,1,4,16
3.80645,68,1,20,20,20,8
6,62,1,7,19,3
5.74194,70,1,9,8,5
4.64516,104,1,8,4,5
3.54839,76,1,21,2,1
5.22581,86,1,19,19,13,15
3.80645,68,1,7,10
7.93548,64,1,8,22,21,4
3.80645,68,1,20,18
7.93548,64,1,8,5,9,1,11
3.93548,64,1,1,13,6
3.29032,84,1,2,16
3.67742,72,1,2,17
4.96774,94,1,21,20,9
2.64516,104,1,13,16
4,62,1,12,9
4.96774,94,1,3,16,2
3.03226,92,1,6,10
2.83871,98,1,4,9
3.35484,82,1,5,13
5.41935,80,1,18,4,14
3.74194,70,1,9,4
3.67742,72,1,17,14
5.74194,70,1,10,8,22
7.6129,74,1,14,15,11,19
6.51613,108,1,14,11,11,10,6
3.93548,64,1,5,12
9.41936,80,1,8,11,19,3,16
7.22581,86,1,19,22,2,15
3.6129,74,1,4,18
5.87097,66,1,21,8,22
5.41935,80,1,9,18,9,21
5.54839,76,1,3,3,13,14
5.93548,64,1,5,17,15
3.54839,76,1,4,8
3.87097,66,1,5,21
3.6129,74,1,8,2,1
4.3871,112,1,15,20,10
4,62,1,12,17
3.41935,80,1,13,18
5.93548,64,1,3,14,1,10
3.35484,82,1,6,3
4.90323,96,1,1,19,9,13
5.6129,74,1,18,16,15
3.67742,72,1,16,4
5.67742,72,1,12,18,4
5.09677,90,1,21,17,13
7.48387,78,1,14,21,13,15
3.29032,84,1,2,16
5.03226,92,1,7,3,10
7.35484,82,1,15,12,15,7,13
3.6129,74,1,17,9
7.48387,78,1,15,7,20,21
3.93548,64,1,9,20
5.67742,72,1,18,17,17,18,9
5.03226,92,1,17,22,5
5.93548,64,1,14,21,16
7.74194,70,1,19,8,7,12
5.48387,78,1,5,16,2
3.80645,68,1,12,5
7.87097,66,1,11,16,16,5,3
4.12903,120,1,22,16,13
5.54839,76,1,12,7,3
7.29032,84,1,11,11,5,11,5,9,20
5.54839,76,1,21,21,20,8
4.58065,106,1,22,16,6
4.12903,120,1,18,13,10
5.67742,72,1,19,9,22
3.80645,68,1,6,14
5.48387,78,1,1,19,2,8
3.93548,64,1,12,16
3.35484,82,1,17,12
5.48387,78,1,14,9,3
4.96774,94,1,14,6,10
7.16129,88,1,21,2,4,3
7.16129,88,1,10,17,15,9
5.54839,76,1,22,22,12,13
6,62,1,18,18,7,13
3.67742,72,1,17,6
5.87097,66,1,21,6,13
5.74194,70,1,1,11,16,6
5.67742,72,1,22,14,2
3.93548,64,1,20,20,15
3.22581,86,1,11,13,1
4,62,1,6,13
4,62,1,22,20
3.54839,76,1,5,20
4.90323,96,1,19,9,13
7.54839,76,1,19,1,21,12,11
6,62,1,9,21,21,14
6.90323,96,1,3,8,9,2
5.29032,84,1,18,21,5
5.29032,84,1,3,2,4,3
5.22581,86,1,9,17,20
7.29032,84,1,16,8,11,20
6.58065,106,1,3,9,16,13
5.41935,80,1,21,6,8
5.16129,88,1,18,4,19
6.96774,94,1,7,14,22,10
3.80645,68,1,12,5
5.87097,66,1,3,18,4
5.74194,70,1,22,21,17
5.74194,70,1,21,22,3
3.93548,64,1,13,21
3.03226,92,1,6,10
5.22581,86,1,2,7,13
7.80645,68,1,7,21,22,18
5.87097,66,1,7,6,13
5.80645,68,1,18,6,22
3.35484,82,1,5,13
5.87097,66,1,9,16,20
3.74194,70,1,9,4
7.87097,66,1,10,16,8,21
7.67742,72,1,21,15,15,22,11
3.80645,68,1,17,18
3.93548,64,1,13,21
3.80645,68,1,16,2
5.54839,76,1,11,21,5
6,62,1,8,16,15
7.87097,66,1,10,9,14,7
3.6129,74,1,10,10,2
5.6129,74,1,1,22,14,6
3.48387,78,1,4,17
5.41935,80,1,18,9,22
3.74194,70,1,6,18
3.54839,76,1,4,19
5.29032,84,1,2,4,19
7.41935,80,1,12,8,14,13
7.22581,86,1,19,3,4,14
5.87097,66,1,3,18,20
3.41935,80,1,5,4
5.6129,74,1,10,11,20
5.80645,68,1,22,15,10
5.93548,64,1,11,12,16
6,62,1,1,9,22,14
3.87097,66,1,4,7
3.09677,90,1,2,10
7.22581,86,1,22,14,21,14,16
3.03226,92,1,6,10
5.87097,66,1,3,18,4
4.12903,120,1,15,13,16
3.74194,70,1,6,18
5.41935,80,1,5,3,15
5.74194,70,1,7,19,16
5.80645,68,1,10,14,11
5.48387,78,1,11,20,17
5.67742,72,1,22,17,6
3.29032,84,1,17,13
5.67742,72,1,18,20,21
5.80645,68,1,19,20,21
3.87097,66,1,2,19
5.22581,86,1,3,9,3,17
3.67742,72,1,17,19
5.6129,74,1,10,12,21
5.03226,92,1,18,12,4,18
2.96774,94,1,6,5
3.80645,68,1,20,11
3.93548,64,1,12,16
5.29032,84,1,6,4,14
6,62,1,8,16,22
5.93548,64,1,19,3,10
5.48387,78,1,16,5,6
7.16129,88,1,5,9,14,14,9,22
7.74194,70,1,18,7,2,13
3.54839,76,1,20,6
5.54839,76,1,5,18,9
3.6129,74,1,6,19
3.54839,76,1,4,8
6.25806,116,1,21,2,13,5
5.48387,78,1,3,16,7
3.16129,88,1,17,11
3.93548,64,1,22,9
8.83871,98,1,7,22,15,6,20
2.90323,96,1,4,16
5.80645,68,1,8,8,5,19
5.6129,74,1,22,17,9
3.48387,78,1,6,12
3.22581,86,1,17,20
6,62,1,9,15,15,8
7.6129,74,1,18,1,11,8,13
6,62,1,11,10,22
3.87097,66,1,7,9
5.93548,64,1,14,19,13
5.74194,70,1,21,18,10
3.54839,76,1,13,15
3.74194,70,1,7,5
5.67742,72,1,3,16,22
5.09677,90,1,16,1,18,3,16
9.16129,88,1,14,19,1,8,3,9
3.54839,76,1,21,2,1
3.67742,72,1,17,6
5.35484,82,1,15,20,14
3.93548,64,1,9,2
7.41935,80,1,8,15,19,13
7.54839,76,1,12,8,3,7
4.45161,110,1,22,16,2
5.35484,82,1,7,17,17,8
7.41935,80,1,11,12,2,20,11
3.35484,82,1,1,19,2,1
4.90323,96,1,15,3,17
7.16129,88,1,8,4,13,11
7.87097,66,1,19,14,7,20
3.54839,76,1,13,15
3.03226,92,1,20,10
7.67742,72,1,8,14,3,6
7.80645,68,1,18,14,15,16
7.6129,74,1,19,12,20,4
5.35484,82,1,4,2,7
4.90323,96,1,15,9,21
4.32258,114,1,22,4,9
5.74194,70,1,8,12,10
3.6129,74,1,13,14
7.41935,80,1,19,14,20,22
3.35484,82,1,13,8
5.16129,88,1,14,5,3
3.93548,64,1,20,7
5.87097,66,1,11,10,7
4.45161,110,1,14,13,10
5.67742,72,1,16,21,19
5.16129,88,1,4,2,8
9.67742,72,1,3,21,15,7,4
4,62,1,12,9
3.35484,82,1,5,13
7.93548,64,1,10,5,18,8
4.51613,108,1,14,10,2
7.87097,66,1,19,14,7,13
6.90323,96,1,1,5,8,19,13
3.09677,90,1,6,9
3.87097,66,1,2,11
7.41935,80,1,18,22,7,18,22,3
5.67742,72,1,16,14,2
5.35484,82,1,21,4,21,9
5.54839,76,1,10,8,2
5.93548,64,1,14,22,3
5.93548,64,1,9,1,8,18,9
3.48387,78,1,20,20,17
5.67742,72,1,10,17,6
5.54839,76,1,9,19,13
5.6129,74,1,3,16,14
5.93548,64,1,15,16,5
7.80645,68,1,15,14,21,3
7.80645,68,1,1,12,21,14,18,21
7.41935,80,1,19,7,8,16
5.87097,66,1,2,14,8
5.67742,72,1,1,18,3,9
7.6129,74,1,8,16,18,12
3.67742,72,1,16,4
5.35484,82,1,1,2,12,2,18
5.87097,66,1,1,5,15,14
5.93548,64,1,12,21,11
4.83871,98,1,15,11,6
5.48387,78,1,11,9,1,4
3.93548,64,1,16,6
3.29032,84,1,2,9
7.35484,82,1,14,18,5,19
5.80645,68,1,21,13,4,21
7.22581,86,1,2,12,3,15
5.67742,72,1,17,22,14
5.87097,66,1,18,8,5
5.48387,78,1,16,3,4
7.29032,84,1,12,19,18,4
7.48387,78,1,3,12,22,16
5.74194,70,1,16,11,2
5.54839,76,1,22,18,22,11
7.29032,84,1,14,15,9,8
8,62,1,18,12,13,4
3.6129,74,1,5,2
3.87097,66,1,18,1,17
5.6129,74,1,3,7,7,3,13
5.03226,92,1,19,13,13,8
8.25807,116,1,3,21,20,2,10
7.29032,84,1,21,19,7,2
7.03226,92,1,14,3,20,19
7.48387,78,1,8,16,5,14
5.6129,74,1,7,18,4
3.09677,90,1,2,10
6.96774,94,1,15,18,12,10
5.35484,82,1,12,22,9
4,62,1,1,1,2,15
3.29032,84,1,17,13
4,62,1,20,14
3.74194,70,1,9,13
3.29032,84,1,13,17
7.87097,66,1,12,2,21,21,15
3.54839,76,1,4,8
5.54839,76,1,8,5,5,22
5.80645,68,1,22,15,10
5.41935,80,1,17,15,8
7.67742,72,1,9,10,11,7
2.90323,96,1,4,16
5.74194,70,1,22,6,13
3.80645,68,1,4,22
3.35484,82,1,17,2
3.80645,68,1,7,10
5.35484,82,1,9,11,9,20
5.41935,80,1,8,13,15
5.6129,74,1,21,1,11,17
3.93548,64,1,21,12,1
5.54839,76,1,10,10,8,5
3.80645,68,1,6,14
5.67742,72,1,9,22,4
5.41935,80,1,8,4,17
6,62,1,8,17,7
3.48387,78,1,20,17
3.35484,82,1,13,19
5.41935,80,1,3,21,5
3.09677,90,1,6,9
3.6129,74,1,6,19
3.41935,80,1,17,4
5.93548,64,1,8,12,6
2.70968,102,1,4,5
5.09677,90,1,5,22,10
4.19355,118,1,15,10,4
5.41935,80,1,7,6,6,6,8
3.6129,74,1,10,20
5.48387,78,1,20,2,6
4.77419,100,1,1,17,15,17,13
5.09677,90,1,14,3,2,1
4,62,1,20,14
3.67742,72,1,13,7
5.09677,90,1,5,22,7,1
5.54839,76,1,21,11,10
5.54839,76,1,9,11,12,1
5.29032,84,1,12,12,21,5
3.16129,88,1,2,5
5.54839,76,1,5,9,20
5.67742,72,1,7,3,14
5.6129,74,1,16,17,6
7.09677,90,1,16,15,7,5
7.16129,88,1,19,9,16,6
6,62,1,21,4,21,3
5.35484,82,1,5,9,13
3.67742,72,1,7,1,6
9.48387,78,1,3,18,19,8,9
3.80645,68,1,6,14
5.6129,74,1,11,5,21
5.6129,74,1,3,6,15
7.54839,76,1,9,15,9,15,19,16
9.80645,68,1,8,3,12,20,14
7.93548,64,1,7,21,7,18,19
5.67742,72,1,15,4,2
3.35484,82,1,17,2
3.93548,64,1,7,16
4,62,1,20,3
5.67742,72,1,16,5,16,6
6.64516,104,1,8,16,5,13
3.74194,70,1,6,17
5.41935,80,1,5,3,3,15
3.54839,76,1,6,8
5.74194,70,1,3,22,4
5.22581,86,1,14,9,12
5.93548,64,1,8,22,3
7.80645,68,1,14,8,15,12
5.29032,84,1,21,21,20,6
3.93548,64,1,21,16
9.35484,82,1,11,11,3,11,22,15,10
5.6129,74,1,14,17,6
5.54839,76,1,8,13,7
5.29032,84,1,18,5,16,18
3.09677,90,1,2,10
5.6129,74,1,14,9,18
5.67742,72,1,21,8,2
5.80645,68,1,10,18,11
5.87097,66,1,3,15,19,3
5.22581,86,1,22,8,5
5.87097,66,1,3,11,3,17
3.74194,70,1,20,19
3.16129,88,1,2,5
3.93548,64,1,16,6
5.09677,90,1,2,3,13
3.93548,64,1,22,11
5.03226,92,1,22,2,6
3.87097,66,1,4,7
5.80645,68,1,1,12,22,6
5.93548,64,1,9,7,14
4,62,1,20,14
4.64516,104,1,12,13,5
2.90323,96,1,4,16
5.74194,70,1,14,17,18
3.93548,64,1,20,15
5.22581,86,1,3,10,7
4,62,1,6,13
3.80645,68,1,21,1,6
3.80645,68,1,20,18
7.67742,72,1,3,15,22,16
3.48387,78,1,4,17
3.80645,68,1,20,20,18
3.93548,64,1,22,9
5.29032,84,1,19,17,13
5.80645,68,1,16,1,8,1,1,16,12
5.93548,64,1,14,11,14,13
5.22581,86,1,5,3,3,13
2.64516,104,1,1,13,16
5.41935,80,1,9,22,10
3.6129,74,1,5,14,1
5.87097,66,1,12,12,3,13
3.54839,76,1,13,15
7.54839,76,1,21,3,8,16
5.80645,68,1,14,4,7
3.6129,74,1,13,14
5.41935,80,1,15,17,8
5.48387,78,1,19,21,5
3.22581,86,1,20,9
5.41935,80,1,16,3,13
7.48387,78,1,11,2,11,14,14,6
4.70968,102,1,1,4,13,4,16
3.93548,64,1,22,11
7.93548,64,1,12,11,12,14,21
3.35484,82,1,6,20
3.48387,78,1,20,17
6.77419,100,1,22,17,7,5
5.22581,86,1,15,16,3
3.67742,72,1,17,5
3.48387,78,1,20,17
5.6129,74,1,20,2,8
5.22581,86,1,8,17,13
5.41935,80,1,3,22,5
5.93548,64,1,8,5,11
7.41935,80,1,18,7,19,17
4.83871,98,1,18,9,20
7.35484,82,1,21,19,22,8
3.22581,86,1,17,3
7.6129,74,1,3,19,22,13
3.54839,76,1,13,15
3.80645,68,1,12,5
5.48387,78,1,5,10,20
7.54839,76,1,11,12,7,13
5.54839,76,1,21,22,5
6.77419,100,1,19,9,1,11,6
5.09677,90,1,7,13,15
3.80645,68,1,22,5
3.80645,68,1,4,22
3.35484,82,1,4,11
3.54839,76,1,13,3
3.80645,68,1,4,22
4.83871,98,1,12,13,9
5.67742,72,1,21,6,14
7.35484,82,1,1,12,15,18,6
5.41935,80,1,16,3,13
3.35484,82,1,13,11
5.87097,66,1,16,19,1,8
3.74194,70,1,14,10,1
3.87097,66,1,2,11
5.48387,78,1,1,21,13,15
4.25806,116,1,6,4,10
3.80645,68,1,12,5
5.67742,72,1,9,17,14
4.96774,94,1,22,1,9,6
4,62,1,22,20
5.6129,74,1,1,15,8,9
3.74194,70,1,20,1,2
3.93548,64,1,22,11
3.80645,68,1,7,10
5.6129,74,1,9,7,12
7.67742,72,1,8,16,9,11,1,9
7.22581,86,1,19,14,9,22
5.6129,74,1,1,2,12,2,3
5.22581,86,1,11,17,12
5.74194,70,1,3,9,8
3.87097,66,1,22,10
5.09677,90,1,11,17,3
3.29032,84,1,17,13
6,62,1,11,13,21
3.93548,64,1,20,7
6,62,1,18,8,9
5.6129,74,1,8,5,1,9
5.67742,72,1,21,14,21,16
7.67742,72,1,11,8,11,5,15
3.80645,68,1,10,6
7.48387,78,1,11,11,8,5,3
6.70968,102,1,18,19,19,17,17,20
3.29032,84,1,2,16
5.09677,90,1,16,17,11
9.29032,84,1,18,15,17,22,2
4.83871,98,1,2,20,20,5
3.80645,68,1,6,14
5.87097,66,1,18,6,18,21
5.35484,82,1,8,1,5,6
5.22581,86,1,3,10,7
5.54839,76,1,9,22,13
3.87097,66,1,2,11
5.16129,88,1,1,2,14,16
5.74194,70,1,2,14,15
4,62,1,20,14
5.67742,72,1,5,14,22
7.80645,68,1,8,9,16,14
7.41935,80,1,1,8,18,6,17
9.16129,88,1,16,9,3,8,20
3.67742,72,1,17,19
5.29032,84,1,10,17,13
5.41935,80,1,10,12,11
7.67742,72,1,15,7,4,21
4.45161,110,1,14,13,5
5.54839,76,1,22,8,15
3.41935,80,1,5,4
5.29032,84,1,3,16,12
3.67742,72,1,17,16
7.22581,86,1,15,18,3,16
3.22581,86,1,17,3
3.35484,82,1,19,2,1
3.74194,70,1,1,7,5
3.93548,64,1,18,1,6
5.35484,82,1,19,13,7
3.6129,74,1,13,14
5.6129,74,1,18,17,19
5.48387,78,1,18,2,14
7.80645,68,1,14,15,12,12,12,18
3.87097,66,1,22,10
5.93548,64,1,9,8,22
5.67742,72,1,22,22,22,22,19,19,9
5.16129,88,1,7,13,14
3.22581,86,1,17,3
3.54839,76,1,13,15
5.67742,72,1,19,21,9
11.4839,78,1,11,3,21,12,14,12,19
4.64516,104,1,1,19,4,16
3.03226,92,1,20,10
3.80645,68,1,22,5
5.54839,76,1,14,10,11
5.93548,64,1,11,17,15
5.35484,82,1,15,18,18,1,12
3.87097,66,1,5,21
3.67742,72,1,2,17
5.29032,84,1,8,5,12
5.80645,68,1,20,12,2
4,62,1,22,3
3.48387,78,1,6,1,20
5.16129,88,1,15,6,20
7.6129,74,1,11,21,20,14
5.6129,74,1,10,12,21
3.87097,66,1,5,21
4,62,1,2,15
7.54839,76,1,14,19,9,8
5.03226,92,1,22,8,22,5
5.48387,78,1,9,9,7,3
3.35484,82,1,13,11
7.35484,82,1,16,9,15,5
7.54839,76,1,11,9,1,8,5
6,62,1,14,5,14,8
5.93548,64,1,3,18,5
3.80645,68,1,16,16,2
4.83871,98,1,22,6,9
5.09677,90,1,20,4,3
5.41935,80,1,11,11,4,17
9.09677,90,1,11,19,3,20,22
8,62,1,9,5,10,5,7
5.93548,64,1,19,1,5,17
5.09677,90,1,3,14,20,1
4.3871,112,1,15,9,4
4.96774,94,1,3,6,20
6,62,1,18,15,13
6,62,1,12,3,7
5.6129,74,1,9,7,4
5.09677,90,1,2,21,9
5.22581,86,1,6,7,7,7,3
3.80645,68,1,7,10
7.80645,68,1,19,14,22,16
7.16129,88,1,19,7,8,20
3.80645,68,1,4,22
5.93548,64,1,9,21,21,15
5.03226,92,1,7,3,5
4,62,1,6,15
5.6129,74,1,4,21,18
3.74194,70,1,17,10
5.87097,66,1,22,6,7
7.35484,82,1,3,8,7,5
5.87097,66,1,14,15,18,15,1
5.48387,78,1,21,21,18,13
4.51613,108,1,7,20,16
7.09677,90,1,15,19,22,10
3.48387,78,1,16,13
4.96774,94,1,9,22,9,6
3.80645,68,1,20,18
5.87097,66,1,7,22,11
4.90323,96,1,19,9,4
3.93548,64,1,4,12
7.80645,68,1,3,19,7,8
7.35484,82,1,21,21,14,21,2,18
