7.41935,80,13,7,12,7,22,8
5.74194,70,13,12,12,19,4
7.93548,64,13,12,13,7,22,21
3.48387,78,13,11,4
3.6129,74,13,9,11
2.90323,96,13,9,21
2,62,13,10
3.67742,72,13,19,20
4.96774,94,13,6,3,10
3.80645,68,13,11,7
2,62,13,5
5.67742,72,13,15,3,19
4,62,13,8,8,8,22
5.29032,84,13,12,17,14
7.6129,74,13,6,13,13,14,8,14,11
2,62,13,10
6,62,13,12,3,5
3.09677,90,13,6,19,13
3.87097,66,13,19,5
4,62,13,11,5
2,62,13,10
5.35484,82,13,15,4,12
5.54839,76,13,18,17,15
5.22581,86,13,6,20,14
2,62,13,10
6,62,13,11,9,5
2,62,13,10
2,62,13,5
7.09677,90,13,13,2,19,1,7
3.35484,82,13,17,20
4.83871,98,13,12,10,7
4,62,13,22,11
5.80645,68,13,21,2,18
7.87097,66,13,7,22,22,15,21,21,13
3.93548,64,13,17,18
3.54839,76,13,17,8
5.22581,86,13,6,17,2
3.48387,78,13,17,2
5.09677,90,13,13,7,6,16
3.74194,70,13,1,21
4,62,13,2,2,16
3.74194,70,13,11,2
5.03226,92,13,19,21,16
3.67742,72,13,6,5
4.96774,94,13,6,3,5
3.87097,66,13,21,5
3.41935,80,13,9,19
5.41935,80,13,7,8,2
3.80645,68,13,11,7
5.87097,66,13,14,1,10
2.96774,94,13,11,13,9
3.35484,82,13,11,17
4,62,13,6,1
4.45161,110,13,22,4,16
7.67742,72,13,20,13,12,3,2
3.80645,68,13,8,5
2,62,13,5
3.80645,68,13,6,9
2,62,13,10
2.83871,98,13,19,1,13
5.80645,68,13,18,1,8
3.74194,70,13,8,20
5.87097,66,13,15,22,20
3.22581,86,13,9,3
3.41935,80,13,2,18,13
7.80645,68,13,7,15,18,10
5.48387,78,13,14,3,5
3.67742,72,13,3,6
3.22581,86,13,9,3
5.6129,74,13,21,3,5
3.54839,76,13,1,22
3.80645,68,13,16,10
3.80645,68,13,17,6
5.54839,76,13,20,6,7
5.6129,74,13,20,1,16
4.96774,94,13,18,16,7
2,62,13,5
5.16129,88,13,22,16,3
6.96774,94,13,4,22,12,6
5.48387,78,13,14,1,7
5.6129,74,13,18,22,22,2
7.87097,66,13,20,12,21,2
4,62,13,21,21,10
5.09677,90,13,7,13,6,6,11
5.29032,84,13,13,6,17,8
5.67742,72,13,22,12,2
2,62,13,5
3.16129,88,13,16,15
5.87097,66,13,3,18,8
3.41935,80,13,11,6
5.67742,72,13,1,3,14
7.22581,86,13,2,1,9,18
5.74194,70,13,2,7,16
5.87097,66,13,20,7,19
3.80645,68,13,2,10
5.6129,74,13,14,6,22
5.48387,78,13,14,22,11
3.74194,70,13,11,2
5.67742,72,13,19,12,2
3.48387,78,13,17,2
4.25806,116,13,9,10,20
2,62,13,10
3.67742,72,13,8,4
6.83871,98,13,7,15,3,6
2,62,13,13,5
2,62,13,5
5.22581,86,13,22,21,4,22
5.6129,74,13,15,14,9
6.96774,94,13,2,22,18,15,15,15,18,13
5.48387,78,13,22,6,22,3
4,62,13,9,5
5.6129,74,13,12,20,6
2,62,13,10
3.22581,86,13,1,4
3.09677,90,13,13,16,3
2,62,13,5
5.35484,82,13,6,12,22
5.22581,86,13,8,3,17
4,62,13,12,5
3.74194,70,13,8,20
4.51613,108,13,15,9,9,6
5.80645,68,13,21,21,13,22,6
5.41935,80,13,11,14,4
3.80645,68,13,17,19
5.93548,64,13,6,7,3
5.74194,70,13,11,11,19,1
5.67742,72,13,14,3,7
4,62,13,3,13,22
3.80645,68,13,13,18,4
4.83871,98,13,21,16,12
7.67742,72,13,6,21,2,12
3.67742,72,13,19,4
3.87097,66,13,3,10
7.48387,78,13,6,18,7,19
5.67742,72,13,6,18,16
4.77419,100,13,7,11,6
5.22581,86,13,14,20,22
3.35484,82,13,16,19
7.22581,86,13,8,3,19,5
3.6129,74,13,13,3,17
3.48387,78,13,13,17,12
3.35484,82,13,17,3
3.87097,66,13,6,16
5.48387,78,13,2,3,11,2
5.41935,80,13,19,7,2
2,62,13,5
5.80645,68,13,12,8,20
5.6129,74,13,21,18,21,16
2,62,13,5
2,62,13,10
5.67742,72,13,2,11,15
4,62,13,22,11
5.35484,82,13,11,12,1
3.74194,70,13,13,1,21
5.80645,68,13,18,12,18,21
5.16129,88,13,12,13,12,2,5
3.67742,72,13,19,4
5.16129,88,13,21,20,9
5.03226,92,13,8,1,17
7.09677,90,13,13,12,1,19,6
7.54839,76,13,12,19,11,10
4,62,13,3,9
5.67742,72,13,15,22,5
3.93548,64,13,22,10
3.67742,72,13,7,13,1
3.87097,66,13,7,13,19
6.83871,98,13,4,8,12,16
4,62,13,3,22
5.09677,90,13,13,7,3,10
5.03226,92,13,22,16,7
7.80645,68,13,6,7,15,20
3.16129,88,13,7,3,3,13
7.41935,80,13,21,21,7,2,14
2,62,13,5
5.74194,70,13,15,12,2
4,62,13,21,10
5.16129,88,13,1,8,6
4,62,13,11,10
5.03226,92,13,22,4,17
4.83871,98,13,14,16,21
6,62,13,22,15,1
4.83871,98,13,14,9,12
2.96774,94,13,16,7
4,62,13,6,11
3.67742,72,13,6,6,5
2,62,13,10
6,62,13,3,1,19
4.96774,94,13,7,7,13,6,16
3.80645,68,13,11,7
3.35484,82,13,11,17
5.29032,84,13,19,22,3
5.09677,90,13,21,2,5
3.74194,70,13,19,6
5.80645,68,13,18,21,19
3.93548,64,13,7,9
3.22581,86,13,9,3
3.74194,70,13,8,20
3.87097,66,13,2,5
2.58065,106,13,9,2
3.22581,86,13,9,9,14
3.80645,68,13,18,20
4,62,13,15,13,22
5.93548,64,13,18,19,7
5.93548,64,13,4,13,3,20
5.80645,68,13,7,18,10
5.74194,70,13,22,12,21
4.51613,108,13,20,6,9
5.48387,78,13,8,3,10
5.48387,78,13,15,12,1
7.48387,78,13,2,12,8,20
2.83871,98,13,16,21
3.93548,64,13,11,21
5.93548,64,13,14,19,10
2,62,13,10
2.90323,96,13,9,21
4,62,13,7,16
3.87097,66,13,4,5
4,62,13,22,9
3.09677,90,13,21,1,13
3.87097,66,13,19,5
7.6129,74,13,6,4,6,7,8
4.77419,100,13,15,3,17
5.80645,68,13,4,19,17
5.22581,86,13,9,10,19
3.87097,66,13,3,5
2,62,13,10
5.22581,86,13,1,19,10
4,62,13,22,9
2,62,13,10
3.93548,64,13,22,10
5.93548,64,13,20,13,22,21
4.90323,96,13,19,1,4
3.22581,86,13,1,4
4.32258,114,13,19,16,4
2,62,13,10
7.09677,90,13,13,12,3,8,12,9
2.3871,112,13,9,4
3.80645,68,13,2,10
6.45161,110,13,21,6,4,16
7.16129,88,13,2,19,3,16
3.80645,68,13,17,16
5.48387,78,13,20,18,18,9
7.6129,74,13,21,2,2,7,14
2,62,13,5
5.54839,76,13,21,16,1
6,62,13,13,15,8,1
7.6129,74,13,2,1,3,14
5.48387,78,13,11,8,5
3.22581,86,13,9,3
5.6129,74,13,21,17,9
2,62,13,10
2,62,13,5
3.87097,66,13,19,17
4,62,13,8,22
5.74194,70,13,15,13,21,20
3.74194,70,13,8,20
3.6129,74,13,9,11
7.87097,66,13,12,11,16,16,5
4,62,13,3,16
5.22581,86,13,21,17,3
4,62,13,4,9
2,62,13,5
3.54839,76,13,13,1,22
2.58065,106,13,13,9,20
3.80645,68,13,16,16,10
2,62,13,5
5.48387,78,13,15,11,9
4,62,13,8,22
2,62,13,10
5.16129,88,13,21,16,14
7.29032,84,13,15,18,8,2
5.87097,66,13,2,15,3
5.54839,76,13,11,13,21,20
2,62,13,13,5
5.87097,66,13,20,7,19
3.67742,72,13,3,6
5.54839,76,13,2,18,20
5.80645,68,13,4,7,10
7.6129,74,13,13,4,21,8,17
7.80645,68,13,6,15,7,2
5.16129,88,13,21,1,1,4
7.6129,74,13,20,3,12,8
3.87097,66,13,2,5
4,62,13,3,13,14
4.45161,110,13,18,16,20
5.48387,78,13,6,13,21,16
5.67742,72,13,14,8,4
3.87097,66,13,19,5
6,62,13,2,19,7
7.80645,68,13,2,15,14,11
2,62,13,10
2,62,13,5
5.93548,64,13,3,2,20
3.29032,84,13,17,11
5.80645,68,13,8,19,16
9.48387,78,13,2,20,2,4,6,14
5.87097,66,13,12,2,11
3.74194,70,13,19,2
3.74194,70,13,9,1
3.54839,76,13,17,8
7.16129,88,13,19,18,14,10
5.74194,70,13,21,3,16
5.22581,86,13,8,15,16
2,62,13,5
4.90323,96,13,22,12,16
4.32258,114,13,22,4,10
5.80645,68,13,22,6,21
2.96774,94,13,16,7
2.96774,94,13,15,13,10
3.41935,80,13,16,11
3.22581,86,13,1,4
3.54839,76,13,3,14,13
3.16129,88,13,18,3,13
3.54839,76,13,20,5
4.83871,98,13,3,20,6
5.87097,66,13,4,11,16
7.74194,70,13,2,21,20,4
3.87097,66,13,1,18
4,62,13,2,9
3.80645,68,13,6,9
3.35484,82,13,9,18
7.16129,88,13,12,14,2,1
5.35484,82,13,8,18,5
3.16129,88,13,16,22
2.58065,106,13,9,2
7.22581,86,13,4,4,20,14,16
4,62,13,8,22
3.16129,88,13,16,17
5.67742,72,13,19,8,9
8,62,13,6,21,15,19
3.54839,76,13,1,22
3.16129,88,13,1,17
2,62,13,5
2,62,13,10
5.54839,76,13,21,12,10
3.74194,70,13,11,2
4.83871,98,13,14,6,6,1
5.6129,74,13,11,12,18
5.54839,76,13,20,8,16
7.54839,76,13,20,15,19,11
3.09677,90,13,1,3,13
5.74194,70,13,6,19,7
6,62,13,20,11,3
4.90323,96,13,1,9,12
5.16129,88,13,1,3,4
3.87097,66,13,19,17
2.58065,106,13,9,20
5.54839,76,13,4,8,17
3.35484,82,13,9,18
3.22581,86,13,13,13,9,17
4.58065,106,13,19,16,6
7.03226,92,13,15,7,4,18
5.74194,70,13,12,9,1
3.54839,76,13,20,10
3.35484,82,13,9,8
3.74194,70,13,13,9,1
3.87097,66,13,7,10
5.41935,80,13,6,19,17
7.93548,64,13,8,14,18,7
9.6129,74,13,12,14,3,19,21
4,62,13,1,16
3.54839,76,13,20,10
4.83871,98,13,14,4,1
5.48387,78,13,19,18,7,19
2,62,13,5
5.80645,68,13,4,8,10
7.6129,74,13,14,22,18,21
2.32258,114,13,16,4
3.29032,84,13,16,8
3.80645,68,13,2,10
4,62,13,4,9
7.54839,76,13,20,18,15,17
4,62,13,3,16
2,62,13,10
3.87097,66,13,18,5
5.29032,84,13,13,12,1,6
2.96774,94,13,19,13,9
7.67742,72,13,3,8,8,12,20
5.67742,72,13,2,19,17
3.87097,66,13,6,16
3.74194,70,13,20,9
5.74194,70,13,22,17,5
2,62,13,10
5.74194,70,13,12,6,7
5.80645,68,13,22,13,14,21
7.74194,70,13,7,15,12,2
4,62,13,7,16
4,62,13,11,5
5.09677,90,13,1,9,1,9,22
5.22581,86,13,20,19,20,11
5.35484,82,13,18,1,12
7.67742,72,13,2,20,19,7
2.64516,104,13,9,6
3.87097,66,13,1,18
5.48387,78,13,19,15,2
5.48387,78,13,14,2,7
2.64516,104,13,9,6
3.35484,82,13,9,8
3.09677,90,13,1,3,13
3.35484,82,13,16,19
3.74194,70,13,15,13,8
5.67742,72,13,3,14,6
4.90323,96,13,15,1,20
4,62,13,6,1
5.16129,88,13,20,13,2,10
4,62,13,1,14
9.6129,74,13,4,14,21,12,11
5.03226,92,13,6,17,1
3.80645,68,13,7,5
3.67742,72,13,8,4
7.67742,72,13,21,17,22,19
4.83871,98,13,12,7,19,13
2,62,13,13,5
5.74194,70,13,13,4,17,6
7.6129,74,13,4,21,6,22,21
4,62,13,3,9
5.41935,80,13,7,14,7,10
3.67742,72,13,19,20
5.41935,80,13,8,8,18,10
2,62,13,5
5.74194,70,13,13,6,4,8
3.48387,78,13,16,1
2,62,13,10
5.67742,72,13,14,6,4
4.58065,106,13,4,16,6
6,62,13,11,1,5
4,62,13,11,10
3.93548,64,13,8,9
2,62,13,10
4,62,13,8,16
3.35484,82,13,17,3
3.80645,68,13,18,4
3.93548,64,13,1,5
5.29032,84,13,17,15,20
3.74194,70,13,8,20
5.54839,76,13,2,8,2,1
3.48387,78,13,17,12
4,62,13,22,9
5.87097,66,13,12,18,2
6,62,13,20,14,22
3.74194,70,13,17,9
3.80645,68,13,16,10
5.93548,64,13,6,14,1
7.29032,84,13,6,15,17,16
4,62,13,4,9
5.74194,70,13,12,3,12,10
5.35484,82,13,15,16,19
5.87097,66,13,2,18,1
3.16129,88,13,16,15
5.74194,70,13,8,15,19
5.67742,72,13,18,15,4
2,62,13,5
7.35484,82,13,21,19,16,8
2,62,13,5
9.48387,78,13,2,20,21,7,3
5.93548,64,13,2,4,17
3.74194,70,13,11,11,2
2,62,13,10
3.80645,68,13,8,2
5.67742,72,13,4,13,8,10
2.90323,96,13,9,21
2.45161,110,13,16,2
3.80645,68,13,17,17,5
4,62,13,1,16
5.87097,66,13,8,1,14
3.80645,68,13,7,5
2.45161,110,13,16,20
3.87097,66,13,1,18
6,62,13,7,11,1
3.35484,82,13,20,13,10
7.6129,74,13,2,12,20,22
3.87097,66,13,19,5
3.74194,70,13,11,2
5.48387,78,13,19,15,1
5.67742,72,13,13,12,21,9
5.6129,74,13,13,18,1,19
5.48387,78,13,11,3,16
5.35484,82,13,21,17,12
5.87097,66,13,14,13,4,3
3.67742,72,13,1,15
3.93548,64,13,7,7,9
3.22581,86,13,9,9,17
3.35484,82,13,1,13,11
2.90323,96,13,18,13,16
5.48387,78,13,19,12,4
3.80645,68,13,8,5
5.09677,90,13,18,18,11,22
5.35484,82,13,21,1,20
7.48387,78,13,12,20,21,11
5.67742,72,13,8,14,20
3.54839,76,13,17,4
2,62,13,10
3.87097,66,13,11,15
3.54839,76,13,1,22
4.96774,94,13,3,20,1
7.6129,74,13,1,11,3,11,14
5.48387,78,13,22,17,4
2,62,13,10
3.93548,64,13,18,10
3.48387,78,13,16,1
3.80645,68,13,18,4
5.87097,66,13,21,13,20,14
5.48387,78,13,14,12,12,6
5.16129,88,13,18,17,19
3.74194,70,13,12,7,13
7.35484,82,13,2,20,18,5
8,62,13,2,20,18,19
3.6129,74,13,3,17
2,62,13,5
5.67742,72,13,15,18,20
5.93548,64,13,4,8,16
3.54839,76,13,17,8
5.67742,72,13,13,19,7,17
5.93548,64,13,3,21,7
5.74194,70,13,19,22,14
4.3871,112,13,7,7,20,10
6.90323,96,13,7,18,21,9
4,62,13,12,5
5.03226,92,13,15,12,17
3.16129,88,13,1,17
3.35484,82,13,16,19
4,62,13,18,9
7.74194,70,13,7,17,22,21
3.54839,76,13,21,13,9
5.80645,68,13,12,15,20
5.74194,70,13,3,15,19
3.16129,88,13,8,18,8,13,18
2.25806,116,13,21,9,13
5.74194,70,13,11,14,22
3.93548,64,13,18,10
3.6129,74,13,3,17
5.54839,76,13,18,22,16
2,62,13,5
5.09677,90,13,6,13,20,16
3.03226,92,13,9,7
5.29032,84,13,11,14,9
2,62,13,10
2,62,13,10
2.77419,100,13,20,1,13
5.16129,88,13,7,4,17
5.16129,88,13,20,3,11,20
7.93548,64,13,19,8,14,8,11
6,62,13,14,15,6
7.74194,70,13,15,22,8,1
3.87097,66,13,15,5
7.67742,72,13,12,18,19,17
3.6129,74,13,12,19,13
4,62,13,21,10
6,62,13,21,11,14
2,62,13,10
7.29032,84,13,21,12,8,20
5.67742,72,13,18,15,20
5.87097,66,13,7,8,21
5.22581,86,13,21,9,18
3.80645,68,13,17,14
9.03226,92,13,14,19,18,22,11
3.74194,70,13,11,2
7.74194,70,13,20,21,2,4
3.93548,64,13,18,6
7.74194,70,13,4,7,15,7,4,17
2,62,13,10
2,62,13,5
5.93548,64,13,6,4,15
2,62,13,5
3.87097,66,13,22,13,18
4,62,13,3,16
2,62,13,10
5.16129,88,13,11,12,11,7
2,62,13,5
5.80645,68,13,15,18,10
7.16129,88,13,4,15,6,2
5.87097,66,13,21,20,7
5.67742,72,13,20,18,3
3.6129,74,13,9,11
3.35484,82,13,16,19
5.87097,66,13,6,19,3
5.35484,82,13,20,8,5
5.22581,86,13,13,11,16,22
4,62,13,8,16
7.35484,82,13,4,15,4,2,18
7.35484,82,13,14,12,3,9
2.45161,110,13,16,20
5.67742,72,13,1,3,19
4,62,13,3,16
3.48387,78,13,17,2
5.6129,74,13,1,8,15
2,62,13,10
4,62,13,3,4
3.80645,68,13,17,16
6,62,13,14,7,19
6,62,13,14,19,21,14
6.70968,102,13,13,13,15,18,3,17
3.93548,64,13,7,13,18
5.16129,88,13,20,3,17
5.35484,82,13,18,18,1,1,12
3.16129,88,13,9,9,22
5.93548,64,13,8,19,7
7.48387,78,13,12,8,21,1
5.48387,78,13,20,22,16
2,62,13,13,10
3.16129,88,13,9,22
5.80645,68,13,2,15,11
3.16129,88,13,1,17
2,62,13,10
5.80645,68,13,12,15,1
6,62,13,15,8,1
3.54839,76,13,13,20,5
3.87097,66,13,19,5
5.74194,70,13,6,6,7,16
3.93548,64,13,18,6
5.35484,82,13,11,12,7
3.93548,64,13,17,18
9.80645,68,13,6,21,7,15,19
3.67742,72,13,8,6
3.54839,76,13,20,5
3.35484,82,13,2,19,13
2,62,13,5
5.16129,88,13,21,21,1,4
3.87097,66,13,18,5
5.09677,90,13,11,3,17
5.87097,66,13,12,16,5
5.74194,70,13,8,8,3,15
5.67742,72,13,11,1,7
6,62,13,2,14,4
3.80645,68,13,7,5
4,62,13,8,22
2,62,13,5
3.48387,78,13,16,1
5.22581,86,13,6,3,15
8,62,13,7,14,7,13,2,20
5.74194,70,13,12,11,2
5.16129,88,13,3,1,4
3.74194,70,13,19,6
6,62,13,2,15,12
2,62,13,5
7.80645,68,13,21,14,2,14,22
5.09677,90,13,14,1,6
3.35484,82,13,17,20
4.51613,108,13,21,16,2
5.29032,84,13,1,8,5
2.45161,110,13,16,2
3.87097,66,13,13,1,18
4,62,13,2,9
3.74194,70,13,6,10
3.22581,86,13,9,17
2,62,13,5
2,62,13,10
5.54839,76,13,14,15,5
5.80645,68,13,4,4,16,5
5.80645,68,13,2,2,2,11,5
2,62,13,10
5.87097,66,13,21,16,5
3.48387,78,13,11,4
3.80645,68,13,16,10
5.09677,90,13,18,21,16
2,62,13,10
5.93548,64,13,2,14,12,2
2.45161,110,13,16,20
4,62,13,1,16
5.09677,90,13,11,3,17
5.09677,90,13,3,2,1
5.6129,74,13,7,11,19
5.29032,84,13,3,18,4
3.93548,64,13,14,10
4.90323,96,13,13,6,7,8,13
3.80645,68,13,16,5
5.80645,68,13,15,3,12
7.80645,68,13,2,7,21,6
3.09677,90,13,2,17,13
3.87097,66,13,1,18
5.41935,80,13,8,12,7
5.67742,72,13,19,13,4,13,7
5.41935,80,13,20,18,10
3.54839,76,13,20,5
5.54839,76,13,2,11,22
5.67742,72,13,12,7,1
3.80645,68,13,19,13,22
5.87097,66,13,1,11,9
7.22581,86,13,21,2,20,17
3.03226,92,13,9,7
2,62,13,10
5.29032,84,13,6,13,13,7,9
5.48387,78,13,17,7,8
3.6129,74,13,8,13,18
4,62,13,6,11
5.35484,82,13,20,1,21
2,62,13,10
9.74194,70,13,4,4,6,22,21,8
5.54839,76,13,15,15,11,14
7.93548,64,13,14,18,19,19,7
2,62,13,5
7.09677,90,13,21,15,2,19
5.03226,92,13,15,20,11
5.29032,84,13,11,14,16
3.67742,72,13,8,4
5.80645,68,13,21,11,18
4,62,13,22,1
5.87097,66,13,8,1,16
5.22581,86,13,3,20,7
3.48387,78,13,17,12
4.25806,116,13,21,9,4
3.80645,68,13,6,9
2.32258,114,13,16,16,4
5.35484,82,13,15,21,9
4.96774,94,13,20,2,19,20
5.87097,66,13,7,13,14,21
5.80645,68,13,4,21,5
5.54839,76,13,3,20,21
7.67742,72,13,22,13,4,21,21,6
3.41935,80,13,8,13,2,8
3.16129,88,13,13,3,18,13
3.80645,68,13,16,10
2,62,13,5
4,62,13,20,17
5.93548,64,13,6,7,20
2,62,13,10
2,62,13,5
5.93548,64,13,1,11,14
2,62,13,5
7.87097,66,13,2,12,4,6
4,62,13,6,11
5.6129,74,13,7,8,16
4,62,13,3,9
5.41935,80,13,3,15,15,12
2,62,13,5
3.54839,76,13,17,8
7.67742,72,13,2,4,22,6
7.09677,90,13,2,21,6,11
5.41935,80,13,7,3,2
7.74194,70,13,21,14,22,12
5.48387,78,13,15,12,1
4,62,13,20,17
3.80645,68,13,18,4
4,62,13,2,9
5.80645,68,13,20,8,21
3.29032,84,13,19,7,13
2.58065,106,13,9,20
2,62,13,5
5.80645,68,13,7,2,12
3.6129,74,13,13,3,17
3.80645,68,13,17,5
5.74194,70,13,7,17,10
3.16129,88,13,16,22
4,62,13,13,8,16
3.54839,76,13,17,17,8
2.96774,94,13,13,16,7
7.74194,70,13,14,12,18,22
3.67742,72,13,8,4
3.87097,66,13,3,10
2,62,13,5
2,62,13,5
3.74194,70,13,19,6
3.87097,66,13,11,15
7.67742,72,13,4,6,4,20,3
6,62,13,6,4,22
5.29032,84,13,12,17,5
5.93548,64,13,8,1,19
2,62,13,10
4,62,13,1,14
3.87097,66,13,19,5
5.03226,92,13,14,2,17
5.74194,70,13,13,11,9,9,1
7.22581,86,13,22,14,15,20
2,62,13,10
3.41935,80,13,1,20
3.29032,84,13,17,11
5.67742,72,13,1,19,15
3.80645,68,13,16,5
2,62,13,10
3.29032,84,13,16,8
4.45161,110,13,19,16,20
5.48387,78,13,1,8,16
2,62,13,5
3.93548,64,13,22,22,10
3.87097,66,13,19,17
3.80645,68,13,11,7
2.45161,110,13,16,20
2.96774,94,13,9,12
7.74194,70,13,3,8,7,8,3,11
7.6129,74,13,20,15,21,4
5.74194,70,13,14,19,6
6.90323,96,13,22,21,4,17
3.80645,68,13,6,9
5.41935,80,13,11,8,20
7.16129,88,13,4,3,2,15
8,62,13,4,7,18,3
4,62,13,12,5
5.93548,64,13,4,6,1
4.83871,98,13,13,20,1,4
3.22581,86,13,9,14
4,62,13,12,5
5.48387,78,13,18,8,10
2.58065,106,13,9,2
5.16129,88,13,18,7,5
5.6129,74,13,15,12,11
4,62,13,13,8,16
5.74194,70,13,15,1,1,8
6.96774,94,13,7,21,20,1
2,62,13,5
5.29032,84,13,2,4,9
2,62,13,10
4.64516,104,13,11,16,6
4.77419,100,13,15,15,11,4
2,62,13,10
5.48387,78,13,18,3,18,1
5.93548,64,13,15,12,3
2.45161,110,13,16,20
5.35484,82,13,3,20,4
7.22581,86,13,12,12,3,7,15,3
5.67742,72,13,19,18,18,17
5.16129,88,13,3,2,18
5.80645,68,13,22,17,10
5.87097,66,13,4,14,10
3.67742,72,13,3,6
5.87097,66,13,19,12,3
5.93548,64,13,4,4,22,11
5.6129,74,13,13,21,6,8
3.09677,90,13,16,14
6,62,13,14,11,19
3.93548,64,13,18,10
5.93548,64,13,4,7,16
5.09677,90,13,3,7,1
4,62,13,22,11
5.41935,80,13,14,22,10
6.96774,94,13,22,15,12,9
5.54839,76,13,1,1,11,15
5.16129,88,13,11,16,16,14
5.80645,68,13,18,18,18,14,20
2,62,13,10
3.6129,74,13,1,13,22
5.16129,88,13,4,16,17
4.96774,94,13,8,8,12,12,9
3.6129,74,13,22,13,12,22
5.93548,64,13,7,19,19,12
5.54839,76,13,21,16,21,20
6,62,13,14,14,8,21,14
4.83871,98,13,11,16,12
5.87097,66,13,20,8,18
6.25806,116,13,11,1,10,2
3.48387,78,13,1,2
5.48387,78,13,2,17,6
3.87097,66,13,4,5
5.6129,74,13,18,8,16
6.90323,96,13,2,14,1,4
4,62,13,19,9
7.67742,72,13,21,19,18,9
2.58065,106,13,16,6
4.96774,94,13,14,17,8
3.80645,68,13,16,5
2,62,13,5
3.41935,80,13,13,20,22,13
6.70968,102,13,12,3,2,16
3.93548,64,13,22,10
5.80645,68,13,22,18,9
3.48387,78,13,11,4
5.87097,66,13,21,1,5
3.93548,64,13,1,5
5.54839,76,13,7,4,20
5.93548,64,13,21,19,5
3.93548,64,13,18,10
6.70968,102,13,13,7,21,3,17
2,62,13,10
3.87097,66,13,19,5
2.32258,114,13,16,4
5.87097,66,13,2,7,2,8
7.16129,88,13,21,2,3,7
5.41935,80,13,11,19,19,10
5.48387,78,13,3,15,6
5.54839,76,13,17,15,6
4,62,13,22,1
3.22581,86,13,9,14
5.48387,78,13,12,10,1
7.35484,82,13,13,2,7,17,9
2.90323,96,13,18,13,16
5.35484,82,13,21,1,20
5.29032,84,13,19,1,7
5.74194,70,13,21,1,12
2,62,13,10
2,62,13,10
3.93548,64,13,17,21
5.35484,82,13,13,11,8,4
5.93548,64,13,6,8,11
5.6129,74,13,4,13,8,5
5.54839,76,13,6,14,9
2.96774,94,13,13,16,7
3.35484,82,13,9,8
6,62,13,20,2,6
3.16129,88,13,20,13,18,20
5.93548,64,13,22,7,11
5.93548,64,13,20,13,2,11
2.25806,116,13,15,9,13
5.80645,68,13,8,19,16
5.29032,84,13,12,17,6
5.48387,78,13,8,19,6
4,62,13,8,16
5.87097,66,13,12,11,15
2.32258,114,13,16,4
2,62,13,13,5
5.67742,72,13,13,19,21,20
3.80645,68,13,16,5
2,62,13,5
4.51613,108,13,20,6,9
5.80645,68,13,22,6,21
4,62,13,1,14
3.74194,70,13,20,9
5.80645,68,13,4,19,5
6,62,13,18,1,11
3.54839,76,13,9,13,6
5.87097,66,13,21,6,14
2,62,13,5
5.41935,80,13,6,8,9
5.35484,82,13,20,19,17
5.35484,82,13,8,18,5
7.6129,74,13,22,18,14,4
2,62,13,5
5.35484,82,13,15,11,15,12
5.74194,70,13,20,3,2
3.80645,68,13,2,10
5.29032,84,13,19,11,7
3.29032,84,13,9,15
4.51613,108,13,12,2,12,2,13,10
5.74194,70,13,19,12,21
4.90323,96,13,8,7,9
4.83871,98,13,15,12,5
2.32258,114,13,16,4
5.6129,74,13,7,8,22
2,62,13,5
5.54839,76,13,6,17,14
5.87097,66,13,4,17,17,18
3.87097,66,13,3,5
5.29032,84,13,8,7,4
3.67742,72,13,8,4
5.22581,86,13,6,8,20
2,62,13,5
4.70968,102,13,18,17,3
2,62,13,5
5.48387,78,13,11,8,5
5.41935,80,13,6,13,15,16
6.96774,94,13,22,19,3,10
3.80645,68,13,6,9
3.22581,86,13,9,14
2.45161,110,13,16,2
2,62,13,10
5.41936,80,13,21,6,6,3
3.80645,68,13,17,16
2,62,13,10
5.93548,64,13,4,20,19
5.80645,68,13,3,8,5
4.90323,96,13,7,20,7,5
3.74194,70,13,20,16
5.48387,78,13,3,15,6
3.22581,86,13,9,14
5.16129,88,13,2,6,1
7.93548,64,13,4,14,2,20
5.93548,64,13,4,22,1
5.93548,64,13,3,7,22
3.80645,68,13,17,19
9.48387,78,13,12,12,21,7,22,7,11
9.16129,88,13,12,12,3,16,9,15
5.41936,80,13,6,3,18
2,62,13,5
4.96774,94,13,3,2,17
5.74194,70,13,3,19,9
3.16129,88,13,9,22
6,62,13,22,21,20
2,62,13,10
4.70968,102,13,7,2,16
5.6129,74,13,18,1,19
3.87097,66,13,21,5
3.93548,64,13,15,10
3.87097,66,13,14,5
4,62,13,3,22
5.80645,68,13,2,1,18
3.67742,72,13,19,20
3.41935,80,13,1,20
2,62,13,5
3.09677,90,13,16,14
5.74194,70,13,2,7,16
5.22581,86,13,17,13,20,14
5.74194,70,13,20,8,12
3.93548,64,13,19,10
3.80645,68,13,17,19
5.74194,70,13,14,11,5
7.54839,76,13,4,15,14,14,16
5.03226,92,13,20,11,4
2.58065,106,13,16,6
4,62,13,2,16
5.74194,70,13,20,1,1,3
5.54839,76,13,22,16,1
3.29032,84,13,16,8
6,62,13,4,21,9
4,62,13,3,9
5.48387,78,13,14,21,21,9
3.6129,74,13,9,11
3.35484,82,13,13,17,3
3.48387,78,13,17,2
5.09677,90,13,15,1,7
3.80645,68,13,2,10
7.03226,92,13,12,13,2,22,5
5.29032,84,13,17,15,20
