2.90323,96,22,10,13
3.74194,70,22,5,3
4.58065,106,22,8,20,16
3.80645,68,22,10,14
6,62,22,1,18,15
6,62,22,8,1,15
5.16129,88,22,20,7,1
3.67742,72,22,22,3,17
4.64516,104,22,3,2,9
4.77419,100,22,18,20,10
5.16129,88,22,3,20,8
5.74194,70,22,7,10,8
5.16129,88,22,15,14,5,22
4.90323,96,22,9,1,9,2
5.54839,76,22,11,15,17
5.09677,90,22,22,8,5,10,22
3.54839,76,22,1,13
5.03226,92,22,2,8,17
6.83871,98,22,9,11,8,13
4,62,22,9,14
3.22581,86,22,13,9
8,62,22,7,7,21,9,5
8.96774,94,22,7,9,16,5,12
5.67742,72,22,22,14,9,8
4.45161,110,22,2,6,2,9
3.80645,68,22,22,10,3
6.90323,96,22,21,14,6,9
3.93548,64,22,3,10
5.35484,82,22,2,15,20
5.93548,64,22,18,12,6
3.6129,74,22,1,6
4.83871,98,22,13,7,5
5.29032,84,22,10,10,11,21
8.70968,102,22,21,14,19,9,6
5.22581,86,22,2,18,10
5.35484,82,22,9,18,17
6.70968,102,22,19,16,1,16,6
5.35484,82,22,1,18,10
5.22581,86,22,19,13,3
3.16129,88,22,9,13
4.90323,96,22,2,6,12
3.09677,90,22,10,20
4,62,22,12,6
3.74194,70,22,20,6
3.35484,82,22,1,12,22
5.87097,66,22,6,15,16
7.16129,88,22,6,19,18,10
7.41935,80,22,6,15,17,10
6.83871,98,22,2,13,4,16
5.93548,64,22,14,3,10
5.74194,70,22,14,16,18
7.67742,72,22,21,3,8,20
4,62,22,16,7
5.48387,78,22,10,19,7
6.64516,104,22,12,19,1,17
3.67742,72,22,20,17
5.35484,82,22,5,11,18
7.93548,64,22,15,19,7,1
5.67742,72,22,22,11,8,2
5.87097,66,22,21,17,5
5.29032,84,22,6,3,20
5.87097,66,22,4,12,13
5.29032,84,22,2,18,9
5.67742,72,22,14,16,14,4
7.74194,70,22,7,17,2,13
5.80645,68,22,16,1,18
5.93548,64,22,19,7,1
3.80645,68,22,6,10
6.90323,96,22,6,15,22,17,20
5.87097,66,22,4,7,17
5.80645,68,22,6,4,8
5.41935,80,22,8,9,14
9.6129,74,22,7,14,7,13,2,21
7.80645,68,22,18,19,7,3
7.67742,72,22,8,21,2,12
4,62,22,3,22,3,13
3.93548,64,22,1,19,22
5.09677,90,22,9,8,20
5.48387,78,22,12,18,13
5.74194,70,22,1,22,2,13
5.67742,72,22,7,12,5
7.41935,80,22,22,19,22,7,17,11
3.74194,70,22,12,5
7.67742,72,22,7,8,8,1,20
7.22581,86,22,14,8,8,4,15
5.87097,66,22,22,5,22,15,3
6.58065,106,22,8,19,5,21
5.87097,66,22,22,2,18,15
3.48387,78,22,18,5,22
5.16129,88,22,17,20,19
5.48387,78,22,12,7,13
6,62,22,2,13,2,14
7.54839,76,22,19,4,19,18,21
5.6129,74,22,2,20,6
6,62,22,21,13,7
5.09677,90,22,15,5,6
5.48387,78,22,8,11,17
7.67742,72,22,18,19,4,2
7.09677,90,22,21,8,12,10
3.35484,82,22,4,9
3.87097,66,22,20,1
5.6129,74,22,13,20,4
4,62,22,5,22,2
3.35484,82,22,2,10
9.09677,90,22,8,3,12,3,1,20
5.80645,68,22,11,8,9
5.93548,64,22,14,11,2
3.03226,92,22,13,10
3.74194,70,22,5,15
4.83871,98,22,13,7,13,17
3.09677,90,22,10,2
3.74194,70,22,6,5
5.67742,72,22,21,12,5
5.87097,66,22,18,16,3
3.16129,88,22,14,5,22
3.54839,76,22,8,6,22
5.16129,88,22,13,7,11
5.29032,84,22,8,20,8,10
3.16129,88,22,9,13
7.22581,86,22,17,22,3,14,13
3.22581,86,22,4,5
4.45161,110,22,3,9,2
5.09677,90,22,22,8,10,7
4.83871,98,22,22,5,11,13
6.96774,94,22,16,11,1,4
7.93548,64,22,12,11,8,14
5.80645,68,22,20,13,12
9.67742,72,22,7,18,12,3,9
6.83871,98,22,15,10,16,4
9.87097,66,22,15,14,8,18,6
3.74194,70,22,6,5
3.93548,64,22,12,17
5.74194,70,22,8,18,2
5.87097,66,22,10,9,15
3.48387,78,22,16,2
7.54839,76,22,22,15,22,11,3,9
5.67742,72,22,17,8,16
7.09677,90,22,8,5,9,17
3.03226,92,22,13,10
7.80645,68,22,2,13,21,15
3.74194,70,22,5,3
4.58065,106,22,17,2,10
6,62,22,20,13,2
5.74194,70,22,11,16,1
3.74194,70,22,13,17
7.48387,78,22,8,19,8,10,1
3.93548,64,22,20,19
5.03226,92,22,8,8,6,2
3.80645,68,22,13,11
5.29032,84,22,4,20,4,8
5.29032,84,22,16,3,20
4.51613,108,22,14,10,4
3.54839,76,22,2,9
5.09677,90,22,9,18,20
7.09677,90,22,7,20,20,4,8
5.16129,88,22,14,6,16
5.6129,74,22,18,9,7
5.22581,86,22,11,9,7
7.35484,82,22,8,14,8,22,2,3
5.87097,66,22,8,21,11
7.67742,72,22,7,21,22,18,21,12
3.54839,76,22,10,12
5.80645,68,22,9,1,18
7.16129,88,22,15,11,12,6
7.41935,80,22,14,18,9,18,2
7.93548,64,22,15,2,13,13,6
5.93548,64,22,18,11,7
5.74194,70,22,17,10,15
6,62,22,3,11,18
7.54839,76,22,18,15,3,16
5.41935,80,22,6,1,5
3.67742,72,22,5,14
9.6129,74,22,18,1,11,11,11,3,20
3.87097,66,22,13,18
7.74194,70,22,19,18,14,12,22
5.41935,80,22,5,22,19,17
5.80645,68,22,14,12,16
3.03226,92,22,13,5
4.3871,112,22,17,13,16
3.41935,80,22,20,9
5.35484,82,22,20,13,15
7.41935,80,22,18,6,4,7
9.80645,68,22,15,15,9,11,8,14
5.35484,82,22,22,14,20,6
5.03226,92,22,1,15,13
4.58065,106,22,13,22,22,2,9
3.22581,86,22,13,9
7.6129,74,22,22,19,12,18,17
3.48387,78,22,16,20
5.93548,64,22,20,12,8
2.90323,96,22,10,13
5.29032,84,22,20,15,3
5.80645,68,22,5,22,15,2
5.6129,74,22,15,11,6
9.22581,86,22,7,15,16,10,12
5.80645,68,22,21,21,8,13
7.29032,84,22,3,11,11,19,5
5.80645,68,22,6,2,4
3.74194,70,22,5,3
5.67742,72,22,3,20,12
5.74194,70,22,7,10,18
5.03226,92,22,8,2,17
7.16129,88,22,17,3,8,10
5.74194,70,22,6,7,7,9
8,62,22,20,22,7,14,3
5.67742,72,22,20,7,14
2.90323,96,22,10,13
3.6129,74,22,1,4
5.35484,82,22,8,7,9
6,62,22,11,8,11,12
3.93548,64,22,3,10
5.6129,74,22,10,19,3
5.41935,80,22,17,13,7
7.80645,68,22,7,14,13,21
7.87097,66,22,8,19,3,21
4.32258,114,22,6,20,5
3.93548,64,22,5,19
5.67742,72,22,19,11,4
7.35484,82,22,7,18,2,6
7.80645,68,22,19,1,11,20
3.54839,76,22,1,13
5.29032,84,22,2,2,7,2,1
5.41935,80,22,21,11,11,4
3.80645,68,22,13,11
5.80645,68,22,15,5,18
5.87097,66,22,17,18,22,6
3.67742,72,22,11,4
3.93548,64,22,3,5
7.80645,68,22,21,15,20,12
5.80645,68,22,11,3,15
7.41935,80,22,21,7,17,2
4.51613,108,22,6,20,16
7.16129,88,22,6,21,19,20
7.74194,70,22,17,14,12,8
7.09677,90,22,19,9,11,2
5.6129,74,22,15,13,8
7.29032,84,22,21,15,6,3
5.6129,74,22,2,4,18
3.41935,80,22,9,6
5.09677,90,22,20,20,12,5
5.22581,86,22,15,15,16,4
5.6129,74,22,6,1,3
7.54839,76,22,17,17,21,7,20
3.41935,80,22,22,9,6
5.48387,78,22,8,21,16
3.6129,74,22,16,6
5.35484,82,22,21,17,11
5.16129,88,22,14,10,7
5.29032,84,22,3,12,5
5.67742,72,22,13,12,1
9.03226,92,22,18,15,19,9,7
5.67742,72,22,8,15,20
4.70968,102,22,21,16,2
7.54839,76,22,3,19,18,1
5.09677,90,22,15,2,22,11
3.6129,74,22,13,1
5.22581,86,22,14,10,14,5
5.6129,74,22,21,20,17
3.67742,72,22,9,21
5.16129,88,22,8,16,12
5.35484,82,22,17,2,19
9.67742,72,22,15,18,14,2,8
5.80645,68,22,5,16,18
5.54839,76,22,21,17,12
5.03226,92,22,8,17,8,20
5.80645,68,22,6,7,22,13
2.90323,96,22,10,13
5.41935,80,22,4,3,2
5.54839,76,22,18,21,6,18
3.48387,78,22,9,1,22
6.70968,102,22,19,8,10,6
3.54839,76,22,1,17
6,62,22,3,11,18
5.74194,70,22,8,22,14,16
6.96774,94,22,22,17,5,9,6
5.93548,64,22,22,4,4,13,15
7.41935,80,22,4,21,8,7
5.67742,72,22,19,16,7
9.41936,80,22,8,14,12,3,20
3.93548,64,22,12,17
5.03226,92,22,13,6,11
4,62,22,16,7
7.67742,72,22,14,7,19,9
3.03226,92,22,13,5
6,62,22,8,7,17
5.74194,70,22,20,3,1
6.64516,104,22,8,15,17,1
5.87097,66,22,9,1,5
3.87097,66,22,4,11
3.93548,64,22,2,17
5.22581,86,22,17,8,13
3.22581,86,22,13,13,13,9
5.03226,92,22,1,22,4,19
6,62,22,4,21,3
3.80645,68,22,14,4,22
6.77419,100,22,14,19,10,6
4.51613,108,22,1,5,20
5.93548,64,22,5,10,17
3.74194,70,22,12,5
4.96774,94,22,8,5,7
5.16129,88,22,13,13,22,4,18
3.74194,70,22,11,13
3.29032,84,22,10,6
5.22581,86,22,12,8,11,22
6.51613,108,22,19,8,16,13
6.58065,106,22,4,2,20,10
3.41935,80,22,5,12
3.16129,88,22,14,5,22
5.6129,74,22,20,20,15,17
4,62,22,9,17
5.54839,76,22,3,18,9
6.83871,98,22,18,20,12,12,17
4.3871,112,22,20,13,5
7.48387,78,22,14,19,11,13
3.87097,66,22,4,11
7.48387,78,22,18,5,16,15
6,62,22,2,7,18
5.87097,66,22,2,14,11
5.93548,64,22,5,16,11
7.54839,76,22,9,11,8,21
4,62,22,13,13,15
3.54839,76,22,14,13,22
7.93548,64,22,14,1,8,15
8.19355,118,22,15,8,16,10,13
5.87097,66,22,19,13,2
7.93548,64,22,15,16,9,3
5.29032,84,22,11,14,5
7.22581,86,22,19,15,17,20
4.25806,116,22,19,13,5
7.74194,70,22,21,8,21,17,7
5.29032,84,22,11,16,11,2
4,62,22,9,3
5.48387,78,22,22,6,1,16
6.77419,100,22,15,15,19,20,9
4.70968,102,22,2,6,1
5.54839,76,22,17,6,12
5.87097,66,22,21,22,15,21,16
5.93548,64,22,15,4,18
5.54839,76,22,2,8,15
7.29032,84,22,1,11,9,3
3.67742,72,22,5,14
6,62,22,3,14,1
4.64516,104,22,22,8,17,11
5.03226,92,22,1,12,6
7.54839,76,22,7,10,9,3
5.67742,72,22,6,7,10
9.29032,84,22,15,22,18,3,12,9
3.93548,64,22,1,15,22
7.48387,78,22,8,19,1,7
7.35484,82,22,6,18,14,16
5.03226,92,22,2,6,19
3.93548,64,22,2,17
9.35484,82,22,14,14,19,5,10,18
5.93548,64,22,14,1,7
5.22581,86,22,11,18,20
8.3871,112,22,15,14,11,11,16,13
3.22581,86,22,20,10
7.67742,72,22,6,8,19,15
5.22581,86,22,7,4,10
5.35484,82,22,9,5,12
3.16129,88,22,9,13
3.03226,92,22,6,11,22
4,62,22,8,13
3.54839,76,22,2,9
3.80645,68,22,1,20
4.96774,94,22,17,20,6
6.96774,94,22,16,10,5,20
3.87097,66,22,12,16
5.41935,80,22,12,2,17
3.74194,70,22,6,5
3.16129,88,22,16,13
4,62,22,3,13
5.54839,76,22,6,20,21
5.6129,74,22,15,10,7
3.67742,72,22,11,21,22
7.6129,74,22,17,15,14,10
5.54839,76,22,19,6,18
3.48387,78,22,16,20
3.93548,64,22,2,17
3.6129,74,22,15,5,22
3.6129,74,22,11,6
5.6129,74,22,11,8,20
5.6129,74,22,12,2,11
7.41935,80,22,21,12,8,6
5.87097,66,22,13,21,21,2
5.29032,84,22,20,12,9
3.74194,70,22,15,10,22
5.80645,68,22,20,12,4
4.64516,104,22,19,5,4
5.29032,84,22,3,15,1
5.09677,90,22,19,4,11
5.29032,84,22,6,21,5
5.67742,72,22,6,3,14
7.41935,80,22,8,9,16,15
5.87097,66,22,17,10,17,5
7.35484,82,22,21,13,4,1
5.74194,70,22,19,7,9
3.03226,92,22,10,4
5.09677,90,22,6,4,9
5.67742,72,22,3,14,17
4,62,22,1,7
7.54839,76,22,21,7,14,5
3.93548,64,22,20,19
3.29032,84,22,4,10
5.6129,74,22,6,19,9
5.67742,72,22,11,14,2
9.74194,70,22,19,22,7,18,15,22,22,4
5.54839,76,22,1,12,11
3.16129,88,22,17,11,22
9.48387,78,22,15,17,18,17,7,19
3.29032,84,22,4,10
3.41935,80,22,4,16
3.74194,70,22,13,17
5.29032,84,22,16,3,3,15
7.67742,72,22,22,8,14,11,10
5.67742,72,22,10,1,5
6.70968,102,22,15,4,2,5
5.6129,74,22,10,9,7
7.48387,78,22,6,14,8,9
4.90323,96,22,1,12,16
3.54839,76,22,22,10,21
7.41936,80,22,7,2,7,11,18
7.29032,84,22,17,16,11,5
3.48387,78,22,16,2
7.54839,76,22,22,19,16,5,8
9.74194,70,22,7,21,6,21,19,12
3.35484,82,22,16,4
7.6129,74,22,19,7,17,18
7.16129,88,22,21,3,3,11,17
7.93548,64,22,15,12,13,20
4.58065,106,22,13,20,5
4.58065,106,22,4,20,5
7.67742,72,22,18,8,2,12
7.35484,82,22,8,21,7,11
7.22581,86,22,19,21,12,16
3.41935,80,22,20,16
7.35484,82,22,7,14,14,6,7,8
5.87097,66,22,17,19,10
5.93548,64,22,16,9,16,7
5.87097,66,22,10,1,1,3
7.29032,84,22,4,21,18,9
5.29032,84,22,16,14,6
5.22581,86,22,2,11,15
7.48387,78,22,8,3,19,20
5.29032,84,22,20,22,3,2
4,62,22,16,16,7
6,62,22,10,9,19
7.6129,74,22,20,21,7,14
3.41935,80,22,20,22,20,16
5.67742,72,22,8,3,17
5.93548,64,22,16,10,18
6,62,22,8,14,9
5.93548,64,22,3,15,18
7.54839,76,22,1,11,8,2
5.09677,90,22,17,13,19
6,62,22,2,20,15
5.16129,88,22,13,7,1
7.87097,66,22,12,13,4,21
3.80645,68,22,16,12
5.67742,72,22,1,22,14,2
6.3871,112,22,17,7,7,17,5,20
7.29032,84,22,7,4,15,2
3.03226,92,22,11,5,22
3.6129,74,22,11,6
6,62,22,8,12,11
9.41936,80,22,21,8,3,1,7
7.09677,90,22,22,13,22,15,3,16
5.22581,86,22,19,2,19,8,2
4.64516,104,22,21,9,2
5.67742,72,22,16,14,3
5.87097,66,22,3,11,21
7.03226,92,22,22,15,14,17,15,13
7.87097,66,22,15,6,2,20
4,62,22,1,7
5.48387,78,22,13,20,15
9.6129,74,22,7,17,7,21,11,14
5.93548,64,22,11,1,15
3.29032,84,22,4,10
3.74194,70,22,6,5
5.54839,76,22,14,3,1,22
3.67742,72,22,20,17
5.29032,84,22,17,13,3
7.6129,74,22,21,4,3,14
5.35484,82,22,3,18,4
5.35484,82,22,1,12,1,21
6.58065,106,22,8,10,5,6
3.22581,86,22,4,4,5
5.93548,64,22,3,8,10
5.74194,70,22,15,11,13
5.22581,86,22,1,3,6
4.77419,100,22,5,1,13
5.35484,82,22,12,22,17,11
7.09677,90,22,8,3,15,22,13
5.35484,82,22,4,6,3
5.54839,76,22,2,14,20
5.22581,86,22,2,1,21
6,62,22,4,21,21,6
7.54839,76,22,14,7,19,5
5.74194,70,22,17,14,9
5.6129,74,22,19,7,5
7.22581,86,22,7,21,10,18
7.80645,68,22,21,15,4,6
4.64516,104,22,2,1,13
4.96774,94,22,17,5,2
5.87097,66,22,4,20,12
5.93548,64,22,5,16,11
5.93548,64,22,10,9,18
3.93548,64,22,5,17
5.6129,74,22,14,4,18
7.35484,82,22,19,8,5,17
3.09677,90,22,5,2
7.09677,90,22,22,14,15,16,16,7
5.6129,74,22,15,13,11
9.67742,72,22,15,19,12,4,6
4,62,22,1,7
7.03226,92,22,14,18,6,6,1
3.80645,68,22,1,20
5.87097,66,22,15,19,16,22
5.74194,70,22,17,12,11
7.6129,74,22,19,1,11,13
7.74194,70,22,7,11,8,9
7.03226,92,22,15,22,14,18,5,22
4.96774,94,22,1,15,5
3.80645,68,22,4,2,22
5.35484,82,22,18,6,11
3.87097,66,22,22,16,16,21
4,62,22,13,3
5.29032,84,22,22,2,21,10
4,62,22,13,3
5.22581,86,22,4,12,17
3.93548,64,22,6,16
7.6129,74,22,14,15,14,21,16
4.70968,102,22,3,4,1
5.35484,82,22,20,12,6
5.67742,72,22,15,11,4
4.25806,116,22,10,19,10,20
5.87097,66,22,1,12,3
3.35484,82,22,4,9
5.6129,74,22,22,14,17,9
4,62,22,20,18
4,62,22,13,22,9
5.29032,84,22,2,12,10
5.54839,76,22,5,11,19
5.54839,76,22,20,2,17
5.67742,72,22,3,12,19,3
4,62,22,3,13
5.35484,82,22,8,5,19
5.93548,64,22,1,9,11
4.58065,106,22,19,20,10
4,62,22,20,11
5.29032,84,22,12,18,22,13
7.03226,92,22,15,7,16,20
5.16129,88,22,3,20,8
6.51613,108,22,21,1,16,2
5.41935,80,22,11,19,2
3.16129,88,22,22,9,4
3.67742,72,22,3,17
7.35484,82,22,14,15,6,2
5.09677,90,22,4,8,5
5.67742,72,22,18,22,6,11
3.80645,68,22,6,10
7.03226,92,22,22,18,6,7,9
3.93548,64,22,3,5
3.03226,92,22,5,20
5.87097,66,22,14,7,22,11
7.67742,72,22,14,12,18,10
7.80645,68,22,7,6,19,11
7.74194,70,22,8,14,1,5
7.16129,88,22,2,20,4,3
5.74194,70,22,10,1,14
4,62,22,20,15,22
5.6129,74,22,6,12,11
4.77419,100,22,9,5,13
5.09677,90,22,4,3,10
7.67742,72,22,21,16,9,11
3.67742,72,22,11,3,22
3.80645,68,22,1,20
3.80645,68,22,13,8
5.93548,64,22,6,21,11
5.93548,64,22,7,17,1
5.6129,74,22,19,20,4
5.74194,70,22,15,18,4,4,4,22
5.41935,80,22,4,18,11
5.6129,74,22,14,22,3,7
5.09677,90,22,21,4,5
3.48387,78,22,16,20
7.09677,90,22,19,8,4,18
5.54839,76,22,6,12,4
5.93548,64,22,15,15,15,3,10
3.93548,64,22,10,22,13
7.09677,90,22,22,14,7,4,17
3.67742,72,22,20,17
3.41935,80,22,20,9
7.22581,86,22,21,4,6,20
3.35484,82,22,2,10
5.6129,74,22,17,5,15
5.6129,74,22,6,18,10
3.74194,70,22,5,3
7.09677,90,22,17,18,11,20
5.80645,68,22,16,3,12
7.35484,82,22,16,8,3,2
3.54839,76,22,1,17
5.48387,78,22,5,11,9
5.41935,80,22,1,19,8,22
9.93548,64,22,17,19,18,14,21
6.90323,96,22,11,10,9,7
5.74194,70,22,7,13,19
5.54839,76,22,11,8,4
6.96774,94,22,14,7,4,11
3.35484,82,22,2,10
7.6129,74,22,11,10,9,1
3.03226,92,22,13,5
3.54839,76,22,5,7
3.54839,76,22,13,14,22
4,62,22,1,7
4,62,22,22,20,20,8
3.93548,64,22,3,10
5.54839,76,22,14,10,17
5.74194,70,22,21,12,10
7.16129,88,22,17,22,7,22,19,17,16
7.87097,66,22,21,14,5,16
5.22581,86,22,6,8,4
5.48387,78,22,12,3,17
5.41935,80,22,20,4,20,14
5.67742,72,22,21,13,8
5.22581,86,22,3,15,22,2
3.93548,64,22,12,17
7.35484,82,22,1,19,15,12
3.03226,92,22,5,20
5.67742,72,22,16,1,21
7.03226,92,22,5,10,16,6
5.87097,66,22,8,2,13
5.6129,74,22,9,16,12
5.03226,92,22,6,4,10
6,62,22,1,14,12
5.93548,64,22,20,21,18
5.6129,74,22,8,6,4
9.6129,74,22,15,17,10,9,19
6,62,22,15,4,3
3.80645,68,22,10,3
5.80645,68,22,7,4,11
6,62,22,15,15,2,8
5.6129,74,22,3,8,13
4,62,22,20,8
7.80645,68,22,19,1,3,19,8
5.35484,82,22,9,15,12
5.6129,74,22,6,17,19
3.67742,72,22,20,17
5.41935,80,22,21,5,1
7.74194,70,22,3,22,3,18,15,19
3.35484,82,22,5,21
3.93548,64,22,5,17
9.16129,88,22,14,1,10,16,17
3.67742,72,22,9,21
3.93548,64,22,11,20
6.51613,108,22,4,21,2,9
5.54839,76,22,3,4,2
5.16129,88,22,18,22,1,17
5.74194,70,22,20,22,8,21
5.41935,80,22,21,5,1
6,62,22,18,3,9
7.87097,66,22,21,12,14,4
5.54839,76,22,22,22,8,10,11
3.80645,68,22,4,1
6,62,22,6,17,7
5.67742,72,22,11,3,4
3.93548,64,22,11,2
5.16129,88,22,3,3,7,11
3.16129,88,22,9,13
4.58065,106,22,8,20,16
3.54839,76,22,10,12
4.70968,102,22,6,2,16
3.87097,66,22,1,2
5.29032,84,22,16,18,18,4
3.6129,74,22,13,1
4,62,22,1,22,20
7.67742,72,22,18,15,13,21
8.45161,110,22,19,8,19,19,10,9,13
7.87097,66,22,14,7,21,17
7.93548,64,22,19,18,14,11,11,19
5.35484,82,22,16,19,6
7.29032,84,22,7,3,11,6
4,62,22,16,7
3.22581,86,22,20,10
5.87097,66,22,15,2,1
5.16129,88,22,6,8,17
5.22581,86,22,17,22,13,1
4,62,22,1,7
4,62,22,1,7
4.96774,94,22,18,2,2,16
3.41935,80,22,2,5
5.29032,84,22,22,11,10,8
3.93548,64,22,12,12,17
5.87097,66,22,3,15,21
5.67742,72,22,19,11,4
5.41935,80,22,16,18,6
4.70968,102,22,22,21,16,20
4,62,22,1,7
4,62,22,11,7
5.74194,70,22,10,10,9,10,10,15
5.48387,78,22,17,20,4
5.48387,78,22,19,5,3
4.96774,94,22,2,18,13
5.16129,88,22,10,16,6
8,62,22,10,5,16,1
7.87097,66,22,17,21,3,21,3,11
3.35484,82,22,5,21
4.64516,104,22,8,22,20,16
7.22581,86,22,22,20,12,21,1
6.70968,102,22,15,17,17,5,2
3.93548,64,22,11,22,1
5.67742,72,22,2,19,3
3.09677,90,22,10,2
5.74194,70,22,15,2,17
7.09677,90,22,12,11,3,5
7.6129,74,22,17,18,8,16
5.93548,64,22,20,21,8
5.48387,78,22,10,9,21
4.45161,110,22,19,13,9
7.16129,88,22,19,19,2,2,20,18
4,62,22,10,8
3.80645,68,22,9,7
8,62,22,15,15,11,19,3
5.74194,70,22,7,13,11
3.54839,76,22,8,6,22
3.16129,88,22,9,13
3.22581,86,22,8,20,22
3.80645,68,22,13,11
3.09677,90,22,13,16
4.96774,94,22,6,22,2,9
5.22581,86,22,17,20,11
5.87097,66,22,10,16,18
5.6129,74,22,17,2,7
5.16129,88,22,6,1,15
5.74194,70,22,14,16,8
5.67742,72,22,3,18,1
5.67742,72,22,7,21,1,7
3.67742,72,22,10,7
3.80645,68,22,10,3
5.29032,84,22,9,5,21
7.6129,74,22,14,21,19,1,14
3.6129,74,22,19,2,22
7.54839,76,22,19,8,16,17
4.51613,108,22,20,4,16
3.93548,64,22,6,16
5.80645,68,22,18,9,17
4.90323,96,22,22,20,3,6
4,62,22,13,3
7.93548,64,22,15,21,8,6
3.93548,64,22,5,17
8,62,22,14,7,15,11
5.03226,92,22,15,10,20
7.54839,76,22,14,7,12,4
5.67742,72,22,13,2,8
4,62,22,20,18
9.74194,70,22,15,8,19,9,1
7.74194,70,22,15,11,12,8
5.93548,64,22,6,7,1
5.41935,80,22,21,9,8
10.9032,96,22,22,8,3,8,1,9,9,10,7
7.6129,74,22,19,7,12,12,2
3.54839,76,22,2,16
3.87097,66,22,14,22,1,14
3.03226,92,22,10,4
3.80645,68,22,1,20
5.29032,84,22,16,17,6
3.54839,76,22,2,16
7.6129,74,22,18,12,4,7
4.64516,104,22,18,5,13
5.16129,88,22,3,7,11
3.22581,86,22,20,10
7.03226,92,22,21,18,10,10,3
5.80645,68,22,19,16,14
7.67742,72,22,7,22,2,21,1
5.03226,92,22,9,10,2
3.80645,68,22,12,12,10
5.80645,68,22,3,16,5
4.70968,102,22,22,6,1,4
3.54839,76,22,11,17
4,62,22,20,22,9
5.35484,82,22,13,7,2
4.64516,104,22,6,1,17
5.67742,72,22,15,11,4
5.67742,72,22,22,18,20,7
3.93548,64,22,20,19
4,62,22,20,8
3.74194,70,22,3,6
3.93548,64,22,2,17
7.54839,76,22,17,7,4,20
5.6129,74,22,1,9,15
7.41935,80,22,19,15,11,10
5.93548,64,22,12,13,13,6
5.09677,90,22,2,18,4
5.74194,70,22,17,20,12
4,62,22,16,7
3.80645,68,22,4,2,22
5.54839,76,22,10,10,19,1
4,62,22,4,22,5
5.29032,84,22,10,22,2,14
3.87097,66,22,13,18
5.74194,70,22,7,12,10
3.87097,66,22,1,2
4.96774,94,22,6,22,1,13
5.22581,86,22,6,13,6,9
9.74194,70,22,18,19,10,9,11
6.58065,106,22,21,8,9,20
5.87097,66,22,22,19,13,2
7.54839,76,22,2,20,2,7,19
3.87097,66,22,13,18
5.29032,84,22,16,18,4
4.83871,98,22,8,6,20
5.16129,88,22,17,13,18
5.87097,66,22,17,6,14
4,62,22,20,11
5.80645,68,22,14,8,12,22
4.3871,112,22,14,14,10,13
7.6129,74,22,14,7,18,20
5.48387,78,22,18,18,1,13
5.16129,88,22,22,8,2,1
4,62,22,9,3
5.67742,72,22,7,22,13,11
5.16129,88,22,12,7,10
5.54839,76,22,7,1,4
3.80645,68,22,12,10
3.74194,70,22,11,13
5.87097,66,22,17,9,17,18
5.93548,64,22,14,9,11
5.74194,70,22,13,12,15
4,62,22,3,13
8,62,22,18,21,14,20
5.54839,76,22,3,18,9
7.74194,70,22,15,9,15,18,5
2.90323,96,22,22,10,13
5.22581,86,22,20,4,18
3.54839,76,22,10,12
5.87097,66,22,17,12,18
3.41935,80,22,20,9
7.48387,78,22,14,1,14,8,17
4.83871,98,22,8,20,17
7.09677,90,22,8,9,5,15
6.77419,100,22,6,14,11,4
5.03226,92,22,13,20,17
2.83871,98,22,5,13
6,62,22,17,20,2
3.93548,64,22,3,5
6,62,22,19,18,13
5.93548,64,22,7,17,1
6,62,22,15,17,3
9.09677,90,22,3,19,15,7,1
5.48387,78,22,2,11,12
5.22581,86,22,8,2,11
3.67742,72,22,20,17
9.87097,66,22,19,7,19,14,21,2
5.16129,88,22,7,20,10
5.93548,64,22,15,20,8
3.80645,68,22,6,13,22
3.67742,72,22,10,7
5.74194,70,22,15,9,12
4.58065,106,22,19,20,5
4.51613,108,22,8,6,10
7.16129,88,22,17,7,3,13
2.90323,96,22,5,4
5.93548,64,22,22,11,12,14
5.74194,70,22,20,13,13,6
3.67742,72,22,20,17
3.54839,76,22,11,17
3.67742,72,22,20,17
2.90323,96,22,10,13
4.83871,98,22,7,5,2
5.41935,80,22,2,11,18
3.16129,88,22,16,13
5.87097,66,22,16,5,8
4,62,22,20,8
3.87097,66,22,20,1
5.41935,80,22,17,3,15
5.48387,78,22,4,7,3
5.87097,66,22,16,15,21
3.87097,66,22,1,22,10
3.22581,86,22,13,9
5.87097,66,22,4,18,15
2.90323,96,22,22,5,4
5.16129,88,22,2,22,10,18
3.93548,64,22,22,11,20
4.25806,116,22,11,5,4
3.09677,90,22,10,20
5.74194,70,22,21,3,18,21
6.77419,100,22,8,5,9,21
3.93548,64,22,5,17
5.09677,90,22,3,20,19
3.93548,64,22,2,17
3.74194,70,22,9,12
5.35484,82,22,16,3,2
6.83871,98,22,7,7,9,11,4
5.35484,82,22,2,18,16
5.6129,74,22,17,12,1
5.80645,68,22,17,12,8
5.87097,66,22,6,15,1
5.80645,68,22,9,16,7
4.70968,102,22,17,7,1,17
5.54839,76,22,21,10,21,21,13
5.80645,68,22,12,19,9
6.32258,114,22,21,16,5,2
3.93548,64,22,11,19,22
5.93548,64,22,4,18,18,18,14
3.87097,66,22,5,8
5.54839,76,22,10,10,10,17,15
4.83871,98,22,8,16,2
7.54839,76,22,7,12,2,18
3.74194,70,22,5,15
3.03226,92,22,10,4
5.41935,80,22,1,16,14
3.87097,66,22,1,1,2
3.6129,74,22,13,1
4,62,22,9,17
6.90323,96,22,7,5,7,21,9
3.93548,64,22,12,9
6,62,22,21,7,9
7.6129,74,22,14,18,18,20,13
5.09677,90,22,13,6,20
5.93548,64,22,14,9,11
8,62,22,12,21,14,7
5.87097,66,22,18,11,20
3.6129,74,22,16,6
7.87097,66,22,21,8,5,9
5.54839,76,22,16,22,17,4
6.96774,94,22,7,19,7,1,6
7.48387,78,22,7,9,10,14
5.80645,68,22,7,5,7,7,5,11
3.67742,72,22,5,14
5.67742,72,22,14,2,18
9.80645,68,22,14,9,5,16,10
3.87097,66,22,5,8
4.51613,108,22,14,13,10
7.54839,76,22,22,12,3,1,21
5.74194,70,22,11,12,13
5.22581,86,22,17,16,6
6.77419,100,22,17,17,5,10,4
3.93548,64,22,21,3,22
3.35484,82,22,16,4
5.48387,78,22,10,19,7
5.54839,76,22,7,13,1
4.96774,94,22,17,20,6
5.03226,92,22,11,16,12
7.6129,74,22,11,8,1,18
5.29032,84,22,14,10,3
4,62,22,16,7
5.80645,68,22,22,17,17,9,18
3.93548,64,22,11,20
5.35484,82,22,3,18,18,18,20
3.87097,66,22,6,9
3.54839,76,22,10,21
5.74194,70,22,22,6,14,20
5.16129,88,22,8,17,6
3.03226,92,22,10,4
3.87097,66,22,5,8
5.35484,82,22,10,1,7
5.80645,68,22,8,1,2
3.35484,82,22,4,9
7.16129,88,22,5,22,15,21,16
5.6129,74,22,17,2,14
4.58065,106,22,12,4,10
9.80645,68,22,17,15,7,12,14
7.93548,64,22,18,16,1,8
5.6129,74,22,18,6,8
5.41935,80,22,16,1,2
4,62,22,4,17
3.74194,70,22,13,17
7.29032,84,22,18,4,18,14,10
5.80645,68,22,3,11,15
3.93548,64,22,3,5
7.03226,92,22,12,15,18,13
3.35484,82,22,2,10
5.67742,72,22,20,7,14
5.22581,86,22,11,19,13
5.87097,66,22,16,15,21
5.54839,76,22,8,8,15,10
5.03226,92,22,2,6,19
7.54839,76,22,11,5,10,1
3.41935,80,22,20,9
3.87097,66,22,13,18
7.67742,72,22,18,15,2,7
5.80645,68,22,8,18,5
5.16129,88,22,10,11,7
5.87097,66,22,12,3,9
3.6129,74,22,16,6
5.87097,66,22,4,2,3
8,62,22,7,1,3,14
5.74194,70,22,3,14,6
3.48387,78,22,16,20
3.80645,68,22,9,7
3.87097,66,22,4,11
7.87097,66,22,18,14,16,1
7.67742,72,22,8,11,12,13
7.74194,70,22,8,18,21,19
5.09677,90,22,1,22,16,22,3
3.93548,64,22,22,15,11,22
5.41935,80,22,1,19,2
7.09677,90,22,7,8,2,1
4.90323,96,22,17,11,4
4,62,22,10,8
