8.70968,102,16,9,7,22,6,1
3.35484,82,16,4,15
4,62,16,7,3
5.29032,84,16,22,2,2,8
3.35484,82,16,6,12
5.67742,72,16,1,5,15
3.41935,80,16,3,16,20
5.6129,74,16,14,14,20,21
5.48387,78,16,19,12,17
5.74194,70,16,21,4,6
5.67742,72,16,22,3,1
4,62,16,5,2
3.74194,70,16,17,20
6.77419,100,16,17,5,10,21
6.90323,96,16,9,12,19,13
5.09677,90,16,7,17,7,5
6.64516,104,16,18,22,6,10
5.87097,66,16,11,8,17
3.93548,64,16,17,8
3.6129,74,16,20,4
4.77419,100,16,18,9,2
3.93548,64,16,22,5
3.54839,76,16,20,14
2.90323,96,16,13,18
4,62,16,7,3
4,62,16,7,20
3.22581,86,16,6,3
4,62,16,6,4
3.67742,72,16,17,11
5.67742,72,16,19,22,19,20
5.80645,68,16,9,17,4
5.48387,78,16,7,6,18
5.29032,84,16,7,6,2
3.87097,66,16,16,12,22
7.16129,88,16,22,17,15,10
5.29032,84,16,19,2,8
5.29032,84,16,10,16,12,6
3.93548,64,16,6,22
3.16129,88,16,4,19
7.29032,84,16,14,1,8,9
3.87097,66,16,17,12
3.48387,78,16,16,13,12
7.41935,80,16,10,7,21,7,8
5.80645,68,16,10,3,15
7.6129,74,16,9,14,21,14,10
6,62,16,19,19,4,13
5.09677,90,16,21,18,14,16
5.80645,68,16,10,16,8,17
2.90323,96,16,4,1
5.93548,64,16,19,14,10
5.74194,70,16,10,1,17
5.16129,88,16,3,20,18
3.87097,66,16,6,21
3.6129,74,16,2,3
3.48387,78,16,20,7
5.29032,84,16,14,20,15
5.80645,68,16,9,7,1
3.48387,78,16,4,20
3.54839,76,16,20,14
2.3871,112,16,4,10
5.74194,70,16,11,13,2
7.22581,86,16,7,15,7,18,13
2.06452,122,16,13,10
3.48387,78,16,4,7
4.90323,96,16,17,6,20
3.74194,70,16,4,6
3.54839,76,16,2,22
3.67742,72,16,13,2
6,62,16,9,21,13
5.09677,90,16,8,10,10,7
5.87097,66,16,9,7,20
2.45161,110,16,18,4,16
4.83871,98,16,14,13,19
3.54839,76,16,15,21,16
4.3871,112,16,17,10,4
5.48387,78,16,14,1,7
3.35484,82,16,16,2,18
5.93548,64,16,15,21,1
3.03226,92,16,20,17
5.48387,78,16,5,7,11
5.29032,84,16,18,12,5
3.54839,76,16,12,6
3.74194,70,16,17,3
5.29032,84,16,21,6,14
5.74194,70,16,5,19,4
5.48387,78,16,11,16,12,8
3.48387,78,16,20,20,15
2.32258,114,16,4,5
7.03226,92,16,1,9,5,1,2
5.16129,88,16,12,20,11
5.6129,74,16,12,21,13
5.29032,84,16,14,7,5
5.67742,72,16,18,4,21
6.70968,102,16,3,19,1,6
4.83871,98,16,3,20,17
5.6129,74,16,10,21,17
3.16129,88,16,6,11
5.35484,82,16,12,11,18
12,62,16,5,10,1,8,18,19
5.54839,76,16,1,2,14
5.09677,90,16,9,6,20
3.93548,64,16,11,17
7.29032,84,16,18,22,19,22,11
5.93548,64,16,3,11,5
5.93548,64,16,16,3,18,8
3.6129,74,16,20,4
5.41935,80,16,19,7,7,5
5.41935,80,16,4,13,6
7.6129,74,16,10,5,8,6
5.48387,78,16,5,17,3
7.6129,74,16,8,11,21,12
4.25806,116,16,8,5,13
2.06452,122,16,13,5
7.67742,72,16,10,5,14,4
6,62,16,15,18,9
2.90323,96,16,4,1
7.87097,66,16,19,14,18,5
3.93548,64,16,17,8
5.48387,78,16,21,3,18
5.16129,88,16,18,5,15
7.80645,68,16,18,22,15,4
3.48387,78,16,16,21,9
5.6129,74,16,19,20,19,12
3.48387,78,16,13,12
7.09677,90,16,11,7,22,5
3.03226,92,16,13,13,3
3.74194,70,16,17,20
5.54839,76,16,5,17,13
4.58065,106,16,21,6,6,6,9
6,62,16,19,8,20
3.74194,70,16,4,6
5.93548,64,16,7,14,7,17
3.41935,80,16,6,2
5.35484,82,16,16,17,10,8
4.83871,98,16,19,4,1
3.87097,66,16,14,5
2.58065,106,16,19,20,16
5.80645,68,16,18,3,2
3.93548,64,16,12,1
3.6129,74,16,2,14
5.41935,80,16,15,15,6,19
5.09677,90,16,17,5,3
5.74194,70,16,12,19,15
2.90323,96,16,2,16,6
7.80645,68,16,3,12,14,22
5.93548,64,16,11,22,18
2.3871,112,16,4,10
7.29032,84,16,1,11,12,10
3.16129,88,16,4,8
5.6129,74,16,3,22,3,3,1
2.83871,98,16,6,5
5.41935,80,16,15,11,5
4.70968,102,16,14,17,1
5.67742,72,16,15,7,5
5.41935,80,16,8,8,22,1
5.93548,64,16,9,3,13
5.6129,74,16,19,5,11
3.6129,74,16,6,17
3.67742,72,16,6,14
3.6129,74,16,2,3
2.83871,98,16,6,6,5
7.67742,72,16,19,7,14,1
5.41935,80,16,18,21,9
5.41935,80,16,6,16,10,17
5.41935,80,16,21,15,13
2.83871,98,16,13,8
5.35484,82,16,18,9,22
7.80645,68,16,16,19,18,21,21,3
7.67742,72,16,9,14,11,5
3.48387,78,16,4,7
5.87097,66,16,14,2,13
5.09677,90,16,7,4,18
4,62,16,6,7
5.93548,64,16,15,10,9
5.87097,66,16,21,16,5,1
2.77419,100,16,13,17
2.06452,122,16,13,10
3.03226,92,16,20,17
2.90323,96,16,20,16,6
5.67742,72,16,19,1,19,4
5.16129,88,16,15,10,15,9
3.48387,78,16,20,16,15
3.87097,66,16,11,16,16,6
7.16129,88,16,10,18,12,6
5.09677,90,16,18,2,2,6
5.67742,72,16,22,7,5
7.09677,90,16,18,15,21,2,18
4,62,16,12,15
7.93548,64,16,10,8,11,9
4.96774,94,16,18,10,12
7.54839,76,16,10,8,12,15
7.48387,78,16,10,17,15,1
5.6129,74,16,7,2,12
5.41935,80,16,19,17,9
5.67742,72,16,10,17,10,7
2.96774,94,16,4,11
4.90323,96,16,14,9,7
3.41935,80,16,21,10
6,62,16,3,8,9
4,62,16,1,17
4,62,16,21,17
3.87097,66,16,17,2
3.48387,78,16,12,17
5.09677,90,16,9,4,18
5.22581,86,16,12,19,12,16,17
4,62,16,15,5
3.87097,66,16,6,21
3.48387,78,16,2,2,15
5.87097,66,16,19,11,15
4.45161,110,16,22,9,9,20
3.35484,82,16,2,18
5.80645,68,16,10,12,13
4.90323,96,16,21,20,6
5.03226,92,16,16,12,8,6
3.74194,70,16,5,13
3.93548,64,16,10,2
5.09677,90,16,21,8,17
3.35484,82,16,12,14,16
3.54839,76,16,4,12
7.48387,78,16,19,11,3,9
6,62,16,19,15,4
4.96774,94,16,22,6,9
5.67742,72,16,10,22,13
3.16129,88,16,16,6,1
5.48387,78,16,16,19,9,22
4.12903,120,16,11,13,5
6.32258,114,16,19,16,1,5,2
3.6129,74,16,6,17
5.54839,76,16,15,16,8,22
6,62,16,19,11,10
2.3871,112,16,7,4,16
3.87097,66,16,20,12
3.09677,90,16,13,14
4.90323,96,16,3,20,3,6
5.41935,80,16,1,22,13
3.93548,64,16,17,8
3.29032,84,16,20,19
5.93548,64,16,8,4,13
5.22581,86,16,21,19,6
5.48387,78,16,22,4,20
7.6129,74,16,5,19,3,2
5.80645,68,16,17,21,2
7.29032,84,16,11,18,19,8,16
7.22581,86,16,9,17,10,8
5.67742,72,16,7,12,21
3.6129,74,16,6,18
6.96774,94,16,11,19,1,4
5.67742,72,16,15,20,12
5.41935,80,16,22,17,13
5.80645,68,16,22,21,1
3.22581,86,16,20,1
5.29032,84,16,17,9,17,10
3.35484,82,16,6,12
5.35484,82,16,15,8,6
5.48387,78,16,5,6,22
4.45161,110,16,17,10,2
5.03226,92,16,12,11,2
4.83871,98,16,18,4,1
5.03226,92,16,7,2,2,6
6.51613,108,16,15,15,21,2,5
7.03226,92,16,8,21,20,19
5.29032,84,16,12,20,15
5.67742,72,16,3,18,1
3.29032,84,16,21,5
4.83871,98,16,2,2,20,6
5.87097,66,16,16,14,18,14,13
3.29032,84,16,2,1
7.67742,72,16,10,1,21,13
3.67742,72,16,3,17
5.74194,70,16,10,7,4
5.41935,80,16,18,15,21,16
2.90323,96,16,13,18
3.67742,72,16,17,1
5.80645,68,16,14,1,5
6,62,16,17,9,10
6.83871,98,16,15,21,6,3
5.67742,72,16,19,20,12
3.93548,64,16,21,11
3.35484,82,16,20,18
4.96774,94,16,11,4,8
5.80645,68,16,18,20,18,18,22
3.87097,66,16,17,12
3.74194,70,16,20,13
3.48387,78,16,4,4,7
5.09677,90,16,12,13,15
9.87097,66,16,9,22,7,14,3
5.35484,82,16,16,19,19,12,10
3.87097,66,16,2,12
3.35484,82,16,4,15
3.74194,70,16,4,21
6.3871,112,16,5,11,10,20
5.48387,78,16,1,20,4
5.87097,66,16,7,21,21,3
5.87097,66,16,8,11,22
3.74194,70,16,3,6
3.41935,80,16,6,2
4.32258,114,16,8,5,4
5.74194,70,16,14,3,20
2.77419,100,16,13,17
3.87097,66,16,6,15
5.22581,86,16,3,7,20
5.74194,70,16,11,16,19,5
5.41935,80,16,15,4,7
4.64516,104,16,17,10,6
4.90323,96,16,10,16,16,6,11
5.6129,74,16,3,22,21
4,62,16,11,11,6
3.35484,82,16,16,17,16,4
3.93548,64,16,7,1
3.67742,72,16,17,1
3.35484,82,16,2,11
3.87097,66,16,2,2,12
4.96774,94,16,19,6,3
3.41935,80,16,20,22
7.54839,76,16,19,22,22,17,10
3.74194,70,16,20,13
3.16129,88,16,2,17
5.41935,80,16,21,19,10
5.67742,72,16,22,22,8,15
5.48387,78,16,12,14,6
4,62,16,11,6
3.87097,66,16,6,15
7.74194,70,16,8,15,14,3
2.58065,106,16,16,20,5
5.35484,82,16,14,1,2
5.74194,70,16,5,21,19
3.6129,74,16,2,7
5.48387,78,16,16,19,2,3
8.77419,100,16,1,19,8,21,10
7.87097,66,16,11,16,19,18,8
5.48387,78,16,22,13,21
3.09677,90,16,13,22
5.93548,64,16,18,3,21
4.90323,96,16,19,20,6
4,62,16,1,17
3.93548,64,16,7,1
5.6129,74,16,15,14,15,5
2.45161,110,16,4,9
3.93548,64,16,14,10
5.09677,90,16,8,17,9
5.35484,82,16,8,9,16,14
2.58065,106,16,20,5
7.6129,74,16,18,3,1,19
7.09677,90,16,14,1,11,13
3.41935,80,16,21,10
4.3871,112,16,19,20,5
5.87097,66,16,10,11,10,3
5.80645,68,16,15,3,14
5.22581,86,16,1,20,18
3.67742,72,16,17,11
5.93548,64,16,18,14,10
4.96774,94,16,15,2,17
5.48387,78,16,19,17,14
5.41935,80,16,15,13,20
5.35484,82,16,14,21,20,14
5.80645,68,16,1,1,16,11,7
5.29032,84,16,3,4,20
3.48387,78,16,6,19
5.35484,82,16,12,20,20,3
5.35484,82,16,1,9,20
3.93548,64,16,6,22
3.80645,68,16,17,13
2.06452,122,16,16,13,10
7.16129,88,16,16,19,8,9,22
3.87097,66,16,13,4
5.93548,64,16,8,19,2
3.6129,74,16,2,14
3.93548,64,16,17,17,8
5.16129,88,16,14,2,6
5.16129,88,16,14,20,8
5.93548,64,16,9,10,4
3.54839,76,16,20,14
3.74194,70,16,4,6
5.09677,90,16,1,2,17
3.22581,86,16,16,6,3
5.6129,74,16,1,16,3,20
7.22581,86,16,22,17,7,7,11
5.67742,72,16,21,14,4
3.41935,80,16,4,14
3.41935,80,16,13,21
5.67742,72,16,5,7,4
4,62,16,11,6
3.6129,74,16,2,3
5.09677,90,16,8,17,9
4.32258,114,16,14,4,10
3.35484,82,16,20,11
7.22581,86,16,9,15,9,8,5
3.74194,70,16,20,13
3.35484,82,16,12,10
5.74194,70,16,8,7,2
4.90323,96,16,22,4,1
5.93548,64,16,7,8,14
5.67742,72,16,22,18,4
2.83871,98,16,6,5
3.93548,64,16,17,8
5.80645,68,16,10,14,6
3.22581,86,16,20,20,1
4.83871,98,16,19,13,8
4.83871,98,16,16,14,13,19
3.48387,78,16,4,7
4.90323,96,16,19,5,16,21
5.29032,84,16,3,4,20
5.29032,84,16,8,12,8,12,10
3.41935,80,16,4,22
4,62,16,6,7
3.74194,70,16,3,6
5.74194,70,16,5,19,4
4,62,16,12,4
5.22581,86,16,17,17,9,9,17,6
7.6129,74,16,14,19,11,12
5.87097,66,16,16,7,21,3
5.35484,82,16,19,10,22
7.87097,66,16,15,18,21,14,18
5.09677,90,16,15,16,9,14,16
3.41935,80,16,6,8
3.29032,84,16,15,3,16
3.67742,72,16,3,17
4,62,16,7,20
7.29032,84,16,21,18,14,2
5.48387,78,16,1,15,13
7.93548,64,16,9,15,12,14
5.93548,64,16,15,12,21
5.29032,84,16,7,6,8
5.87097,66,16,11,16,7,21
4,62,16,21,16,18
5.03226,92,16,12,8,4
3.6129,74,16,6,18
4.96774,94,16,7,4,17
4.3871,112,16,3,3,20,10
5.41935,80,16,19,2,22
3.48387,78,16,20,7
3.35484,82,16,20,8
7.67742,72,16,14,19,7,6
5.67742,72,16,10,17,2
5.93548,64,16,9,3,13
3.87097,66,16,13,4
3.74194,70,16,3,6
4,62,16,15,5
6,62,16,5,22,6
4.19355,118,16,8,4,5
7.16129,88,16,1,5,16,10,3
3.35484,82,16,4,16,16,22
3.09677,90,16,4,17
3.87097,66,16,20,12
3.54839,76,16,21,15,16
7.67742,72,16,16,10,5,18,4
3.87097,66,16,2,21
3.93548,64,16,10,20
3.35484,82,16,19,16,13
3.35484,82,16,2,19
3.74194,70,16,17,3
3.54839,76,16,20,14
4,62,16,12,4
3.93548,64,16,18,18,1,16
5.16129,88,16,8,20,11
2.90323,96,16,13,18
5.87097,66,16,8,2,13
4,62,16,3,13
6,62,16,19,4,13
2.77419,100,16,13,17
5.22581,86,16,18,15,16,15,3
3.80645,68,16,20,21
4.83871,98,16,9,4,11
4.64516,104,16,22,1,13
5.48387,78,16,7,18,4
5.16129,88,16,12,2,11
3.22581,86,16,20,1
5.6129,74,16,12,21,6
5.67742,72,16,14,7,13
5.48387,78,16,11,4,11,9
5.22581,86,16,21,18,2
2.64516,104,16,2,5
2.90323,96,16,13,18
8,62,16,5,15,22,14
5.80645,68,16,15,3,1
5.93548,64,16,10,11,20
6,62,16,5,3,18
7.48387,78,16,8,18,14,10
5.09677,90,16,12,8,20
3.87097,66,16,22,7,16
4.64516,104,16,22,11,17
3.09677,90,16,16,14,16,13
3.67742,72,16,17,1
3.80645,68,16,10,16,13
5.67742,72,16,10,18,18,13
7.93548,64,16,1,14,12,20
3.74194,70,16,3,6
5.03226,92,16,12,3,17
5.48387,78,16,3,3,19,4
5.74194,70,16,12,14,1
5.35484,82,16,18,9,22
5.16129,88,16,19,6,8
4.51613,108,16,7,2,9
7.22581,86,16,14,19,14,11,2
3.93548,64,16,22,5
5.93548,64,16,9,3,13
7.41935,80,16,18,22,18,7,22,18,6
3.54839,76,16,4,12
5.74194,70,16,21,19,22
5.93548,64,16,9,3,1,16
3.87097,66,16,10,4
5.16129,88,16,21,8,6
5.48387,78,16,3,19,4
3.93548,64,16,10,2
3.67742,72,16,7,10
2.90323,96,16,13,18
3.74194,70,16,20,13
5.74194,70,16,18,8,20
3.41935,80,16,6,8
5.93548,64,16,15,6,7
5.48387,78,16,11,2,22
9.29032,84,16,1,8,15,14,2
5.29032,84,16,21,8,2
5.41935,80,16,16,7,12,15
5.93548,64,16,17,18,7
7.03226,92,16,22,15,2,19
3.41935,80,16,13,21
6,62,16,19,7,8
5.87097,66,16,17,19,18
4.96774,94,16,18,6,11
5.41935,80,16,3,21,3,9
4.90323,96,16,22,4,4,1
3.93548,64,16,7,1
5.74194,70,16,3,8,6
5.09677,90,16,14,11,17
7.74194,70,16,22,15,14,4
7.74194,70,16,17,22,21,21,8
2.90323,96,16,13,18
3.87097,66,16,17,12
5.16129,88,16,8,17,5
7.93548,64,16,18,22,21,12
5.87097,66,16,21,18,7
7.93548,64,16,10,8,22,15
3.16129,88,16,6,11
3.16129,88,16,4,8
3.22581,86,16,4,18
3.29032,84,16,20,19
3.74194,70,16,3,6
3.03226,92,16,13,15
3.93548,64,16,3,10
9.6129,74,16,9,5,19,14,13
4.83871,98,16,17,14,17,3
5.35484,82,16,11,19,19,16,8
5.80645,68,16,15,18,20
3.93548,64,16,18,1,16
4.25806,116,16,3,4,9
5.74194,70,16,5,21,18
5.74194,70,16,3,14,4
3.93548,64,16,10,20
5.67742,72,16,14,6,7
7.67742,72,16,5,14,12,18
5.54839,76,16,7,12,13
5.41935,80,16,18,2,7
3.87097,66,16,2,12
4,62,16,1,17
5.87097,66,16,18,16,11,16,19
5.74194,70,16,7,22,11
5.74194,70,16,1,21,11
2.64516,104,16,2,5
5.16129,88,16,21,13,22
5.93548,64,16,10,7,19
2.25806,116,16,13,9
5.29032,84,16,22,21,21,10
7.09677,90,16,1,9,18,4
7.80645,68,16,16,17,22,7,12
7.35484,82,16,14,3,14,7,12
6.77419,100,16,18,14,9,21
6,62,16,10,17,5
5.54839,76,16,21,14,13
5.87097,66,16,5,10,2
3.03226,92,16,13,13,15
5.80645,68,16,5,15,3
3.93548,64,16,21,1
4.70968,102,16,1,6,11
9.54839,76,16,8,19,3,14,22
3.6129,74,16,20,4
5.93548,64,16,17,18,22
6.96774,94,16,5,22,14,10
4,62,16,6,7
3.09677,90,16,13,22
3.29032,84,16,4,3
4.96774,94,16,11,4,8
6.25806,116,16,22,15,9,13
3.09677,90,16,13,22
3.22581,86,16,20,1
2.64516,104,16,19,2,16
3.54839,76,16,4,12
2.58065,106,16,20,10
5.54839,76,16,18,1,7
4.83871,98,16,8,4,4,11
5.87097,66,16,10,19,6
3.87097,66,16,17,2
3.22581,86,16,20,1
3.67742,72,16,20,16,19
5.48387,78,16,3,19,4
3.16129,88,16,22,16,13
3.87097,66,16,10,4
7.29032,84,16,19,10,5,15
4.83871,98,16,17,21,21,5
7.35484,82,16,9,7,17,19
3.6129,74,16,2,14
5.22581,86,16,11,22,10
7.48387,78,16,16,9,3,15,3,18
4.32258,114,16,10,8,16,4
3.87097,66,16,17,2
3.93548,64,16,10,20
7.22581,86,16,21,15,19,10
6,62,16,22,7,1
5.87097,66,16,16,8,15,12
5.48387,78,16,9,2,2,22
7.80645,68,16,19,21,3,3,11
5.09677,90,16,12,8,20
5.48387,78,16,10,6,15
3.87097,66,16,13,4
5.54839,76,16,19,16,22,4
7.48387,78,16,15,18,14,5
7.67742,72,16,10,15,22,19,15
3.35484,82,16,2,11
5.67742,72,16,10,3,4
4.3871,112,16,14,20,10
5.54839,76,16,14,6,13
7.87097,66,16,8,1,11,15
3.67742,72,16,3,17
5.35484,82,16,22,8,8,2
3.35484,82,16,16,20,11
5.6129,74,16,21,15,3
3.54839,76,16,2,22
5.16129,88,16,18,2,11
9.67742,72,16,5,19,8,1,14
3.6129,74,16,22,22,14,16
5.54839,76,16,19,17,10
5.93548,64,16,9,18,13
7.48387,78,16,15,14,8,2
3.74194,70,16,5,13
3.29032,84,16,2,1
5.41935,80,16,19,5,18
3.93548,64,16,12,1
5.74194,70,16,3,12,3,3,4
5.74194,70,16,11,15,12
5.80645,68,16,18,22,9
3.48387,78,16,2,2,15
5.35484,82,16,19,20,3
3.87097,66,16,16,14,5
5.67742,72,16,15,2,4
5.80645,68,16,7,22,7,16,14
3.87097,66,16,2,12
5.93548,64,16,10,12,21
3.41935,80,16,2,8
5.93548,64,16,11,3,5
3.35484,82,16,2,18
5.87097,66,16,10,16,22,22,3
7.41935,80,16,18,8,11,2
3.6129,74,16,6,17
3.54839,76,16,4,12
5.09677,90,16,21,13,3
7.74194,70,16,18,21,3,12
5.93548,64,16,5,19,17
2.3871,112,16,4,10
8,62,16,1,21,15,18
5.35484,82,16,3,12,10
5.67742,72,16,15,17,14
3.41935,80,16,6,8
3.67742,72,16,7,10
4.3871,112,16,1,6,5
5.93548,64,16,5,17,19
4.32258,114,16,2,20,5
3.54839,76,16,20,14
9.22581,86,16,1,8,11,19,2
4,62,16,5,2
3.48387,78,16,21,9
3.74194,70,16,17,3
5.16129,88,16,22,3,9
7.87097,66,16,8,11,18,19
3.93548,64,16,11,17
2.90323,96,16,6,10
2.06452,122,16,13,5
2.77419,100,16,20,9
5.09677,90,16,17,19,4
2.83871,98,16,13,8
3.93548,64,16,12,1
7.6129,74,16,19,14,6,22
7.87097,66,16,11,8,14,18,11
7.54839,76,16,19,3,18,3,21
7.67742,72,16,18,14,22,4
3.29032,84,16,2,6
5.87097,66,16,10,12,18
5.48387,78,16,14,9,9,11
3.87097,66,16,2,4
3.41935,80,16,3,16,20
3.54839,76,16,2,22
7.16129,88,16,8,14,11,4
5.87097,66,16,19,12,22
5.03226,92,16,1,5,2
3.6129,74,16,2,14
3.48387,78,16,4,20
3.93548,64,16,17,5,16
4,62,16,8,13
3.09677,90,16,4,4,17
8.77419,100,16,8,1,3,12,10
7.29032,84,16,22,22,19,1,12
3.93548,64,16,22,5
5.54839,76,16,16,21,12,1
5.29032,84,16,17,9,18
4.90323,96,16,9,13,11
5.22581,86,16,15,4,3
3.74194,70,16,4,6
6,62,16,9,3,4
5.03226,92,16,19,4,17
3.67742,72,16,17,1
3.93548,64,16,7,11
3.74194,70,16,17,3
5.48387,78,16,22,11,9
5.03226,92,16,17,5,14
3.41935,80,16,16,13,6
7.22581,86,16,9,14,18,7,9
3.93548,64,16,17,8
5.80645,68,16,18,6,7
6.83871,98,16,14,8,12,10
3.35484,82,16,16,16,6,12
3.41935,80,16,16,13,21
6.3871,112,16,8,10,9,10,2
5.87097,66,16,8,8,8,1,16,1,9
5.74194,70,16,7,16,11,19
7.29032,84,16,21,15,14,2
5.09677,90,16,14,9,3
5.67742,72,16,12,19,19,3
3.87097,66,16,16,2,4
5.80645,68,16,10,12,8
5.35484,82,16,1,9,20
9.54839,76,16,10,5,18,15,20
4.83871,98,16,14,13,19
3.67742,72,16,9,7,16
4.25806,116,16,17,5,4
4.90323,96,16,12,8,13
5.48387,78,16,15,8,2
5.41935,80,16,19,10,15
5.6129,74,16,16,5,16,12,22
3.6129,74,16,6,18
3.22581,86,16,4,18
3.74194,70,16,7,9
3.74194,70,16,20,13
7.74194,70,16,1,11,19,2
7.93548,64,16,7,18,15,21
5.74194,70,16,10,21,3
9.93548,64,16,9,10,19,7,14
5.54839,76,16,22,19,2
2.51613,108,16,7,2,16
3.16129,88,16,6,1
2.77419,100,16,13,17
3.87097,66,16,6,13
5.54839,76,16,3,3,18,9
4.90323,96,16,12,19,13
5.6129,74,16,5,3,1,16
4.3871,112,16,19,5,13
8,62,16,8,21,21,15,14
7.93548,64,16,5,5,1,18,8
4.90323,96,16,15,9,21
2.96774,94,16,4,11
3.48387,78,16,20,15
3.35484,82,16,2,18
3.74194,70,16,15,14,16
3.29032,84,16,7,16,11,7
3.16129,88,16,13,7
4,62,16,7,7,3
3.87097,66,16,6,21
3.54839,76,16,2,2,22
2.96774,94,16,22,12,16
5.48387,78,16,15,11,18
3.74194,70,16,17,3
5.74194,70,16,22,4,22,19
5.48387,78,16,22,13,6
3.87097,66,16,6,21
5.29032,84,16,11,4,7
5.54839,76,16,9,9,1,22,16
3.48387,78,16,13,12
6,62,16,18,12,15
6.51613,108,16,15,15,22,2,9
5.87097,66,16,1,3,12,1
5.67742,72,16,7,15,5
6.77419,100,16,19,19,19,8,10,12
3.54839,76,16,16,12,6
5.41935,80,16,16,14,4,7
5.87097,66,16,15,14,4
2.96774,94,16,6,9
5.87097,66,16,15,16,14,21
3.6129,74,16,20,4
4.83871,98,16,12,11,13
5.67742,72,16,11,20,11,12
3.16129,88,16,13,16,13,7
5.74194,70,16,8,1,20
3.87097,66,16,6,6,15
5.93548,64,16,17,14,21
5.6129,74,16,8,7,20
3.74194,70,16,4,21
5.80645,68,16,8,14,5
2.25806,116,16,13,9
3.22581,86,16,20,1
5.67742,72,16,18,4,6
3.93548,64,16,5,20
2.77419,100,16,13,17
4.45161,110,16,8,10,4
7.93548,64,16,16,14,7,15,17
6.83871,98,16,7,22,7,17,11
4.45161,110,16,1,19,16,4
5.22581,86,16,14,22,17,16
5.93548,64,16,5,11,20
3.6129,74,16,6,18
5.54839,76,16,22,17,8
3.74194,70,16,17,20
5.87097,66,16,21,7,6
4,62,16,1,13
4.77419,100,16,8,5,21
3.93548,64,16,3,10
4.06452,122,16,15,13,10
3.93548,64,16,12,1
3.16129,88,16,2,17
5.29032,84,16,15,8,17
3.87097,66,16,2,4
5.67742,72,16,1,3,6
3.09677,90,16,20,6
7.93548,64,16,19,3,12,8
7.80645,68,16,15,18,18,21,2
5.29032,84,16,14,7,5
7.16129,88,16,15,14,12,6
5.22581,86,16,5,16,12,17
3.03226,92,16,20,17
5.74194,70,16,5,9,13
5.80645,68,16,18,19,3,18
2.83871,98,16,6,5
6.83871,98,16,19,11,19,1,1,17
5.80645,68,16,1,12,22
3.35484,82,16,20,8
6.96774,94,16,9,18,18,4,19
7.09677,90,16,1,8,12,5
5.74194,70,16,12,21,8
5.48387,78,16,9,13,21
7.22581,86,16,18,14,12,5
5.29032,84,16,18,12,5
5.67742,72,16,16,3,7,14
5.6129,74,16,10,21,17
5.74194,70,16,3,2,21
4.96774,94,16,14,17,8
5.80645,68,16,12,16,1,8
4,62,16,21,17
3.41935,80,16,6,8
9.09678,90,16,10,11,3,1,2
3.35484,82,16,20,18
3.67742,72,16,17,11
5.87097,66,16,3,15,21
5.09677,90,16,15,13,22
3.87097,66,16,14,1,16
3.93548,64,16,3,10
5.74194,70,16,14,19,6
3.48387,78,16,4,16,18
2.77419,100,16,20,9
7.35484,82,16,1,14,14,3,13
5.87097,66,16,11,7,17
3.87097,66,16,13,4
7.29032,84,16,19,14,7,5
9.16129,88,16,5,10,16,5,10,7,15,2
3.93548,64,16,7,11
3.93548,64,16,10,2
3.93548,64,16,16,17,8
5.80645,68,16,14,8,5
3.48387,78,16,4,7
4,62,16,14,9,16
2.64516,104,16,4,16,2
7.09677,90,16,8,18,11,7
5.80645,68,16,18,18,2,2,18,7
3.41935,80,16,3,12,16
5.54839,76,16,5,22,1
3.54839,76,16,3,16,6
3.16129,88,16,6,11
3.67742,72,16,20,20,16,19
5.09677,90,16,10,19,7,10
3.6129,74,16,6,17
7.87097,66,16,16,10,8,21,22
5.80645,68,16,1,22,6
5.22581,86,16,15,10,19
3.41935,80,16,4,22
5.54839,76,16,22,17,8
3.48387,78,16,4,20
4.77419,100,16,14,17,3
3.74194,70,16,4,21
3.54839,76,16,15,21,16
5.22581,86,16,3,16,17,6
5.87097,66,16,17,22,4
2.64516,104,16,2,5
5.67742,72,16,14,22,2
5.22581,86,16,9,2,6
5.54839,76,16,3,4,4,21
5.67742,72,16,17,7,20
8,62,16,19,7,14,21
7.41935,80,16,7,14,8,22
4.32258,114,16,22,20,5
3.93548,64,16,6,6,22
5.29032,84,16,16,7,2,22
5.93548,64,16,3,12,1
5.48387,78,16,4,13,12
3.6129,74,16,16,2,7
3.29032,84,16,12,5
4,62,16,8,13
5.80645,68,16,15,18,20
5.35484,82,16,7,18,13
4.77419,100,16,1,4,11
5.80645,68,16,21,19,3
7.80645,68,16,19,3,1,14
2.45161,110,16,13,16,20
3.41935,80,16,4,14
3.16129,88,16,13,7
5.6129,74,16,5,21,21,13
2.83871,98,16,13,8
5.35484,82,16,11,22,3
4.3871,112,16,15,4,9
5.09677,90,16,10,15,10,6
3.03226,92,16,13,15
3.80645,68,16,17,13
6,62,16,3,11,18
4.12903,120,16,11,13,5
7.54839,76,16,3,3,19,15,8
5.41936,80,16,18,13,20
5.87097,66,16,1,12,7
5.41935,80,16,15,13,6
2.83871,98,16,13,8
5.09677,90,16,15,20,19
7.87097,66,16,10,15,14,3
5.87097,66,16,11,8,8,17
3.35484,82,16,2,11
5.22581,86,16,9,6,12
5.16129,88,16,3,2,1
5.67742,72,16,17,7,3
7.22581,86,16,14,12,18,6
3.93548,64,16,11,17
2.96774,94,16,4,11
3.67742,72,16,17,11
3.35484,82,16,20,18
7.16129,88,16,17,7,18,20
9.48387,78,16,9,10,11,1,17
3.87097,66,16,15,7,16
3.35484,82,16,20,8
9.22581,86,16,5,1,1,19,18,20
6,62,16,19,21,17
6,62,16,10,19,17
4.83871,98,16,19,11,16,12
3.54839,76,16,2,22
3.74194,70,16,4,4,2
3.87097,66,16,20,20,12
3.93548,64,16,12,1
4,62,16,7,20
5.67742,72,16,17,18,3
5.22581,86,16,8,10,22
7.29032,84,16,15,17,22,17,19
7.74194,70,16,18,21,22,19
5.93548,64,16,1,12,12,12,4
5.09677,90,16,12,19,2
5.80645,68,16,7,22,3
5.80645,68,16,11,1,12,11
3.29032,84,16,2,1
3.87097,66,16,10,4
2.06452,122,16,13,5
5.09677,90,16,16,12,13,15
9.87097,66,16,5,16,10,5,16,15,14,21
4.83871,98,16,18,9,6
3.22581,86,16,4,18
7.80645,68,16,1,8,22,19
2.77419,100,16,13,17
3.67742,72,16,17,11
5.54839,76,16,12,3,15
5.67742,72,16,9,17,13
3.48387,78,16,21,9
7.48387,78,16,22,21,18,3
4.96774,94,16,9,13,18
3.16129,88,16,6,11
5.80645,68,16,19,16,14,22
3.67742,72,16,13,2
4,62,16,5,8,16
2.58065,106,16,2,10
3.6129,74,16,7,5
7.54839,76,16,10,22,19,7
7.80645,68,16,11,1,14,20
5.48387,78,16,7,12,11
5.09677,90,16,18,13,14
7.29032,84,16,8,22,22,18,17
3.80645,68,16,1,16,20
3.93548,64,16,7,1
3.48387,78,16,12,17
2.83871,98,16,13,11
3.74194,70,16,10,13
3.29032,84,16,12,16,12,5
7.22581,86,16,1,15,19,17
3.6129,74,16,2,14
4.25806,116,16,15,10,2
7.93548,64,16,16,9,9,12,18,15
3.41935,80,16,4,22
3.6129,74,16,6,17
6,62,16,11,3,13
5.87097,66,16,15,1,8
7.22581,86,16,10,14,14,7,11
5.35484,82,16,15,1,21
3.93548,64,16,6,22
