3.22581,86,20,22,20,10
5.41935,80,20,11,20,13,7
2.64516,104,20,16,4
6,62,20,21,19,5
3.22581,86,20,9,7
3.35484,82,20,17,17,13
4.58065,106,20,7,7,4,16
4,62,20,19,17
4.12903,120,20,10,5,5,13
2.77419,100,20,16,2
5.29032,84,20,22,21,9
4,62,20,22,1
7.67742,72,20,12,7,21,21,6
7.29032,84,20,1,10,5,17
7.67742,72,20,21,15,11,14
3.87097,66,20,6,14
5.80645,68,20,1,14,7
5.16129,88,20,16,5,18
5.74194,70,20,1,11,7
5.35484,82,20,2,13,10
5.67742,72,20,15,17,16
3.6129,74,20,6,8
3.67742,72,20,2,11,20
7.22581,86,20,15,8,14,13
3.41935,80,20,5,11
5.93548,64,20,7,12,14
7.74194,70,20,14,8,3,9
3.67742,72,20,20,16,19
3.87097,66,20,14,14,15,20
3.87097,66,20,17,18
5.35484,82,20,11,18,6
5.74194,70,20,13,20,15,12
4,62,20,18,5
3.93548,64,20,15,20,2,15
2.25806,116,20,5,4
5.6129,74,20,2,1,22
5.29032,84,20,22,8,2
3.41935,80,20,17,12
4.32258,114,20,21,9,13
3.93548,64,20,18,4
6,62,20,3,19,16
4,62,20,2,5
3.93548,64,20,22,10
4,62,20,5,9
4,62,20,8,5
3.41935,80,20,17,17,2
4,62,20,22,9
4,62,20,7,16
5.80645,68,20,11,18,8
5.29032,84,20,13,21,22,22,20
3.6129,74,20,9,19
3.93548,64,20,5,16
3.80645,68,20,8,17
6,62,20,3,18,12
3.74194,70,20,17,19
3.41935,80,20,16,14
5.93548,64,20,2,15,1
5.6129,74,20,14,11,2
5.29032,84,20,6,4,15
7.35484,82,20,7,18,8,10
5.93548,64,20,18,21,8
2.58065,106,20,9,13
2.83871,98,20,10,10,21
3.41935,80,20,9,17
5.74194,70,20,8,20,21,13
2.25806,116,20,5,4
5.22581,86,20,8,21,16
6.19355,118,20,21,14,13,10
5.22581,86,20,18,10,19
3.67742,72,20,6,19
3.09677,90,20,10,3
5.09677,90,20,12,17,4
4.77419,100,20,18,17,1
2.25806,116,20,5,4
3.87097,66,20,19,2
5.22581,86,20,6,15,3
7.74194,70,20,2,18,3,12
4.83871,98,20,16,5,7
6,62,20,11,12,3
7.29032,84,20,4,7,21,17
3.87097,66,20,8,4
5.87097,66,20,18,14,17
5.35484,82,20,3,2,19
5.03226,92,20,19,21,21,10
5.67742,72,20,2,20,22,10
4.58065,106,20,15,2,16
3.80645,68,20,7,5
5.03226,92,20,14,9,7
5.67742,72,20,18,3,21
5.16129,88,20,22,13,7
5.80645,68,20,4,2,15
3.41935,80,20,17,2
3.41935,80,20,13,13,16
4.77419,100,20,3,3,2,16
3.41935,80,20,10,11
4,62,20,1,21
5.80645,68,20,1,18,19
5.6129,74,20,7,12,15
5.6129,74,20,7,11,19
7.22581,86,20,1,9,5,9,14
7.35484,82,20,19,22,15,15,4
5.41935,80,20,13,20,3,5
5.93548,64,20,15,12,21
5.35484,82,20,3,2,18
5.74194,70,20,17,7,21
5.6129,74,20,22,19,17
7.67742,72,20,12,7,15,2
3.29032,84,20,5,19
3.48387,78,20,1,6
3.87097,66,20,8,8,6
3.6129,74,20,9,9,19
3.87097,66,20,6,14
3.41935,80,20,9,3
5.54839,76,20,3,18,3,22
3.54839,76,20,6,12
3.41935,80,20,9,3
2.64516,104,20,16,16,4
5.87097,66,20,20,14,15,15,11
3.74194,70,20,16,11
3.48387,78,20,4,16
7.67742,72,20,11,3,1,19
3.41935,80,20,6,3
3.80645,68,20,7,14,20
3.16129,88,20,16,21
5.22581,86,20,14,9,3
5.80645,68,20,7,4,6
5.80645,68,20,21,17,10
3.80645,68,20,6,18
8,62,20,21,14,2,13
7.74194,70,20,8,3,1,14
7.22581,86,20,3,19,1,7
5.87097,66,20,16,9,1
7.48387,78,20,13,21,14,16
5.29032,84,20,18,17,6
5.93548,64,20,21,22,9
5.35484,82,20,22,6,8
2.90323,96,20,16,6
2.64516,104,20,16,4
5.54839,76,20,13,18,3
3.93548,64,20,9,1
7.54839,76,20,13,2,15,17
5.87097,66,20,21,6,17
5.22581,86,20,19,19,9,15
3.93548,64,20,10,16
4,62,20,1,1,21
5.87097,66,20,4,8,14
3.41935,80,20,22,20,9
3.22581,86,20,6,16
2.25806,116,20,18,10,20
2.45161,110,20,16,13
3.54839,76,20,13,9
4,62,20,19,5
5.29032,84,20,20,1,11,12,1
5.93548,64,20,13,7,6
3.22581,86,20,20,5,18
5.87097,66,20,8,11,10
5.29032,84,20,13,17,21
5.93548,64,20,22,8,1
5.16129,88,20,9,10,3
4.83871,98,20,20,11,21,9
5.93548,64,20,2,3,13
4,62,20,18,5
6,62,20,20,2,6,13
4.83871,98,20,14,17,1
3.41935,80,20,4,9
9.87097,66,20,3,11,8,18,14
3.67742,72,20,19,13
3.93548,64,20,13,1
4.90323,96,20,11,12,5
3.22581,86,20,17,1
4.96774,94,20,19,10,14
5.29032,84,20,8,22,8,20,15
4.64516,104,20,2,16,6
8,62,20,4,21,8,3
5.16129,88,20,18,1,2
3.29032,84,20,7,6,20
3.6129,74,20,16,8
4.83871,98,20,11,10,12
3.35484,82,20,17,13
5.87097,66,20,21,4,2,21
5.87097,66,20,22,18,17
5.22581,86,20,3,15,5
7.48387,78,20,20,11,1,3,7
5.35484,82,20,13,11,10
5.93548,64,20,7,18,17
3.93548,64,20,4,11
7.22581,86,20,15,7,4,3
3.67742,72,20,6,19
3.93548,64,20,21,5
5.48387,78,20,14,20,12,6
2.45161,110,20,16,13
3.74194,70,20,17,6
3.93548,64,20,7,9
5.09677,90,20,8,12,16
7.6129,74,20,2,20,2,7,17,10
3.41935,80,20,17,2
5.80645,68,20,21,2,1
4,62,20,8,5
7.93548,64,20,3,12,7,22
2.58065,106,20,10,6
5.41935,80,20,22,17,2
3.80645,68,20,19,4
3.74194,70,20,17,5
4.90323,96,20,11,12,5
4,62,20,2,5
5.74194,70,20,21,17,6
3.41935,80,20,17,12
2.58065,106,20,9,4
7.74194,70,20,20,13,20,22,7,17
7.48387,78,20,20,21,20,4,6,15
3.54839,76,20,20,6,12
4,62,20,11,7
5.80645,68,20,4,2,15
3.41935,80,20,16,3
5.09677,90,20,22,22,22,6,1
3.29032,84,20,15,20,5
4.45161,110,20,1,10,2
3.6129,74,20,16,18
4,62,20,8,2
7.74194,70,20,2,19,12,14
2.51613,108,20,5,6
3.6129,74,20,9,19
5.35484,82,20,15,3,7
9.54839,76,20,14,19,8,12,18
3.54839,76,20,9,18
3.35484,82,20,13,10
3.93548,64,20,21,5
5.54839,76,20,7,18,13
5.48387,78,20,13,22,16
3.03226,92,20,5,22
5.22581,86,20,20,3,10,19
3.48387,78,20,4,16
5.48387,78,20,22,6,22,3
3.87097,66,20,17,18
5.74194,70,20,12,21,21,9
7.22581,86,20,4,14,8,10
5.35484,82,20,20,13,19,9
3.80645,68,20,20,16,1
3.48387,78,20,16,22
7.41935,80,20,2,22,8,7
2.25806,116,20,5,4
3.09677,90,20,5,15
5.6129,74,20,18,7,11
5.87097,66,20,4,7,19
7.03226,92,20,7,15,21,20,11
3.03226,92,20,6,5
5.6129,74,20,14,2,7
3.54839,76,20,9,8
5.74194,70,20,20,12,12,20,22,8
5.16129,88,20,21,11,17
2.58065,106,20,9,4
2.64516,104,20,16,16,16,4
4.96774,94,20,14,17,13
2.70968,102,20,5,21
7.16129,88,20,13,15,18,18,10
3.87097,66,20,7,10
5.03226,92,20,2,16,7
3.80645,68,20,16,1
3.29032,84,20,5,19
3.74194,70,20,8,20,8,8,13
5.03226,92,20,9,16,12
2.83871,98,20,9,6
5.29032,84,20,8,9,18
5.87097,66,20,14,15,16
3.48387,78,20,16,17
4,62,20,22,9
3.74194,70,20,17,19
5.80645,68,20,15,19,5
4.83871,98,20,18,9,21
6,62,20,13,22,17
3.16129,88,20,18,20,5
3.22581,86,20,15,17,20
3.48387,78,20,16,17
3.22581,86,20,1,20,16
5.09677,90,20,2,21,17,20
3.41935,80,20,17,17,12
4.90323,96,20,4,8,13
3.48387,78,20,18,18,8,20
3.67742,72,20,19,13
5.80645,68,20,1,19,22
7.80645,68,20,8,3,12,11
5.54839,76,20,15,14,5
3.29032,84,20,5,20,20,7
5.6129,74,20,3,3,12,14,20
7.74194,70,20,3,8,14,13
5.48387,78,20,20,3,19,13
5.22581,86,20,13,21,5
5.22581,86,20,20,3,10,10,19
3.41935,80,20,9,14
5.22581,86,20,10,5,17
3.35484,82,20,13,5
3.22581,86,20,6,16
5.74194,70,20,20,7,3,1
4.70968,102,20,15,20,18,20,17
7.87097,66,20,12,15,14,22
5.22581,86,20,14,4,19
3.48387,78,20,16,17
5.67742,72,20,8,11,7
5.80645,68,20,7,2,4
5.87097,66,20,4,22,14
5.16129,88,20,21,10,18
4,62,20,19,5
3.09677,90,20,7,11,20
3.74194,70,20,17,6
5.35484,82,20,13,11,5
4,62,20,15,5
9.93548,64,20,3,11,1,19,14
2.51613,108,20,5,6
3.22581,86,20,17,11
5.80645,68,20,8,12,19
3.80645,68,20,6,18
5.67742,72,20,13,6,19
2.25806,116,20,5,4
5.41936,80,20,13,21,9
3.54839,76,20,9,8
2.64516,104,20,16,4
5.16129,88,20,15,17,1
4.58065,106,20,20,2,9,6
3.87097,66,20,19,19,6
5.54839,76,20,22,18,21,20
4.70968,102,20,18,10,21
3.54839,76,20,4,7,20
2.96774,94,20,10,7
5.16129,88,20,3,22,11
3.29032,84,20,10,8
5.67742,72,20,8,14,15,8
5.09677,90,20,20,3,16,7
3.54839,76,20,9,18
4.25806,116,20,22,4,5
6,62,20,20,1,10,16
5.6129,74,20,18,21,11
4.3871,112,20,12,5,6
5.35484,82,20,7,22,4,20
5.6129,74,20,22,12,8
4.96774,94,20,14,6,1
5.87097,66,20,12,1,21
3.09677,90,20,10,22
4.70968,102,20,3,13,1
5.16129,88,20,4,17,19
3.74194,70,20,11,13
3.09677,90,20,6,10
3.48387,78,20,16,15
4.77419,100,20,12,6,9
4.90323,96,20,12,9,16,9,12,16
6.83871,98,20,12,18,1,1,13
3.6129,74,20,16,8
4.51613,108,20,18,9,2
5.29032,84,20,1,5,17
5.80645,68,20,2,15,10
6.90323,96,20,21,7,12,10
3.35484,82,20,13,10
3.87097,66,20,8,6
5.22581,86,20,4,13,9
5.41935,80,20,12,21,20,8
5.03226,92,20,19,1,6
6,62,20,7,13,4
7.87097,66,20,11,14,19,18
3.87097,66,20,1,1,7
3.74194,70,20,17,16
3.41935,80,20,17,12
3.93548,64,20,5,16
7.41936,80,20,4,21,21,13,6
5.67742,72,20,13,3,18
5.16129,88,20,8,12,17
3.35484,82,20,9,20,11
3.41935,80,20,16,14
2.96774,94,20,10,7
7.67742,72,20,14,19,19,15,3
4,62,20,11,7
5.67742,72,20,13,15,6
3.41935,80,20,20,13,13,16
6,62,20,21,14,5
3.41935,80,20,1,17
4.58065,106,20,2,9,6
5.80645,68,20,18,21,6
3.09677,90,20,5,15
3.6129,74,20,16,18
6.90323,96,20,2,20,15,12,17
5.41935,80,20,18,22,5
3.54839,76,20,9,18
5.93548,64,20,14,3,2
7.22581,86,20,13,4,15,4,13,3
5.93548,64,20,11,9,1
4.96774,94,20,3,2,20,1
5.22581,86,20,7,4,8
7.48387,78,20,12,3,16,19
5.48387,78,20,4,13,20,15
3.87097,66,20,7,10
3.54839,76,20,11,21,20
6,62,20,14,19,5
5.6129,74,20,2,1,1,1,22
3.41935,80,20,13,16
3.87097,66,20,19,6
3.6129,74,20,6,8
3.6129,74,20,6,6,8
3.03226,92,20,9,20,17
3.41935,80,20,1,1,1,17
2.58065,106,20,9,13
5.35484,82,20,14,3,17
5.87097,66,20,21,7,9
4.3871,112,20,3,5,6
5.67742,72,20,7,6,18
3.54839,76,20,9,8
3.6129,74,20,9,19
4.96774,94,20,21,9,7
2.45161,110,20,5,2
5.74194,70,20,8,14,16
3.03226,92,20,6,5
5.54839,76,20,19,12,1
3.35484,82,20,6,11
3.93548,64,20,9,1
4.96774,94,20,3,16,21
3.54839,76,20,11,17
5.67742,72,20,22,2,12
5.35484,82,20,16,5,11
5.41935,80,20,22,12,7
8.70968,102,20,14,15,22,6,11
5.54839,76,20,7,2,14
4.70968,102,20,7,1,17
5.54839,76,20,8,3,8,13
5.67742,72,20,21,19,13
5.41935,80,20,18,16,8
4,62,20,22,9
5.48387,78,20,6,4,12
5.67742,72,20,15,2,21
7.41935,80,20,21,15,11,5
3.29032,84,20,17,3
4.77419,100,20,22,13,13,17
5.29032,84,20,4,19,10
5.29032,84,20,21,13,20,21,11
3.48387,78,20,17,8
3.67742,72,20,11,4
2.45161,110,20,20,5,2
3.03226,92,20,5,22
4.06452,122,20,15,13,10
5.35484,82,20,21,9,9,19
7.93548,64,20,2,12,21,11
5.29032,84,20,2,6,11
3.41935,80,20,17,2
5.48387,78,20,21,20,12,5
5.29032,84,20,3,7,1
3.93548,64,20,5,16
4,62,20,19,5
2.45161,110,20,16,13
5.09677,90,20,13,11,2
3.80645,68,20,19,4
5.74194,70,20,8,14,12,8
3.35484,82,20,10,17
7.74194,70,20,15,14,12,8
7.48387,78,20,13,21,18,11
6.90323,96,20,14,22,19,13
5.48387,78,20,19,18,12,19
4.90323,96,20,3,13,11
2.51613,108,20,5,6
3.80645,68,20,17,10
5.6129,74,20,22,3,22,21
4.70968,102,20,8,10,21
3.41935,80,20,4,15,20
4.58065,106,20,3,2,10
5.74194,70,20,1,19,12
4.77419,100,20,14,2,9
3.35484,82,20,6,1
5.80645,68,20,13,7,13,21
2.77419,100,20,16,2
2.77419,100,20,16,2
3.41935,80,20,4,3,3,20
3.09677,90,20,10,22
2.83871,98,20,10,21
2.96774,94,20,10,7
4.77419,100,20,1,5,12
5.87097,66,20,12,14,12,17
6.64516,104,20,21,21,13,6,16
5.93548,64,20,11,5,16
3.29032,84,20,10,18
3.80645,68,20,19,20,19,4
5.29032,84,20,4,17,21
4.90323,96,20,18,11,6
4.96774,94,20,8,10,22
5.41935,80,20,18,22,5
3.41935,80,20,5,11
3.87097,66,20,7,10
3.67742,72,20,11,4
4,62,20,22,9
3.41935,80,20,9,14
5.54839,76,20,19,7,12
9.74194,70,20,14,3,8,18,19
5.67742,72,20,22,17,9
5.48387,78,20,12,4,11
3.87097,66,20,7,10
4.3871,112,20,18,6,5
3.6129,74,20,16,18
5.35484,82,20,3,2,11
4,62,20,19,5
5.22581,86,20,20,22,20,14,16
7.48387,78,20,2,21,2,8,22
5.54839,76,20,19,11,21
3.41935,80,20,9,3
5.87097,66,20,12,11,7
2.77419,100,20,5,12
3.35484,82,20,9,22
3.80645,68,20,6,18
5.74194,70,20,18,1,18,21
5.41935,80,20,13,13,15,1
3.09677,90,20,10,20,19
3.54839,76,20,9,8
5.35484,82,20,2,7,2,3,20
5.35484,82,20,14,17,16
5.93548,64,20,14,7,12
5.80645,68,20,8,19,5
5.48387,78,20,15,1,18
5.22581,86,20,21,1,4
5.29032,84,20,22,17,3
4.45161,110,20,1,5,2
5.67742,72,20,12,22,3
5.74194,70,20,21,17,16
6.77419,100,20,15,18,18,1,6
3.87097,66,20,22,5
5.22581,86,20,8,20,3,7
3.93548,64,20,1,15
5.93548,64,20,18,21,2
4,62,20,18,5
3.80645,68,20,6,18
4,62,20,5,9
5.80645,68,20,15,18,2
8,62,20,11,1,14,21
5.93548,64,20,15,15,16,10
3.87097,66,20,3,6
3.35484,82,20,6,1
5.16129,88,20,14,1,13
5.80645,68,20,7,2,12
4.96774,94,20,1,16,12
5.80645,68,20,8,22,18
2.45161,110,20,16,13
3.29032,84,20,19,20,9
3.09677,90,20,16,12
3.93548,64,20,7,9
5.54839,76,20,11,12,7
5.67742,72,20,7,17,5
5.54839,76,20,7,1,14
3.67742,72,20,6,19
6,62,20,4,18,14
5.22581,86,20,2,1,13
3.93548,64,20,2,10
5.93548,64,20,7,15,13
4.25806,116,20,7,15,15,20,20,10
3.48387,78,20,17,8
5.16129,88,20,14,4,17
3.16129,88,20,16,21
9.6129,74,20,7,14,18,19,1
3.48387,78,20,20,16,15
3.80645,68,20,7,5
5.48387,78,20,22,12,15
3.48387,78,20,16,15
5.16129,88,20,11,15,16
3.67742,72,20,11,4
5.80645,68,20,12,3,17
5.80645,68,20,13,13,15,17
3.80645,68,20,19,4
3.87097,66,20,4,1
5.29032,84,20,18,16,22
3.87097,66,20,20,22,5
6.64516,104,20,4,6,13,1
7.54839,76,20,13,20,21,14,9
7.22581,86,20,12,2,3,4
5.35484,82,20,2,17,8
3.48387,78,20,21,6,20
2.77419,100,20,9,2
5.67742,72,20,13,6,13,15
2.19355,118,20,5,5,13
3.80645,68,20,14,19,20
7.35484,82,20,12,21,3,12,15
5.6129,74,20,14,12,6
3.80645,68,20,17,10
7.74194,70,20,22,7,18,16
2.90323,96,20,16,6
3.54839,76,20,9,8
4.58065,106,20,3,9,2
7.35484,82,20,3,18,7,12
5.80645,68,20,7,7,12,2
5.54839,76,20,15,11,12
4,62,20,18,5
3.48387,78,20,16,17
3.93548,64,20,4,20,6
3.80645,68,20,18,13
3.03226,92,20,5,22
3.41935,80,20,6,3
3.54839,76,20,9,8
4,62,20,7,16
4,62,20,2,5
2.19355,118,20,5,13
3.74194,70,20,11,13
2.19355,118,20,10,13
2.77419,100,20,5,12
5.80645,68,20,21,2,1
5.41935,80,20,4,3,15
3.87097,66,20,7,10
3.22581,86,20,6,16
4.96774,94,20,14,16,21
3.35484,82,20,6,6,11
5.54839,76,20,4,19,12
7.67742,72,20,15,22,14,2
3.67742,72,20,17,9
5.48387,78,20,13,13,19,13,21
5.67742,72,20,20,14,21,16
5.09677,90,20,22,21,5
6,62,20,4,15,21
4.58065,106,20,7,4,16
2.83871,98,20,10,21
3.67742,72,20,11,20,6
3.6129,74,20,6,2
5.29032,84,20,1,12,7
3.35484,82,20,13,5
5.09677,90,20,2,17,1
5.74194,70,20,17,15,19
7.16129,88,20,21,3,12,16
5.74194,70,20,2,17,18
3.80645,68,20,1,22
5.41935,80,20,15,6,19
3.03226,92,20,5,14
3.87097,66,20,6,14
9.93548,64,20,2,18,19,8,3
3.41935,80,20,20,5,11
5.87097,66,20,21,6,18
3.74194,70,20,17,19
3.48387,78,20,9,15
2.58065,106,20,9,13
7.03226,92,20,7,19,8,13
4,62,20,22,11
5.22581,86,20,16,5,19
7.6129,74,20,11,3,19,12
5.16129,88,20,14,2,17
4.45161,110,20,19,10,6
3.67742,72,20,17,9
5.41935,80,20,11,16,15
5.67742,72,20,14,14,22,3
3.74194,70,20,17,19
2.25806,116,20,5,4
7.16129,88,20,21,3,11,4
3.16129,88,20,6,9
3.87097,66,20,19,6
7.87097,66,20,22,7,6,4
4.51613,108,20,8,9,2
3.16129,88,20,6,9
3.80645,68,20,6,18
4.45161,110,20,1,5,2
6,62,20,15,15,9,5
4,62,20,7,16
5.09677,90,20,12,9,7
3.29032,84,20,10,10,18
9.03226,92,20,12,11,8,19,13
2.32258,114,20,10,4
3.80645,68,20,17,10
2.58065,106,20,9,13
3.80645,68,20,6,6,18
2.90323,96,20,16,6
5.6129,74,20,11,21,18
5.6129,74,20,8,12,1
7.93548,64,20,2,13,14,3
5.80645,68,20,19,7,6
3.35484,82,20,6,11
2.83871,98,20,10,21
6,62,20,2,1,5
5.03226,92,20,4,13,10
5.74194,70,20,18,11,14
5.35484,82,20,15,9,8
5.6129,74,20,8,11,22
5.80645,68,20,14,3,7
4,62,20,8,2
5.74194,70,20,15,8,15,12
5.74194,70,20,22,21,1
3.48387,78,20,17,4
6,62,20,4,22,18
7.93548,64,20,21,7,13,4
4.70968,102,20,19,10,21
3.35484,82,20,9,22
4.70968,102,20,11,16,2
7.35484,82,20,2,15,12,12,1
7.87097,66,20,12,9,10,16
5.09677,90,20,22,6,11
3.93548,64,20,11,2
3.74194,70,20,17,19
3.87097,66,20,1,7
6,62,20,19,3,14
4,62,20,1,21
3.54839,76,20,13,9
7.67742,72,20,22,15,7,19,22
3.48387,78,20,20,17,4
5.16129,88,20,8,12,17
3.6129,74,20,4,20,16
5.74194,70,20,14,9,9,1
5.87097,66,20,8,16,8,11
4.90323,96,20,4,8,13
6.90323,96,20,20,18,15,21,5
3.54839,76,20,5,5,1
5.41936,80,20,13,18,17
5.54839,76,20,7,6,19
5.80645,68,20,21,13,14
5.29032,84,20,3,9,15
5.87097,66,20,22,18,16
5.93548,64,20,12,16,5
3.74194,70,20,17,14
3.48387,78,20,9,15
5.87097,66,20,17,15,18
5.41935,80,20,4,14,9
4.58065,106,20,1,9,4
6.90323,96,20,13,7,21,7,9
3.35484,82,20,17,13
5.29032,84,20,3,1,13
7.09677,90,20,14,7,6,8
6.19355,118,20,12,8,16,13
2.77419,100,20,11,9,20
2.83871,98,20,10,12
3.74194,70,20,16,11
3.41935,80,20,9,14
5.67742,72,20,11,8,5
3.35484,82,20,9,22
5.16129,88,20,22,8,6
2.58065,106,20,9,13
3.48387,78,20,4,16
7.6129,74,20,2,2,18,12,19
3.29032,84,20,5,17
2.19355,118,20,5,13
2.19355,118,20,5,13
5.22581,86,20,2,16,16,15
7.09677,90,20,2,3,1,13
5.48387,78,20,14,12,16
2.3871,112,20,10,2
4.3871,112,20,7,4,5
2.32258,114,20,10,4
3.35484,82,20,13,5
7.67742,72,20,15,7,7,13,2
6,62,20,22,19,21
3.67742,72,20,16,19
5.22581,86,20,8,1,17
3.41935,80,20,10,20,4
3.87097,66,20,4,1
5.54839,76,20,13,6,12
5.93548,64,20,3,1,1,12
5.6129,74,20,22,19,5
3.74194,70,20,17,14
3.29032,84,20,16,20,16,7
3.6129,74,20,10,1
2.51613,108,20,5,6
5.41935,80,20,12,5,1
3.67742,72,20,17,9
6.12903,120,20,20,11,10,5,5,13
3.54839,76,20,5,20,13
3.6129,74,20,6,8
2.45161,110,20,16,13
5.74194,70,20,12,22,16
3.41935,80,20,4,20,5
3.22581,86,20,6,16
3.09677,90,20,5,3
3.09677,90,20,9,21
7.35484,82,20,8,14,18,13
9.22581,86,20,12,15,7,14,16
5.16129,88,20,4,17,6
5.16129,88,20,13,12,20,19
5.67742,72,20,4,19,3
3.67742,72,20,17,9
5.41935,80,20,18,3,7
3.93548,64,20,4,11
4.64516,104,20,21,12,20,5
7.80645,68,20,12,21,18,11
5.93548,64,20,1,3,14
5.6129,74,20,18,19,2
5.80645,68,20,21,22,5
2.3871,112,20,10,2
5.09677,90,20,15,4,8
3.48387,78,20,16,22
5.80645,68,20,12,22,2
3.48387,78,20,16,15
5.03226,92,20,8,12,10
5.87097,66,20,4,7,19
5.54839,76,20,7,3,21
3.03226,92,20,5,22
3.80645,68,20,14,7,20
7.6129,74,20,12,3,22,6
7.80645,68,20,15,14,12,18
4.83871,98,20,21,10,7
3.80645,68,20,18,13
8.83871,98,20,21,14,9,16,12
5.16129,88,20,11,9,12
4.90323,96,20,15,21,20,6
3.67742,72,20,17,9
3.41935,80,20,10,11
4.64516,104,20,10,5,21
2.83871,98,20,10,12
5.22581,86,20,12,10,8
3.09677,90,20,16,12
3.74194,70,20,11,13
3.41935,80,20,9,3
3.16129,88,20,9,12
3.22581,86,20,9,9,7
3.74194,70,20,17,5
6,62,20,18,21,12
3.29032,84,20,10,18
4.64516,104,20,13,17,11
3.09677,90,20,16,12
4,62,20,11,7
5.29032,84,20,22,8,5
5.41935,80,20,2,11,4
7.74194,70,20,14,8,21,13
5.48387,78,20,15,12,15,1
5.80645,68,20,1,18,19
5.35484,82,20,19,22,9
5.67742,72,20,18,22,22,16
3.67742,72,20,7,18,20
5.54839,76,20,3,11,11,4
5.29032,84,20,22,4,15
3.87097,66,20,6,14
6.96774,94,20,21,18,12,5
2.83871,98,20,10,21
3.22581,86,20,17,11
4,62,20,19,20,15
5.6129,74,20,21,1,7
5.41935,80,20,1,8,6
5.03226,92,20,19,20,4,8
4.96774,94,20,16,5,22
5.6129,74,20,22,19,22,16
5.67742,72,20,15,4,21
7.48387,78,20,1,8,14,2
5.41936,80,20,13,18,16
3.87097,66,20,6,14
4,62,20,1,21
5.74194,70,20,18,11,14
2.45161,110,20,16,13
5.22581,86,20,14,4,19
5.80645,68,20,7,11,3
2.96774,94,20,10,7
5.22581,86,20,22,4,3
5.35484,82,20,16,9,9,3
5.48387,78,20,19,10,1
3.03226,92,20,16,20,17
3.16129,88,20,10,10,15
3.41935,80,20,1,13
5.22581,86,20,3,12,3,20,9
5.93548,64,20,7,18,17
2.51613,108,20,2,16,20
4,62,20,19,5
5.80645,68,20,7,4,6
3.29032,84,20,10,18
5.54839,76,20,18,19,12,20
3.6129,74,20,6,8
5.41935,80,20,4,14,16
5.80645,68,20,20,7,12,18
3.09677,90,20,9,21
4.90323,96,20,12,13,10
4.90323,96,20,14,13,17
7.22581,86,20,7,13,7,7,22,22,2
5.6129,74,20,19,19,22,8
3.03226,92,20,5,22
5.67742,72,20,20,18,1,10
5.67742,72,20,8,22,22,14
3.93548,64,20,13,1
5.29032,84,20,14,4,18
3.93548,64,20,2,10
3.54839,76,20,9,18
4.51613,108,20,11,5,6
5.80645,68,20,7,12,18
3.48387,78,20,9,15
3.41935,80,20,10,11
3.87097,66,20,1,7
5.93548,64,20,15,3,12
3.29032,84,20,10,18
3.48387,78,20,16,22
2.77419,100,20,9,2
5.48387,78,20,8,15,3
5.67742,72,20,13,8,18
4.83871,98,20,15,11,6
5.67742,72,20,4,2,18
5.03226,92,20,9,16,12
3.35484,82,20,13,10
4,62,20,5,9
5.16129,88,20,22,4,18
3.03226,92,20,5,14
4.19355,118,20,11,5,13
3.93548,64,20,4,11
4,62,20,19,17
5.22581,86,20,11,19,13
6.83871,98,20,14,21,17,13
3.93548,64,20,10,16
3.67742,72,20,11,4
5.6129,74,20,9,16,19
7.22581,86,20,19,14,3,16
7.93548,64,20,2,13,18,15
3.54839,76,20,9,8
3.93548,64,20,1,15
6.77419,100,20,2,7,3,6
5.03226,92,20,3,10,10,15
3.09677,90,20,16,12
3.93548,64,20,5,16
5.80645,68,20,2,20,3,5
3.87097,66,20,7,10
7.93548,64,20,12,4,12,18,19
5.54839,76,20,14,7,9
3.67742,72,20,16,19
4.96774,94,20,11,15,5
3.67742,72,20,16,19
5.80645,68,20,18,22,8
3.80645,68,20,17,10
9.35484,82,20,15,22,19,14,4
3.09677,90,20,16,12
4,62,20,19,17
7.48387,78,20,13,21,12,1
3.54839,76,20,5,1
3.41935,80,20,9,3
3.87097,66,20,12,8,20
3.80645,68,20,3,17
3.54839,76,20,9,18
5.41935,80,20,14,1,14,5
5.41935,80,20,22,20,13,14
7.48387,78,20,2,13,13,21,13,11
7.22581,86,20,22,22,7,19,4
7.87097,66,20,7,7,14,19,21
5.41935,80,20,2,4,9
3.03226,92,20,5,20,1
3.09677,90,20,16,12
5.03226,92,20,7,6,9
5.74194,70,20,20,12,17,15
5.29032,84,20,8,16,15
3.48387,78,20,1,6
5.03226,92,20,19,11,6
4.58065,106,20,14,2,10
3.93548,64,20,13,1
5.93548,64,20,4,14,3
5.29032,84,20,18,12,6
5.29032,84,20,3,3,7,11
2.58065,106,20,14,9,20
3.74194,70,20,17,19
5.16129,88,20,20,13,13,17,5
5.80645,68,20,22,6,13
3.54839,76,20,9,18
5.87097,66,20,6,13,4
7.6129,74,20,2,11,8,22
5.48387,78,20,13,7,1
3.03226,92,20,16,20,17
5.93548,64,20,8,10,9
3.29032,84,20,16,7
6,62,20,2,17,17,15
5.80645,68,20,2,8,5
4,62,20,8,5
3.80645,68,20,8,17
7.35484,82,20,18,19,7,8
3.74194,70,20,17,19
3.6129,74,20,6,8
3.22581,86,20,17,11
5.87097,66,20,15,11,8
6,62,20,13,2,8
6.83871,98,20,21,14,6,16
3.80645,68,20,16,1
3.09677,90,20,6,10
3.09677,90,20,10,14
5.54839,76,20,4,7,3
4.96774,94,20,14,6,11
5.48387,78,20,4,18,1
7.74194,70,20,2,8,15,15,19
3.74194,70,20,17,16
5.67742,72,20,3,1,22
5.22581,86,20,2,1,17
3.6129,74,20,9,19
5.80645,68,20,21,20,7,8
6,62,20,12,2,8
3.41935,80,20,16,3
2.77419,100,20,1,9,20
5.80645,68,20,18,14,13
2.25806,116,20,5,5,4
3.54839,76,20,20,16,16,20,14
3.35484,82,20,13,5
5.41935,80,20,4,8,7
5.67742,72,20,3,21,1
4.77419,100,20,6,21,9
5.16129,88,20,18,10,8
5.35484,82,20,9,16,9,14
4.32258,114,20,22,4,10
7.6129,74,20,22,18,14,4
5.41935,80,20,15,2,7
5.80645,68,20,11,1,22
3.80645,68,20,18,13
5.67742,72,20,18,9,1
7.67742,72,20,14,8,11,15
4.58065,106,20,12,5,21
4,62,20,2,5
5.09677,90,20,6,4,8
3.93548,64,20,7,20,20,1
4,62,20,14,14,14,5
5.93548,64,20,14,11,18
4.90323,96,20,9,10,21
4.77419,100,20,1,5,12
3.09677,90,20,10,14
5.6129,74,20,1,8,10
8,62,20,19,14,18,8
5.29032,84,20,14,9,15
5.87097,66,20,4,2,22
4.19355,118,20,8,10,4
7.29032,84,20,21,8,7,13
4.19355,118,20,19,19,10,4
7.09677,90,20,2,3,1,17
5.41935,80,20,1,3,16
5.22581,86,20,11,19,13
