288033
415515
59467
54107
180818
33696
87985
45179
129491
290791
133834
23790
167427
55994
17779
7794
56034
43745
512038
90491
7686
59264
143970
52638
37859
32813
176182
8888
65420
48316
23269
139682
23615
35768
119398
42619
55274
21338
75234
64677
14054
26781
252853
14766
139813
58057
77998
127135
45670
71557
213659
163807
216519
528664
53126
166933
64195
58651
597510
112385
169610
275573
181389
49747
44996
22005
10261
302178
78234
127579
210857
56602
206661
17581
188448
14354
18233
107880
17634
135764
151342
266363
41428
74699
76203
16734
27448
368183
68434
517385
29952
47399
91663
49121
97672
56906
17978
369401
69461
79585
85138
71970
41398
195278
41349
88107
28080
19317
56491
286643
214703
127085
969700
581745
1875258
683432
388937
132331
126049
332639
296959
44998
351815
243738
138386
113801
145542
151276
176828
35215
401880
64341
28955
106995
96387
132232
163066
36235
110947
276172
364516
28600
91018
134715
102718
352673
122209
155979
26324
274217
124537
144263
58738
16028
9253
36533
274141
204072
154713
61572
45521
169109
128244
309321
200372
36485
98749
198236
15369
79864
102581
38544
56812
39545
129749
294782
71276
520349
69755
8224
159587
96593
81384
89576
37807
18175
82684
82607
121429
88935
61225
217393
455410
55460
261743
25156
154668
295211
336565
98255
94051
46940
46920
140600
27362
59597
273441
9440
86056
20605
13766
25709
279797
185748
40856
106975
213345
37672
55243
26393
74050
135257
28294
222904
200559
94468
21232
117908
76266
98935
124318
40719
31067
118419
351935
83861
58952
168401
257588
52307
8756
128051
86067
46864
305434
147541
113911
60865
347620
315040
281919
24599
546944
23610
473043
229990
358988
1380078
127819
14628
411547
139723
119415
123886
120465
293091
28624
349911
182906
409651
59723
37336
104770
124027
203980
356743
245673
156131
18161
145635
107915
59901
38685
219823
98131
99841
174098
93991
82712
27906
359533
181795
132602
135527
16905
89438
162802
66651
8427
26971
59487
101257
53015
165564
536537
14712
599790
135112
8123
16687
349015
179395
63954
79729
103670
40671
84842
225837
141434
195090
343610
255099
33805
86099
80935
72726
34384
140072
14306
19914
417429
93125
155502
29208
119096
62480
61826
32947
37363
78642
88122
14593
129195
130701
111404
61390
344370
10061
67758
84556
8677
165997
78067
361427
278950
64977
164486
73231
316539
81600
265655
68269
111166
73982
37714
8631
39911
27038
184706
234150
99987
77753
220319
131167
31904
30507
202743
12583
157076
79116
94010
74126
170837
56806
83658
252258
93474
11587
118200
109949
984705
50910
76693
98974
75477
51282
14804
161823
31807
191855
1051020
93540
395818
83710
78721
161607
43770
430977
230477
81997
202846
13251
11865
75842
54698
74751
16928
126346
38726
197087
108944
253975
23644
34181
18661
49395
77585
371350
27581
82984
87583
74486
260990
287256
63219
210570
184394
51092
35045
136910
72509
13629
95115
96206
51078
43963
44103
165637
199912
81678
91154
168437
18702
130099
409390
97888
88889
12190
270419
56491
283168
159685
85105
260089
41477
430810
115259
66497
105174
90606
20819
116815
51092
55227
68600
16983
116620
169767
7917
274573
211106
61055
28956
175671
121219
58354
28796
91654
62459
74828
213006
64472
32345
275405
38751
10501
38731
27224
83169
476090
4.5772e-41