293337
385264
64412
61949
185132
35347
87511
40353
127882
429774
179908
20696
189403
68345
16546
9559
85581
107847
662036
256785
23152
272456
626543
81585
69140
35072
224767
10949
73155
47825
20898
135265
20958
41257
128558
48947
57367
19199
85103
109974
29762
38600
279336
13298
155953
67575
84432
198340
46884
73665
239233
168348
239558
325978
48880
172451
125322
111192
1271144
265311
559464
667495
291129
87237
51857
23478
11780
331375
86453
154836
304328
73729
830097
110454
284908
24071
21899
119505
16561
150407
160326
829110
291303
520301
209695
143671
219953
1128751
113167
626207
31011
46488
100756
54941
94912
58398
21788
311825
62685
76182
82182
56718
39074
252768
46245
83403
22860
16982
35823
252614
98351
112714
640385
292059
489837
304574
386192
102454
565712
765315
522343
42034
336126
135807
78006
68433
73804
65794
72868
16293
336395
54609
26105
76474
87247
119950
85431
32453
109578
297511
378476
27153
80763
130442
102605
267212
125338
171451
31898
279981
177758
182749
99555
32804
20852
46325
298590
204054
161075
64940
53194
192853
130224
324045
203992
38548
89169
206482
13986
88458
115257
39564
54646
37035
75986
99629
54240
277568
70485
10384
161306
109158
77529
84824
36320
18219
86124
88706
270593
185306
424901
569682
757231
54895
323674
27720
178569
414218
425007
121698
116088
44124
49054
148768
33569
57389
293414
16958
88885
15619
12921
23892
288678
182651
41522
132407
223604
46297
56298
26475
76957
146296
31043
248408
213572
99257
27007
123357
77193
96005
119176
42667
46444
136757
378253
93909
60713
175212
266324
46846
9895
132590
86916
49335
313442
146224
111090
61466
241140
75791
75370
12084
101550
8550
50035
64628
60731
189297
44879
9386
237456
64832
68880
83271
243541
648888
30711
287422
138851
371269
62652
34867
114432
115214
206936
355755
269765
154768
15544
138456
84057
50343
37302
217842
97931
97222
167113
100685
87508
20322
364890
193668
140377
91129
11164
52950
144129
67852
8226
22140
54747
96245
49914
170291
450585
11001
317372
119847
7712
16659
128971
127047
60153
73618
97337
35911
70823
224099
132663
207740
367260
255005
28586
82276
77821
66830
31493
128120
13274
19900
414966
79977
145795
28322
117357
55547
56366
33035
33729
77526
81493
12443
115049
337187
140133
54641
299273
10737
66311
105713
9526
167723
65753
364942
301160
64475
176334
67515
241268
78433
275244
71781
106898
71573
34492
8537
31986
17936
157960
225387
98573
61894
221577
125340
31829
26210
182165
7814
149946
74394
89113
70523
175769
51296
75969
164089
57799
10495
108811
103040
156347
20218
50512
79186
60707
47563
14402
104766
17599
119801
591053
54004
333702
64801
46114
130718
37759
287522
240826
81972
184266
15266
11501
57977
36589
58253
9664
117635
37942
173456
101588
169960
18359
22925
11433
40205
63073
343056
23222
75444
85584
74623
254577
811852
97215
239399
187073
44125
30247
132898
64831
12587
86005
89465
43317
39995
32807
152982
210746
74007
91123
169397
10982
120837
431660
91698
77764
15886
259481
43941
191252
36575
37425
229143
32639
120501
92091
52188
89526
75092
19932
105596
44033
52025
64697
17618
109066
142462
7733
272166
196429
56824
22280
169330
115703
49732
23456
88132
58136
72992
183238
55459
25139
234140
29785
7849
24890
23284
63200
457875
4.58239e-41