0.000996512289738973 4.5772e-41 
0.00299252093645392 7686 
0.00499252160312098 7794 
0.00699653028983617 7917 
0.00900456309308173 8123 
0.0110166362065019 8224 
0.0130327659216865 8427 
0.0150529686289624 8631 
0.0170772608181929 8677 
0.0191056590795856 8756 
0.0211381801045079 8888 
0.0231748406863114 9253 
0.0252156577211641 9440 
0.0272606482088917 10061 
0.0293098292538273 10261 
0.0313632180656694 10501 
0.0334208319603496 11587 
0.0354826883609082 11865 
0.0375488047983801 12190 
0.0396191989126885 12583 
0.0416938884535489 13251 
0.043772891281382 13629 
0.0458562253682362 13766 
0.0479439087987202 14054 
0.0500359597709442 14306 
0.0521323965974723 14354 
0.0542332377062842 14593 
0.0563385016417466 14628 
0.0584482070655962 14712 
0.0605623727579317 14766 
0.062681017618217 14804 
0.0648041606662948 15369 
0.0669318210434115 16028 
0.0690640180132523 16687 
0.0712007709629874 16734 
0.0733420994043307 16905 
0.0754880229746075 16928 
0.077638561437836 16983 
0.0797937346858194 17581 
0.0819535627392493 17634 
0.0841180657488224 17779 
0.0862872639963677 17978 
0.0884611778959875 18161 
0.0906398279952097 18175 
0.0928232349761532 18233 
0.0950114196567061 18661 
0.0972044029917162 18702 
0.0994022060741957 19317 
0.101604850136538 19914 
0.103812356551748 20605 
0.106024746834689 20819 
0.108242042643337 21232 
0.110464265780054 21338 
0.112691438192878 22005 
0.114923581976819 23269 
0.117160719375175 23610 
0.119402872780865 23615 
0.12165006473777 23644 
0.123902317942095 23790 
0.126159655243745 24599 
0.128422099647715 25156 
0.130689674315495 25709 
0.132962402566497 26324 
0.135240307879491 26393 
0.13752341389406 26781 
0.139811744412072 26971 
0.142105323399172 27038 
0.144404174986282 27224 
0.146708323471133 27362 
0.149017793319795 27448 
0.151332609168247 27581 
0.153652795823944 27906 
0.155978378267419 28080 
0.158309381653895 28294 
0.160645831314914 28600 
0.162987752759995 28624 
0.1653351716783 28796 
0.167688113940327 28955 
0.17004660559962 28956 
0.172410672894501 29208 
0.174780342249819 29952 
0.177155640278726 30507 
0.179536593784468 31067 
0.181923229762199 31807 
0.184315575400819 31904 
0.186713658084832 32345 
0.189117505396226 32813 
0.19152714511638 32947 
0.193942605227983 33696 
0.196363913916994 33805 
0.198791099574605 34181 
0.201224190799246 34384 
0.203663216398605 35045 
0.206108205391672 35215 
0.208559187010812 35768 
0.211016190703864 36235 
0.213479246136262 36485 
0.215948383193183 36533 
0.218423631981726 37336 
0.220905022833111 37363 
0.223392586304913 37672 
0.225886353183315 37714 
0.2283863544854 37807 
0.23089262146146 37859 
0.233405185597343 38544 
0.235924078616827 38685 
0.238449332484021 38726 
0.2409809794058 38731 
0.243519051834271 38751 
0.246063582469266 39545 
0.248614604260871 39911 
0.251172150411989 40671 
0.253736254380926 40719 
0.256306949884027 40856 
0.258884270898328 41349 
0.261468251664253 41398 
0.264058926688345 41428 
0.266656330746031 41477 
0.269260498884418 42619 
0.271871466425139 43745 
0.274489268967218 43770 
0.277113942389989 43963 
0.279745522856045 44103 
0.282384046814226 44996 
0.28502955100265 44998 
0.287682072451781 45179 
0.29034164848754 45521 
0.293008316734455 45670 
0.295682115118857 46864 
0.298363081872115 46920 
0.301051255533915 46940 
0.303746674955588 47399 
0.306449379303473 48316 
0.309159408062338 49121 
0.311876801038838 49395 
0.314601598365023 49747 
0.317333840501896 50910 
0.320073568243016 51078 
0.322820822718155 51092 
0.325575645397 51092 
0.32833807809291 51282 
0.331108162966725 52307 
0.333885942530628 52638 
0.336671459652054 53015 
0.339464757557667 53126 
0.342265879837378 54107 
0.345074870448434 54698 
0.347891773719547 55227 
0.350716634355102 55243 
0.353549497439406 55274 
0.35639040844101 55460 
0.359239413217084 55994 
0.362096558017864 56034 
0.364961889491151 56491 
0.367835454686882 56491 
0.370717301061771 56602 
0.373607476484005 56806 
0.376506029238016 56812 
0.379413008029325 56906 
0.382328461989449 58057 
0.385252440680884 58354 
0.388184994102162 58651 
0.391126172692978 58738 
0.394076027339399 58952 
0.397034609379145 59264 
0.400001970606947 59467 
0.402978163279993 59487 
0.405963240123446 59597 
0.408957254336051 59723 
0.41196025959582 59901 
0.414972310065812 60865 
0.417993460399988 61055 
0.421023765749167 61225 
0.424063281767064 61390 
0.427112064616423 61572 
0.430170170975243 61826 
0.433237658043105 62459 
0.436314583547585 62480 
0.439401005750774 63219 
0.442496983455902 63954 
0.445602576014055 64195 
0.448717843331005 64341 
0.45184284587414 64472 
0.454977644679511 64677 
0.458122301358983 64977 
0.461276878107498 65420 
0.464441437710461 66497 
0.467616043551234 66651 
0.470800759618754 67758 
0.473995650515273 68269 
0.477200781464221 68434 
0.480416218318196 68600 
0.483642027567078 69461 
0.486878276346287 69755 
0.490125032445157 71276 
0.493382364315463 71557 
0.496650341080079 71970 
0.499929032541777 72509 
0.503218509192176 72726 
0.506518842220833 73231 
0.509830103524489 73982 
0.513152365716467 74050 
0.516485702136225 74126 
0.519830186859072 74486 
0.523185894706045 74699 
0.526552901253949 74751 
0.529931282845576 74828 
0.533321116600088 75234 
0.536722480423578 75477 
0.540135453019818 75842 
0.543560113901182 76203 
0.546996543399763 76266 
0.550444822678679 76693 
0.553905033743575 77585 
0.557377259454324 77753 
0.560861583536935 77998 
0.564358090595664 78067 
0.567866866125344 78234 
0.571387996523923 78642 
0.574921569105234 78721 
0.578467672111984 79116 
0.582026394728978 79585 
0.585597827096575 79729 
0.589182060324391 79864 
0.59277918650524 80935 
0.59638929872934 81384 
0.60001249109876 81600 
0.603648858742144 81678 
0.607298497829693 81997 
0.610961505588431 82607 
0.614637980317739 82684 
0.618328021405193 82712 
0.622031729342677 82984 
0.62574920574281 83169 
0.629480553355668 83658 
0.63322587608583 83710 
0.636985279009736 83861 
0.640758868393375 84556 
0.644546751710312 84842 
0.648349037660051 85105 
0.652165836186752 85138 
0.655997258498308 86056 
0.659843417085786 86067 
0.663704425743245 86099 
0.667580399587938 87583 
0.671471455080905 87985 
0.67537771004797 88107 
0.679299283701152 88122 
0.683236296660491 88889 
0.687188870976315 88935 
0.691157130151935 89438 
0.69514119916681 89576 
0.699141204500156 90491 
0.703157274155046 90606 
0.707189537682984 91018 
0.711238126208984 91154 
0.715303172457154 91654 
0.719384810776802 91663 
0.723483177169085 93125 
0.727598409314191 93474 
0.731730646599102 93540 
0.735880030145913 93991 
0.740046702840759 94010 
0.744230809363333 94051 
0.748432496217033 94468 
0.752651911759741 95115 
0.756889206235257 96206 
0.761144531805395 96387 
0.765418042582777 96593 
0.769709894664318 97672 
0.77402024616544 97888 
0.778349257255026 98131 
0.782697090191129 98255 
0.78706390935747 98749 
0.791449881300724 98935 
0.79585517476864 98974 
0.800279960748996 99841 
0.80472441250942 99987 
0.809188705638106 101257 
0.813673018085434 102581 
0.818177530206539 102718 
0.822702424804828 103670 
0.827247887176503 104770 
0.831814105156084 105174 
0.836401269162991 106975 
0.841009572249185 106995 
0.845639210147927 107880 
0.850290381323658 107915 
0.85496328702305 108944 
0.859658131327258 109949 
0.864375121205397 110947 
0.869114466569293 111166 
0.873876380329537 111404 
0.878661078452873 112385 
0.883468780020976 113801 
0.888299707290642 113911 
0.89315408575544 115259 
0.898032144208873 116620 
0.90293411480908 116815 
0.907860233145135 117908 
0.912810738304992 118200 
0.917785872945105 118419 
0.922785883361811 119096 
0.927811019564484 119398 
0.932861535350553 119415 
0.937937688382413 120465 
0.943039740266309 121219 
0.948167956633228 121429 
0.953322607221893 122209 
0.95850396596389 123886 
0.963712311071029 124027 
0.968947925124974 124318 
0.974211095169248 124537 
0.979502112803664 126049 
0.984821274281264 126346 
0.990168880607859 127085 
0.995545237644239 127135 
1.00095065621115 127579 
1.0063854521971 127819 
1.01184994666918 128051 
1.01734446598682 128244 
1.02286934191879 129195 
1.0284249117634 129491 
1.03401151847204 129749 
1.03962951077626 130099 
1.04527924331838 130701 
1.05096107678581 131167 
1.05667537804925 132232 
1.06242252030482 132331 
1.06820288322031 132602 
1.07401685308573 133834 
1.07986482296816 134715 
1.08574719287122 135112 
1.09166436989931 135257 
1.09761676842661 135527 
1.10360481027123 135764 
1.10962892487461 136910 
1.1156895494863 138386 
1.12178712935442 139682 
1.12792211792194 139723 
1.13409497702902 139813 
1.14030617712166 140072 
1.14655619746683 140600 
1.15284552637439 141434 
1.15917466142604 143970 
1.16554410971152 144263 
1.17195438807244 145542 
1.17840602335393 145635 
1.18489955266448 147541 
1.19143552364426 151276 
1.19801449474231 151342 
1.2046370355028 154668 
1.21130372686099 154713 
1.21801516144897 155502 
1.22477194391185 155979 
1.23157469123461 156131 
1.23842403308018 157076 
1.24532061213924 159587 
1.25226508449205 159685 
1.25925811998302 161607 
1.26630040260844 161823 
1.27339263091793 162802 
1.28053551843031 163066 
1.28772979406434 163807 
1.2949762025851 164486 
1.30227550506671 165564 
1.30962847937197 165637 
1.31703592064984 165997 
1.32449864185143 166933 
1.33201747426545 167427 
1.33959326807391 168401 
1.34722689292898 168437 
1.35491923855214 169109 
1.36267121535645 169610 
1.37048375509325 169767 
1.37835781152415 170837 
1.38629436111989 174098 
1.39429440378697 175671 
1.4023589636237 176182 
1.41048908970695 176828 
1.41868585691113 179395 
1.42695036676102 180818 
1.43528374832016 181389 
1.44368715911654 181795 
1.45216178610752 182906 
1.46070884668597 184394 
1.46932958972988 184706 
1.47802529669743 185748 
1.48679728277027 188448 
1.49564689804725 191855 
1.50457552879156 195090 
1.51358459873392 195278 
1.52267557043517 197087 
1.53184994671121 198236 
1.54110927212401 199912 
1.55045513454225 200372 
1.55988916677561 200559 
1.56941304828686 202743 
1.57902850698631 202846 
1.58873732111327 203980 
1.59854132120989 204072 
1.6084423921926 206661 
1.61844247552718 210570 
1.62854357151369 210857 
1.63874774168793 211106 
1.64905711134679 213006 
1.65947387220504 213345 
1.67000028519203 213659 
1.68063868339709 214703 
1.69139147517335 216519 
1.70226114741025 217393 
1.71325026898585 219823 
1.72436149441092 220319 
1.73559756767785 222904 
1.74696132632816 225837 
1.7584557057539 229990 
1.77008374374901 230477 
1.7818485853286 234150 
1.79375348783492 243738 
1.80580182635109 245673 
1.81799709944491 252258 
1.83034293526721 252853 
1.84284309803144 253975 
1.85550149490337 255099 
1.86832218333243 257588 
1.88130937885924 260089 
1.89446746343675 260990 
1.90780099430622 261743 
1.92131471347294 265655 
1.9350135578311 266363 
1.94890266999177 270419 
1.96298740987351 273441 
1.97727336712098 274141 
1.99176637442355 274217 
2.00647252181325 274573 
2.02139817202992 275405 
2.03654997705052 275573 
2.05193489589 276172 
2.06756021379308 278950 
2.08343356294937 279797 
2.09956294487926 281919 
2.11595675465493 283168 
2.13262380714015 286643 
2.14957336545392 287256 
2.16681517188842 288033 
2.18435948153933 290791 
2.20221709893934 293091 
2.22039941802253 294782 
2.23891846578977 295211 
2.25778695009415 296959 
2.27701831202204 302178 
2.29662678341042 305434 
2.31662745011708 309321 
2.33703632174829 315040 
2.35787040865113 316539 
2.37914780709842 332639 
2.40088779373482 336565 
2.42311093051953 343610 
2.44583918159709 344370 
2.46909604376136 347620 
2.49290669245508 349015 
2.51729814557924 349911 
2.54229944778465 351815 
2.56794187839799 351935 
2.59425918671536 352673 
2.62128785910328 356743 
2.64906742321036 358988 
2.67764079565441 359533 
2.70705468086071 361427 
2.73736003035604 364516 
2.76861257386014 368183 
2.80087343607836 369401 
2.83420985634596 371350 
2.86869603241713 388937 
2.9044141150192 395818 
2.94145538669955 401880 
2.97992166752735 409390 
3.01992700214105 409651 
3.06159969854162 411547 
3.10508481048136 415515 
3.15054718455811 417429 
3.19817523354737 430810 
3.24818565412203 430977 
3.30082938760745 455410 
3.35639923876226 473043 
3.4152397387852 476090 
3.47776009576653 512038 
3.5444514702652 517385 
3.61591043424735 520349 
3.69287147538347 528664 
3.77625308432253 536537 
3.86722486252825 546944 
3.96730832108523 581745 
4.07853395619546 597510 
4.20369709914947 599790 
4.34679794279014 683432 
4.5138520274533 969700 
4.71452272291546 984705 
4.96583715119636 1051020 
5.30230938781757 1380078 
5.81313501158357 1875258 
