0.000996512289738973  10203.9003841424 
0.00299252093645392  10445.3209796542 
0.00499252160312098  10687.2244166786 
0.00699653028983617  10929.6126304541 
0.00900456309308173  11172.4875678771 
0.0110166362065019  11415.8511875962 
0.0130327659216865  11659.7054601065 
0.0150529686289624  11904.0523678455 
0.0170772608181929  12148.8939052899 
0.0191056590795856  12394.232079053 
0.0211381801045079  12640.0689079839 
0.0231748406863114  12886.4064232665 
0.0252156577211641  13133.2466685208 
0.0272606482088917  13380.5916999042 
0.0293098292538273  13628.4435862144 
0.0313632180656694  13876.8044089934 
0.0334208319603496  14125.6762626322 
0.0354826883609082  14375.0612544768 
0.0375488047983801  14624.9615049352 
0.0396191989126885  14875.3791475857 
0.0416938884535489  15126.3163292863 
0.043772891281382  15377.7752102848 
0.0458562253682362  15629.7579643305 
0.0479439087987202  15882.2667787873 
0.0500359597709442  16135.3038547472 
0.0521323965974723  16388.8714071455 
0.0542332377062842  16642.9716648772 
0.0563385016417466  16897.6068709147 
0.0584482070655962  17152.7792824263 
0.0605623727579317  17408.4911708964 
0.062681017618217  17664.744822247 
0.0648041606662948  17921.54253696 
0.0669318210434115  18178.8866302011 
0.0690640180132523  18436.7794319456 
0.0712007709629874  18695.223287104 
0.0733420994043307  18954.2205556511 
0.0754880229746075  19213.7736127541 
0.077638561437836  19473.8848489044 
0.0797937346858194  19734.5566700489 
0.0819535627392493  19995.7914977237 
0.0841180657488224  20257.5917691896 
0.0862872639963677  20519.9599375678 
0.0884611778959875  20782.8984719781 
0.0906398279952097  21046.4098576786 
0.0928232349761532  21310.4965962063 
0.0950114196567061  21575.1612055196 
0.0972044029917162  21840.4062201427 
0.0994022060741957  22106.2341913106 
0.101604850136538  22372.647687117 
0.103812356551748  22639.6492926628 
0.106024746834689  22907.2416102067 
0.108242042643337  23175.4272593173 
0.110464265780054  23444.2088770269 
0.112691438192878  23713.5891179875 
0.114923581976819  23983.5706546275 
0.117160719375175  24254.1561773114 
0.119402872780865  24525.3483945001 
0.12165006473777  24797.1500329139 
0.123902317942095  25069.563837697 
0.126159655243745  25342.5925725836 
0.128422099647715  25616.2390200665 
0.130689674315495  25890.5059815669 
0.132962402566497  26165.3962776067 
0.135240307879491  26440.9127479825 
0.13752341389406  26717.0582519415 
0.139811744412072  26993.8356683598 
0.142105323399172  27271.2478959222 
0.144404174986282  27549.2978533043 
0.146708323471133  27827.9884793573 
0.149017793319795  28107.3227332937 
0.151332609168247  28387.3035948761 
0.153652795823944  28667.9340646082 
0.155978378267419  28949.2171639273 
0.158309381653895  29231.1559353996 
0.160645831314914  29513.753442918 
0.162987752759995  29797.0127719012 
0.1653351716783  30080.9370294968 
0.167688113940327  30365.5293447848 
0.17004660559962  30650.792868985 
0.172410672894501  30936.7307756666 
0.174780342249819  31223.3462609595 
0.177155640278726  31510.642543769 
0.179536593784468  31798.6228659926 
0.181923229762199  32087.2904927396 
0.184315575400819  32376.6487125531 
0.186713658084832  32666.7008376347 
0.189117505396226  32957.4502040722 
0.19152714511638  33248.90017207 
0.193942605227983  33541.0541261814 
0.196363913916994  33833.9154755452 
0.198791099574605  34127.487654124 
0.201224190799246  34421.7741209458 
0.203663216398605  34716.7783603487 
0.206108205391672  35012.5038822282 
0.208559187010812  35308.9542222882 
0.211016190703864  35606.1329422941 
0.213479246136262  35904.0436303297 
0.215948383193183  36202.6899010577 
0.218423631981726  36502.075395982 
0.220905022833111  36802.2037837146 
0.223392586304913  37103.0787602455 
0.225886353183315  37404.7040492152 
0.2283863544854  37707.0834021919 
0.23089262146146  38010.2205989509 
0.233405185597343  38314.1194477584 
0.235924078616827  38618.7837856585 
0.238449332484021  38924.2174787639 
0.2409809794058  39230.4244225503 
0.243519051834271  39537.4085421542 
0.246063582469266  39845.1737926752 
0.248614604260871  40153.7241594818 
0.251172150411989  40463.0636585204 
0.253736254380926  40773.1963366298 
0.256306949884027  41084.126271858 
0.258884270898328  41395.8575737848 
0.261468251664253  41708.3943838469 
0.264058926688345  42021.7408756686 
0.266656330746031  42335.901255396 
0.269260498884418  42650.8797620358 
0.271871466425139  42966.6806677985 
0.274489268967218  43283.3082784459 
0.277113942389989  43600.7669336438 
0.279745522856045  43919.0610073183 
0.282384046814226  44238.1949080179 
0.28502955100265  44558.1730792795 
0.287682072451781  44879 
0.29034164848754  45200.6801848121 
0.293008316734455  45523.2181844657 
0.295682115118857  45846.6185862141 
0.298363081872115  46170.8860142055 
0.301051255533915  46496.0251298797 
0.303746674955588  46822.0406323702 
0.306449379303473  47148.9372589117 
0.309159408062338  47476.719785253 
0.311876801038838  47805.3930260758 
0.314601598365023  48134.961835419 
0.317333840501896  48465.4311071087 
0.320073568243016  48796.8057751945 
0.322820822718155  49129.0908143911 
0.325575645397  49462.2912405269 
0.32833807809291  49796.4121109978 
0.331108162966725  50131.4585252282 
0.333885942530628  50467.4356251379 
0.336671459652054  50804.3485956151 
0.339464757557667  51142.2026649974 
0.342265879837378  51481.0031055578 
0.345074870448434  51820.7552339988 
0.347891773719547  52161.4644119528 
0.350716634355102  52503.13604649 
0.353549497439406  52845.7755906331 
0.35639040844101  53189.3885438795 
0.359239413217084  53533.9804527312 
0.362096558017864  53879.5569112315 
0.364961889491151  54226.1235615103 
0.367835454686882  54573.6860943366 
0.370717301061771  54922.2502496794 
0.373607476484005  55271.8218172764 
0.376506029238016  55622.4066372106 
0.379413008029325  55974.0106004966 
0.382328461989449  56326.6396496737 
0.385252440680884  56680.2997794091 
0.388184994102162  57034.9970371089 
0.391126172692978  57390.7375235392 
0.394076027339399  57747.527393455 
0.397034609379145  58105.3728562396 
0.400001970606947  58464.2801765529 
0.402978163279993  58824.2556749893 
0.405963240123446  59185.3057287459 
0.408957254336051  59547.4367722999 
0.41196025959582  59910.6552980973 
0.414972310065812  60274.9678572507 
0.417993460399988  60640.3810602485 
0.421023765749167  61006.9015776749 
0.424063281767064  61374.5361409399 
0.427112064616423  61743.2915430218 
0.430170170975243  62113.1746392198 
0.433237658043105  62484.192347919 
0.436314583547585  62856.3516513666 
0.439401005750774  63229.6595964605 
0.442496983455902  63604.1232955499 
0.445602576014055  63979.7499272483 
0.448717843331005  64356.5467372592 
0.45184284587414  64734.5210392148 
0.454977644679511  65113.680215528 
0.458122301358983  65494.0317182571 
0.461276878107498  65875.5830699848 
0.464441437710461  66258.3418647111 
0.467616043551234  66642.31576876 
0.470800759618754  67027.512521701 
0.473995650515273  67413.9399372847 
0.477200781464221  67801.6059043946 
0.480416218318196  68190.5183880127 
0.483642027567078  68580.6854302018 
0.486878276346287  68972.1151511034 
0.490125032445157  69364.8157499514 
0.493382364315463  69758.7955061029 
0.496650341080079  70154.0627800853 
0.499929032541777  70550.6260146611 
0.503218509192176  70948.49373591 
0.506518842220833  71347.6745543282 
0.509830103524489  71748.1771659474 
0.513152365716467  72150.0103534708 
0.516485702136225  72553.1829874289 
0.519830186859072  72957.7040273546 
0.523185894706045  73363.5825229779 
0.526552901253949  73770.8276154403 
0.529931282845576  74179.4485385305 
0.533321116600088  74589.4546199405 
0.536722480423578  75000.8552825433 
0.540135453019818  75413.6600456919 
0.543560113901182  75827.8785265414 
0.546996543399763  76243.5204413935 
0.550444822678679  76660.5956070632 
0.553905033743575  77079.1139422711 
0.557377259454324  77499.0854690578 
0.560861583536935  77920.5203142247 
0.564358090595664  78343.4287107985 
0.567866866125344  78767.8209995225 
0.571387996523923  79193.7076303739 
0.574921569105234  79621.0991641071 
0.578467672111984  80050.0062738258 
0.582026394728978  80480.4397465815 
0.585597827096575  80912.4104850021 
0.589182060324391  81345.9295089485 
0.59277918650524  81781.0079572012 
0.59638929872934  82217.6570891782 
0.60001249109876  82655.8882866827 
0.603648858742144  83095.7130556838 
0.607298497829693  83537.1430281287 
0.610961505588431  83980.1899637891 
0.614637980317739  84424.8657521403 
0.618328021405193  84871.1824142762 
0.622031729342677  85319.1521048588 
0.62574920574281  85768.787114105 
0.629480553355668  86220.0998698089 
0.63322587608583  86673.1029394037 
0.636985279009736  87127.809032061 
0.640758868393375  87584.2310008309 
0.644546751710312  88042.3818448211 
0.648349037660051  88502.274711419 
0.652165836186752  88963.9228985555 
0.655997258498308  89427.3398570117 
0.659843417085786  89892.5391927711 
0.663704425743245  90359.5346694161 
0.667580399587938  90828.3402105714 
0.671471455080905  91298.9699023954 
0.67537771004797  91771.4379961193 
0.679299283701152  92245.7589106367 
0.683236296660491  92721.9472351441 
0.687188870976315  93200.0177318332 
0.691157130151935  93679.985338637 
0.69514119916681  94161.8651720305 
0.699141204500156  94645.6725298875 
0.703157274155046  95131.4228943942 
0.707189537682984  95619.1319350227 
0.711238126208984  96108.8155115632 
0.715303172457154  96600.4896772194 
0.719384810776802  97094.1706817657 
0.723483177169085  97589.87497477 
0.727598409314191  98087.6192088824 
0.731730646599102  98587.4202431921 
0.735880030145913  99089.2951466534 
0.740046702840759  99593.2612015841 
0.744230809363333  100099.335907236 
0.748432496217033  100607.536983441 
0.752651911759741  101117.882374333 
0.756889206235257  101630.390252153 
0.761144531805395  102145.079021127 
0.765418042582777  102661.967321435 
0.769709894664318  103181.074033262 
0.77402024616544  103702.418280933 
0.778349257255026  104226.019437143 
0.782697090191129  104751.897127276 
0.78706390935747  105280.071233819 
0.791449881300724  105810.561900871 
0.79585517476864  106343.389538757 
0.800279960748996  106878.574828734 
0.80472441250942  107416.138727814 
0.809188705638106  107956.102473683 
0.813673018085434  108498.487589738 
0.818177530206539  109043.315890235 
0.822702424804828  109590.609485553 
0.827247887176503  110140.390787579 
0.831814105156084  110692.682515214 
0.836401269162991  111247.507700004 
0.841009572249185  111804.889691911 
0.845639210147927  112364.852165198 
0.850290381323658  112927.419124475 
0.85496328702305  113492.614910863 
0.859658131327258  114060.464208321 
0.864375121205397  114630.992050111 
0.869114466569293  115204.223825419 
0.873876380329537  115780.18528614 
0.878661078452873  116358.902553814 
0.883468780020976  116940.402126737 
0.888299707290642  117524.71088724 
0.89315408575544  118111.856109151 
0.898032144208873  118701.865465427 
0.90293411480908  119294.767035984 
0.907860233145135  119890.589315717 
0.912810738304992  120489.361222714 
0.917785872945105  121091.112106682 
0.922785883361811  121695.871757575 
0.927811019564484  122303.670414446 
0.932861535350553  122914.538774521 
0.937937688382413  123528.508002499 
0.943039740266309  124145.609740094 
0.948167956633228  124765.87611582 
0.953322607221893  125389.339755027 
0.95850396596389  126016.033790202 
0.963712311071029  126645.991871529 
0.968947925124974  127279.248177735 
0.974211095169248  127915.837427215 
0.979502112803664  128555.794889457 
0.984821274281264  129199.156396762 
0.990168880607859  129845.95835629 
0.995545237644239  130496.237762415 
1.00095065621115  131150.032209429 
1.0063854521971  131807.379904578 
1.01184994666918  132468.319681462 
1.01734446598682  133132.891013806 
1.02286934191879  133801.134029596 
1.0284249117634  134473.08952563 
1.03401151847204  135148.798982455 
1.03962951077626  135828.304579737 
1.04527924331838  136511.649212059 
1.05096107678581  137198.876505169 
1.05667537804925  137890.030832694 
1.06242252030482  138585.15733333 
1.06820288322031  139284.301928535 
1.07401685308573  139987.511340733 
1.07986482296816  140694.833112045 
1.08574719287122  141406.315623585 
1.09166436989931  142122.008115308 
1.09761676842661  142841.96070647 
1.10360481027123  143566.224416679 
1.10962892487461  144294.851187596 
1.1156895494863  145027.89390529 
1.12178712935442  145765.406423267 
1.12792211792194  146507.443586214 
1.13409497702902  147254.061254477 
1.14030617712166  148005.316329286 
1.14655619746683  148761.266778787 
1.15284552637439  149521.971664877 
1.15917466142604  150287.491170896 
1.16554410971152  151057.886630201 
1.17195438807244  151833.220555651 
1.17840602335393  152613.556670049 
1.18489955266448  153398.959937568 
1.19143552364426  154189.496596206 
1.19801449474231  154985.234191311 
1.2046370355028  155786.241610207 
1.21130372686099  156592.589117987 
1.21801516144897  157404.3483945 
1.22477194391185  158221.592572584 
1.23157469123461  159044.396277607 
1.23842403308018  159872.83566836 
1.24532061213924  160706.988479357 
1.25226508449205  161546.934064608 
1.25925811998302  162392.753442918 
1.26630040260844  163244.529344785 
1.27339263091793  164102.34626096 
1.28053551843031  164966.29049274 
1.28772979406434  165836.450204072 
1.2949762025851  166712.915475545 
1.30227550506671  167595.778360349 
1.30962847937197  168485.132942294 
1.31703592064984  169381.075395982 
1.32449864185143  170283.704049215 
1.33201747426545  171193.119447758 
1.33959326807391  172109.42442255 
1.34722689292898  173032.724159482 
1.35491923855214  173963.126271858 
1.36267121535645  174900.740875669 
1.37048375509325  175845.680667799 
1.37835781152415  176798.061007318 
1.38629436111989  177758 
1.39429440378697  178725.618586214 
1.4023589636237  179701.04063237 
1.41048908970695  180684.393026076 
1.41868585691113  181675.805775195 
1.42695036676102  182675.412110998 
1.43528374832016  183683.348595615 
1.44368715911654  184699.755233999 
1.45216178610752  185724.775590633 
1.46070884668597  186758.556911231 
1.46932958972988  187801.250249679 
1.47802529669743  188853.010600497 
1.48679728277027  189913.997037109 
1.49564689804725  190984.37285624 
1.50457552879156  192064.305728746 
1.51358459873392  193153.967857251 
1.52267557043517  194253.53614094 
1.53184994671121  195363.192347919 
1.54110927212401  196483.12329555 
1.55045513454225  197613.521039215 
1.55988916677561  198754.583069985 
1.56941304828686  199906.512521701 
1.57902850698631  201069.518388013 
1.58873732111327  202243.815749951 
1.59854132120989  203429.626014661 
1.6084423921926  204627.177165947 
1.61844247552718  205836.704027355 
1.62854357151369  207058.448538531 
1.63874774168793  208292.660045692 
1.64905711134679  209539.595607063 
1.65947387220504  210799.520314225 
1.67000028519203  212072.707630374 
1.68063868339709  213359.439746582 
1.69139147517335  214660.007957201 
1.70226114741025  215974.713055684 
1.71325026898585  217303.86575214 
1.72436149441092  218647.787114105 
1.73559756767785  220006.809032061 
1.74696132632816  221381.274711419 
1.7584557057539  222771.539192771 
1.77008374374901  224177.969902395 
1.7818485853286  225600.947235144 
1.79375348783492  227040.865172031 
1.80580182635109  228498.131935023 
1.81799709944491  229973.170681766 
1.83034293526721  231466.420243192 
1.84284309803144  232978.335907236 
1.85550149490337  234509.390252153 
1.86832218333243  236060.074033262 
1.88130937885924  237630.897127276 
1.89446746343675  239222.389538757 
1.90780099430622  240835.102473683 
1.92131471347294  242469.609485553 
1.9350135578311  244126.507700004 
1.94890266999177  245806.419124475 
1.96298740987351  247509.992050111 
1.97727336712098  249237.902553814 
1.99176637442355  250990.856109151 
2.00647252181325  252769.589315717 
2.02139817202992  254574.871757575 
2.03654997705052  256407.508002499 
2.05193489589  258268.339755027 
2.06756021379308  260158.248177735 
2.08343356294937  262078.156396762 
2.09956294487926  264029.032209429 
2.11595675465493  266011.891013806 
2.13262380714015  268027.798982455 
2.14957336545392  270077.876505169 
2.16681517188842  272163.301928535 
2.18435948153933  274285.315623585 
2.20221709893934  276445.224416679 
2.22039941802253  278644.406423267 
2.23891846578977  280884.316329286 
2.25778695009415  283166.491170896 
2.27701831202204  285492.556670049 
2.29662678341042  287864.234191311 
2.31662745011708  290283.3483945 
2.33703632174829  292751.83566836 
2.35787040865113  295271.753442918 
2.37914780709842  297845.29049274 
2.40088779373482  300474.778360349 
2.42311093051953  303162.704049215 
2.44583918159709  305911.724159482 
2.46909604376136  308724.680667798 
2.49290669245508  311604.618586214 
2.51729814557924  314554.805775194 
2.54229944778465  317578.755233999 
2.56794187839799  320680.250249679 
2.59425918671536  323863.37285624 
2.62128785910328  327132.53614094 
2.64906742321036  330492.521039215 
2.67764079565441  333948.518388013 
2.70705468086071  337506.177165947 
2.73736003035604  341171.660045692 
2.76861257386014  344951.707630374 
2.80087343607836  348853.713055684 
2.83420985634596  352885.809032061 
2.86869603241713  357056.969902396 
2.9044141150192  361377.131935023 
2.94145538669955  365857.335907236 
2.97992166752735  370509.897127276 
3.01992700214105  375348.609485553 
3.06159969854162  380388.992050111 
3.10508481048136  385648.589315717 
3.15054718455811  391147.339755027 
3.19817523354737  396908.032209429 
3.24818565412203  402956.876505169 
3.30082938760745  409324.224416679 
3.35639923876226  416045.491170897 
3.4152397387852  423162.3483945 
3.47776009576653  430724.29049274 
3.5444514702652  438790.724159482 
3.61591043424735  447433.805775195 
3.69287147538347  456742.37285624 
3.77625308432253  466827.518388013 
3.86722486252825  477830.707630374 
3.96730832108523  489935.969902396 
4.07853395619546  503388.897127276 
4.20369709914947  518527.589315717 
4.34679794279014  535835.876505169 
4.5138520274533  556041.3483945 
4.71452272291546  580312.805775195 
4.96583715119636  610709.707630374 
5.30230938781757  651406.589315717 
5.81313501158357  713191.805775195 
