4.77419,100,10,14,20,6
3.16129,88,10,4,3
3.80645,68,10,17,3
4.77419,100,10,19,4,11
3.16129,88,10,2,19
4.25806,116,10,18,20,5
3.35484,82,10,4,7
3.16129,88,10,20,20,11
3.93548,64,10,17,2
8,62,10,8,11,1,5
9.03226,92,10,16,1,14,22,11
3.54839,76,10,20,13
2.90323,96,10,20,6
4,62,10,7,4
5.29032,84,10,16,10,16,2,22
5.87097,66,10,1,19,6
3.03226,92,10,4,19
5.80645,68,10,8,12,4
2.58065,106,10,10,20,9
2.58065,106,10,2,9
2.3871,112,10,4,16
3.09677,90,10,4,18
5.41935,80,10,5,2,14
3.67742,72,10,2,21
5.67742,72,10,1,7,2
4.90323,96,10,6,6,10,16,21
2,62,10,13
3.09677,90,10,8,10,13
3.16129,88,10,17,10,13
6,62,10,18,12,19
4.70968,102,10,15,1,6
5.16129,88,10,3,1,3,6
5.93548,64,10,15,18,17
3.80645,68,10,7,1
5.87097,66,10,18,12,15
5.09677,90,10,9,13,22
3.03226,92,10,6,11
5.29032,84,10,15,1,12
7.35484,82,10,9,11,2,15
3.09677,90,10,2,1
4.51613,108,10,10,10,16,11,10,2
5.54839,76,10,17,10,22,22,19
5.03226,92,10,12,8,20
5.41935,80,10,7,6,14
5.54839,76,10,14,8,6
7.29032,84,10,8,8,3,3,1,20
5.80645,68,10,18,17,15
3.93548,64,10,22,22,20
2.96774,94,10,2,17
3.80645,68,10,21,1
7.41935,80,10,19,21,4,12
9.22581,86,10,8,19,18,19,15,20
5.16129,88,10,16,2,8
3.93548,64,10,15,13
7.22581,86,10,7,10,10,5,16,21
4.96774,94,10,22,4,8
5.67742,72,10,21,15,6
5.74194,70,10,17,15,11
5.22581,86,10,1,4,14
5.87097,66,10,22,15,20
5.48387,78,10,1,12,6
6,62,10,16,8,5
4.12903,120,10,18,5,13
5.41935,80,10,19,11,13
5.74194,70,10,21,19,15
3.87097,66,10,15,5
5.22581,86,10,18,20,3
5.80645,68,10,21,14,1
5.41935,80,10,11,20,4
5.03226,92,10,11,9,2
5.87097,66,10,1,15,8
3.87097,66,10,12,1
7.87097,66,10,19,18,14,2
5.74194,70,10,17,15,11
2,62,10,13
3.35484,82,10,12,16
3.29032,84,10,4,22
7.48387,78,10,9,8,11,13
5.67742,72,10,8,1,2
3.93548,64,10,5,13
5.48387,78,10,14,8,17
5.35484,82,10,22,17,8
5.6129,74,10,18,5,18,21
5.93548,64,10,16,16,15,11
4.96774,94,10,11,7,5
3.03226,92,10,6,1
5.74194,70,10,19,12,22
3.35484,82,10,20,3
2,62,10,13
2,62,10,10,13
5.74194,70,10,7,7,15,16
5.87097,66,10,19,17,17,22
5.80645,68,10,15,22,22,9
3.87097,66,10,22,10,22,1
3.35484,82,10,4,20
5.93548,64,10,5,9,4
5.87097,66,10,10,19,11,5
5.09677,90,10,12,2,19
5.03226,92,10,22,2,18
5.80645,68,10,22,8,1
4,62,10,8,6
5.03226,92,10,18,11,6
5.87097,66,10,12,2,20
4.96774,94,10,22,4,4,19
3.09677,90,10,6,20
7.93548,64,10,18,11,1,8
5.93548,64,10,16,19,20
3.41935,80,10,12,9
3.67742,72,10,2,12
3.41935,80,10,21,16
7.35484,82,10,9,18,12,6
2.3871,112,10,4,16
5.6129,74,10,14,2,4
9.09677,90,10,9,15,21,18,4
4.06452,122,10,9,13,5
3.87097,66,10,6,4
3.41935,80,10,2,14
3.6129,74,10,7,9
3.29032,84,10,6,2
4,62,10,16,4
5.03226,92,10,8,9,10,3
4.96774,94,10,12,3,17
6,62,10,1,21,1,16
6,62,10,16,18,5
3.93548,64,10,3,22
3.93548,64,10,10,10,17,12
3.35484,82,10,20,14
3.54839,76,10,6,14
7.48387,78,10,17,22,19,9
7.35484,82,10,8,8,12,12,3,15
5.87097,66,10,7,21,2
3.41935,80,10,17,19,10
3.87097,66,10,11,6
4,62,10,7,12
3.93548,64,10,22,3
2.83871,98,10,2,10,21
3.6129,74,10,7,9
3.35484,82,10,19,10,20
5.09677,90,10,8,1,10,3
4.32258,114,10,15,16,4
5.80645,68,10,8,21,17
4.83871,98,10,9,6,16
2,62,10,13
3.29032,84,10,20,7
5.74194,70,10,16,7,20
5.74194,70,10,10,8,21,1
2.3871,112,10,4,16
5.09677,90,10,15,9,3
5.48387,78,10,12,19,7
5.74194,70,10,19,17,7
5.6129,74,10,3,2,12
5.74194,70,10,7,21,6
3.35484,82,10,20,14
6,62,10,10,9,11,4
4,62,10,21,3
5.22581,86,10,11,2,8
4,62,10,8,8,4
3.29032,84,10,20,7
7.80645,68,10,18,11,8,19
4,62,10,1,1,17
3.03226,92,10,10,4,8
9.09678,90,10,7,22,15,18,13
2,62,10,13
5.22581,86,10,21,18,6
5.16129,88,10,14,3,6
5.41935,80,10,14,6,13
5.80645,68,10,9,9,7,3
3.09677,90,10,3,10,20
5.80645,68,10,3,15,18
5.80645,68,10,7,14,22
4,62,10,8,19,10
3.67742,72,10,7,16
5.16129,88,10,3,15,15,9
10,62,10,16,9,1,3,2
9.87097,66,10,8,14,18,22,17
4,62,10,11,8,10
5.67742,72,10,11,22,19
5.41935,80,10,18,3,18,2
5.80645,68,10,9,1,10,15
2.32258,114,10,4,4,9
2.3871,112,10,6,10,13
5.41935,80,10,14,6,15
7.29032,84,10,8,14,11,2
5.87097,66,10,5,17,4
2.83871,98,10,6,9
3.87097,66,10,8,13
5.80645,68,10,10,21,22,17
5.87097,66,10,12,8,3
3.80645,68,10,17,20
5.87097,66,10,9,22,20
7.35484,82,10,11,3,15,12
2.83871,98,10,6,9
5.16129,88,10,1,20,20,1,1,1,2
5.67742,72,10,10,22,2,13
3.74194,70,10,6,15
4,62,10,17,4
5.80645,68,10,22,14,1
5.03226,92,10,8,8,20,18
3.87097,66,10,12,7
3.03226,92,10,6,1
5.03226,92,10,9,6,20
8,62,10,5,22,14,19
3.93548,64,10,3,22
3.80645,68,10,11,17
7.74194,70,10,1,21,22,17
5.41935,80,10,18,9,8
5.41935,80,10,1,15,5
6,62,10,15,15,19,12
3.87097,66,10,6,6,7
5.80645,68,10,18,20,2
3.41935,80,10,8,15,10
3.93548,64,10,2,20
3.93548,64,10,22,3
5.16129,88,10,22,4,15
5.87097,66,10,18,1,19
3.35484,82,10,2,22
7.87097,66,10,9,1,5,17
4,62,10,16,17,10
4.77419,100,10,21,20,6
4,62,10,5,4
5.6129,74,10,15,14,13
7.16129,88,10,10,19,7,18,20
4.96774,94,10,17,9,12
7.22581,86,10,16,21,22,4
7.22581,86,10,14,21,15,5
2,62,10,13
2.83871,98,10,4,11
2.90323,96,10,20,6
6.83871,98,10,16,3,16,5,6
9.80645,68,10,9,11,9,19,18,7
4,62,10,17,8
3.87097,66,10,21,17
2.58065,106,10,2,16
5.80645,68,10,21,21,12,14
4.90323,96,10,3,2,17
3.6129,74,10,3,6
2.32258,114,10,21,2,10
3.03226,92,10,6,11
4,62,10,11,13
3.09677,90,10,3,10,20
2,62,10,13
8,62,10,16,19,22,14
7.54839,76,10,5,7,18,1
7.74194,70,10,11,8,1,21
4,62,10,12,11
11.6774,72,10,16,9,9,8,3,14,11
3.93548,64,10,22,13
5.16129,88,10,18,20,15
2.58065,106,10,2,9
3.80645,68,10,2,13
4,62,10,11,13
3.93548,64,10,8,17
5.09677,90,10,16,2,18
7.09677,90,10,5,5,17,6,19
2.96774,94,10,4,17
3.41935,80,10,11,10,2
7.03226,92,10,22,15,15,6,2
4,62,10,21,3
4.83871,98,10,10,15,14,12,10
2.58065,106,10,20,9
5.35484,82,10,17,9,8
5.16129,88,10,21,8,5
5.22581,86,10,19,4,22
4,62,10,7,4
5.09677,90,10,12,13,22
2.70968,102,10,6,5
4.96774,94,10,19,5,7
5.6129,74,10,14,15,11
3.67742,72,10,20,12
6,62,10,19,5,16
2.90323,96,10,20,6
5.29032,84,10,15,2,7
3.09677,90,10,11,11,11,22,10
2.58065,106,10,20,9
9.67742,72,10,19,21,15,18,7
7.74194,70,10,9,17,22,8
3.41935,80,10,20,4
5.03226,92,10,14,2,1
2,62,10,10,13
5.54839,76,10,18,6,15
7.93548,64,10,5,11,12,19
3.80645,68,10,6,22
4,62,10,5,4
3.93548,64,10,22,20
2,62,10,13
3.03226,92,10,6,1
8,62,10,10,3,10,9,16,19
5.03226,92,10,15,12,17
5.35484,82,10,12,3,9
2.45161,110,10,2,5
5.87097,66,10,16,20,2
5.80645,68,10,1,12,22
5.6129,74,10,1,15,20
3.87097,66,10,15,5
5.09677,90,10,12,18,4
8,62,10,18,14,12,2
5.87097,66,10,1,1,8,13
7.93548,64,10,18,1,11,8
3.74194,70,10,22,5
6,62,10,1,12,1,5
5.35484,82,10,9,21,9,12
3.74194,70,10,17,11
5.48387,78,10,12,13,12,19
3.87097,66,10,22,11
5.6129,74,10,17,6,21
5.35484,82,10,7,14,9
2.58065,106,10,20,9
4,62,10,1,17
2,62,10,13
5.41935,80,10,9,13,20
7.87097,66,10,5,18,19,9
5.41935,80,10,18,3,13
7.54839,76,10,11,8,1,22
7.03226,92,10,9,22,17,11
5.48387,78,10,22,12,19
4,62,10,17,8
2.96774,94,10,10,4,17
3.87097,66,10,21,17
3.09677,90,10,2,6
3.03226,92,10,6,1
5.54839,76,10,3,1,15
3.41935,80,10,4,12
3.22581,86,10,10,12,5
3.80645,68,10,14,10,3
3.93548,64,10,17,17,17,2
5.80645,68,10,18,12,1
2.58065,106,10,20,16
4,62,10,1,13
5.29032,84,10,5,11,10,14
3.80645,68,10,11,17
5.16129,88,10,21,8,5
2.77419,100,10,4,1
3.80645,68,10,16,13
5.35484,82,10,8,16,3
3.87097,66,10,22,9
5.09677,90,10,1,21,5
3.93548,64,10,18,13
5.16129,88,10,19,2,8
3.35484,82,10,21,9
4,62,10,16,4
5.74194,70,10,21,19,15
3.03226,92,10,6,11
4.96774,94,10,12,8,6
5.16129,88,10,14,6,17
5.80645,68,10,16,3,9
2.3871,112,10,20,5
2.32258,114,10,4,9
3.09677,90,10,2,6
3.87097,66,10,22,1
3.09677,90,10,6,3
5.54839,76,10,8,15,11
3.16129,88,10,4,3
5.22581,86,10,2,10,5,19
7.22581,86,10,10,3,8,18,20
4.96774,94,10,9,6,11
5.87097,66,10,14,19,21,21,14
5.16129,88,10,10,7,21,16
3.35484,82,10,2,22
4,62,10,22,16
2.83871,98,10,4,11
2.3871,112,10,20,5
5.09677,90,10,5,20,8
5.93548,64,10,10,16,18,2
3.93548,64,10,19,13
6,62,10,5,22,8
6,62,10,5,12,2
7.67742,72,10,19,18,19,21,13
5.29032,84,10,15,16,8
2,62,10,13
3.09677,90,10,20,19
3.74194,70,10,17,1
5.87097,66,10,16,22,13
3.6129,74,10,11,10,18,11
3.87097,66,10,7,3
4.70968,102,10,10,3,20,17
5.67742,72,10,10,15,18,20
7.41935,80,10,14,21,15,20
5.48387,78,10,15,20,21
2.58065,106,10,2,9
3.41935,80,10,12,9
3.74194,70,10,22,5
5.74194,70,10,19,3,4
5.48387,78,10,8,8,8,22,12
2.83871,98,10,6,9
3.03226,92,10,4,19
3.74194,70,10,17,11
3.93548,64,10,22,3
3.80645,68,10,17,20
9.48387,78,10,16,22,7,21,11
3.80645,68,10,3,5
5.6129,74,10,8,18,4
5.03226,92,10,14,20,11
5.48387,78,10,14,7,11
5.80645,68,10,12,14,3
3.16129,88,10,20,11
4.64516,104,10,22,10,17,17,11
5.80645,68,10,15,8,21
9.6129,74,10,16,11,12,11,1,18
3.22581,86,10,4,15
5.41935,80,10,14,1,15
5.48387,78,10,21,12,4
3.67742,72,10,22,10,7
5.35484,82,10,16,18,17,10
3.35484,82,10,2,22
3.03226,92,10,14,10,4
7.16129,88,10,16,16,16,16,18,14,21,10
3.74194,70,10,22,5
3.22581,86,10,12,5
3.48387,78,10,6,6,18
5.67742,72,10,12,21,18
7.80645,68,10,11,1,3,15
4,62,10,5,4
2.83871,98,10,20,20,17
7.87097,66,10,16,1,16,3,12
3.80645,68,10,11,17
3.80645,68,10,6,22
5.35484,82,10,21,8,16
3.09677,90,10,6,20
3.09677,90,10,2,6
3.54839,76,10,6,14
2.58065,106,10,2,16
5.16129,88,10,17,17,6,2
3.48387,78,10,7,5
5.93548,64,10,7,14,15
3.41935,80,10,12,17
3.03226,92,10,6,1
5.48387,78,10,11,15,3
3.22581,86,10,12,3,10
7.54839,76,10,1,15,21,3
7.67742,72,10,16,9,2,13
2.58065,106,10,2,16
5.16129,88,10,19,19,19,21,5
3.93548,64,10,5,13
3.93548,64,10,14,16
6.51613,108,10,9,14,2,16
3.93548,64,10,14,9
5.93548,64,10,1,18,17
5.16129,88,10,1,21,8,10
5.93548,64,10,21,8,8,8,3
5.74194,70,10,5,7,13
5.87097,66,10,15,18,9
5.29032,84,10,10,19,4,7
6.70968,102,10,11,16,9,4
3.6129,74,10,7,9
3.35484,82,10,4,7
2.45161,110,10,2,5
5.6129,74,10,19,7,11
5.67742,72,10,17,18,1
5.35484,82,10,5,20,4
5.54839,76,10,21,19,7
5.74194,70,10,3,1,18
6.90323,96,10,19,21,20,1
5.09677,90,10,14,2,11
3.29032,84,10,4,14
2,62,10,13
5.41935,80,10,12,13,21
5.48387,78,10,3,21,17
3.29032,84,10,21,14,10
6.90323,96,10,14,15,21,9
3.67742,72,10,2,21
5.41935,80,10,15,20,20,13
3.67742,72,10,7,16
3.35484,82,10,6,19
5.09677,90,10,18,6,2
4,62,10,1,13
3.67742,72,10,7,16
3.87097,66,10,15,5
5.29032,84,10,5,12,17
3.67742,72,10,2,21
4.45161,110,10,19,20,9
7.22581,86,10,1,11,20,8
4.96774,94,10,14,1,4
7.93548,64,10,8,3,19,11
3.54839,76,10,22,10,12
2,62,10,13
3.54839,76,10,10,3,17
4,62,10,22,10,8
3.80645,68,10,22,10,3
3.87097,66,10,22,9
6.90323,96,10,15,22,6,11
4,62,10,11,13
3.87097,66,10,22,9
6,62,10,16,14,2
2,62,10,13
3.6129,74,10,10,4,2
7.48387,78,10,7,15,21,11
5.87097,66,10,11,11,21,18
3.41935,80,10,12,12,17
5.80645,68,10,1,5,8
5.74194,70,10,11,14,16
3.29032,84,10,4,22
7.16129,88,10,18,16,5,19
3.80645,68,10,17,10,12
5.67742,72,10,1,3,6
2.25806,116,10,18,20,10
4,62,10,8,10,22
9.22581,86,10,16,17,15,22,13
3.6129,74,10,4,6
5.6129,74,10,19,22,9
6.96774,94,10,19,1,16,16,7
3.87097,66,10,8,13
5.6129,74,10,18,1,12
5.54839,76,10,15,18,13
5.80645,68,10,8,18,9
5.74194,70,10,3,21,18
7.09677,90,10,9,3,1,4
6.64516,104,10,8,11,9,6
5.67742,72,10,11,2,4
7.67742,72,10,19,10,16,5,18
2,62,10,13
3.41935,80,10,2,3
9.29032,84,10,1,14,18,7,11
5.29032,84,10,12,13,12,7
5.54839,76,10,9,17,3
3.80645,68,10,10,11,17
4,62,10,21,3
6,62,10,10,15,21,3
3.80645,68,10,7,11
3.87097,66,10,8,13
5.93548,64,10,9,21,6
3.93548,64,10,14,13
3.35484,82,10,12,16
3.22581,86,10,18,12,18,10,12
3.22581,86,10,6,12
3.48387,78,10,6,18
3.16129,88,10,20,8
3.54839,76,10,6,14
5.03226,92,10,10,15,6,20
5.74194,70,10,3,8,2
5.29032,84,10,11,12,16
4.96774,94,10,7,19,13
5.54839,76,10,10,1,7,3
2,62,10,13
3.67742,72,10,2,4
3.74194,70,10,6,21
5.87097,66,10,19,15,15,20
5.80645,68,10,22,2,20
5.22581,86,10,12,3,5
5.87097,66,10,19,22,8
2,62,10,13
2,62,10,13
5.41935,80,10,18,12,6
6,62,10,3,12,13
5.48387,78,10,18,11,15
3.80645,68,10,7,7,11
7.41936,80,10,7,14,18,1
5.29032,84,10,15,9,19
5.29032,84,10,19,20,4
3.6129,74,10,4,21
2,62,10,13
4,62,10,1,13
6,62,10,17,10,9,22
4.96774,94,10,10,15,6,1
3.35484,82,10,3,14,10
7.41935,80,10,16,10,14,7,2
5.35484,82,10,9,20,15
5.67742,72,10,19,22,13
2,62,10,13
3.41935,80,10,21,16
4.25806,116,10,19,20,5
3.16129,88,10,20,11
5.16129,88,10,17,19,4
4.83871,98,10,18,6,11
4.77419,100,10,17,6,16
5.93548,64,10,17,21,22
3.22581,86,10,12,5
2,62,10,13
5.16129,88,10,18,6,19
6,62,10,1,5,11
5.74194,70,10,12,21,22
3.87097,66,10,22,9
4,62,10,7,4
3.22581,86,10,4,15
6.83871,98,10,9,10,17,5,7
7.74194,70,10,8,3,21,2
5.93548,64,10,22,21,4
5.48387,78,10,15,6,14
5.93548,64,10,1,21,3
5.74194,70,10,17,19,21
5.54839,76,10,1,7,20
3.93548,64,10,3,4
6,62,10,17,14,21
3.16129,88,10,2,19
3.16129,88,10,20,20,8
3.80645,68,10,12,22
5.87097,66,10,21,2,20
2.3871,112,10,20,5
5.54839,76,10,18,16,8
5.35484,82,10,1,5,12
2.90323,96,10,20,6
2,62,10,13
2,62,10,13
4.83871,98,10,10,19,9,6
3.6129,74,10,10,11,10,6
5.29032,84,10,15,1,12
3.41935,80,10,2,3
5.41935,80,10,5,2,3
5.67742,72,10,18,19,4
3.67742,72,10,2,12
3.80645,68,10,21,1
5.87097,66,10,9,15,5
3.74194,70,10,17,1
5.03226,92,10,19,20,20,18
2,62,10,13
3.22581,86,10,20,22
3.93548,64,10,2,20
6.3871,112,10,7,22,6,5
3.22581,86,10,2,8
3.67742,72,10,2,12
3.67742,72,10,7,16
3.16129,88,10,2,18
4,62,10,1,17
2.96774,94,10,2,17
2,62,10,10,13
5.6129,74,10,5,17,1
2.58065,106,10,20,16
5.67742,72,10,19,18,13
3.87097,66,10,3,13
5.41935,80,10,12,14,6
3.80645,68,10,21,1
3.93548,64,10,10,12,15
7.87097,66,10,10,5,16,18,4
5.6129,74,10,19,11,2
7.54839,76,10,16,18,22,11
7.67742,72,10,19,22,21,2
7.93548,64,10,14,7,14,18,19
5.74194,70,10,8,12,1
5.16129,88,10,14,2,8
5.6129,74,10,3,8,6
7.93548,64,10,9,1,1,3,13
3.67742,72,10,2,12
3.93548,64,10,17,2
3.80645,68,10,17,3
5.80645,68,10,5,17,2
3.29032,84,10,4,14
3.93548,64,10,4,13
5.41935,80,10,1,20,3
5.93548,64,10,8,1,21
5.48387,78,10,18,3,16
2.58065,106,10,20,20,16
4,62,10,8,4
7.29032,84,10,11,18,19,5
5.29032,84,10,11,15,13
3.16129,88,10,10,2,11
3.80645,68,10,10,16,13
7.54839,76,10,18,15,7,15,18,13
5.80645,68,10,15,22,1
6.83871,98,10,7,15,21,5
3.74194,70,10,14,5
4.90323,96,10,5,6,11
3.67742,72,10,7,16
8,62,10,9,1,14,6
5.03226,92,10,16,2,1
8,62,10,3,10,5,10,5,16,1
5.80645,68,10,11,9,9,18
5.87097,66,10,8,1,15
4.45161,110,10,15,2,16
4.96774,94,10,14,4,8
5.35484,82,10,18,11,20
4,62,10,17,8
5.74194,70,10,8,2,13
3.93548,64,10,11,4
4.96774,94,10,5,18,10,14
4,62,10,22,16
5.87097,66,10,8,7,7,6
7.54839,76,10,19,18,11,9
5.74194,70,10,19,15,13
5.74194,70,10,3,15,3,12
3.03226,92,10,6,11
3.48387,78,10,6,17
4.96774,94,10,18,10,15,5
3.09677,90,10,6,20
3.93548,64,10,3,22
9.67742,72,10,9,5,14,19,12
4,62,10,12,11
3.6129,74,10,4,21
5.67742,72,10,5,7,11
2,62,10,13
7.93548,64,10,8,10,9,1,16
3.93548,64,10,17,12
7.87097,66,10,8,14,18,16
2.58065,106,10,10,20,16
4.51613,108,10,14,6,9
5.6129,74,10,7,6,15
5.87097,66,10,9,5,20
3.87097,66,10,22,1
2,62,10,13
5.29032,84,10,15,8,20
5.6129,74,10,21,2,12
2,62,10,13
7.16129,88,10,22,18,19,6
7.54839,76,10,1,5,9,10,1,15
5.35484,82,10,17,19,17,6
3.09677,90,10,6,20
4.96774,94,10,19,14,20,19
3.03226,92,10,6,11
5.6129,74,10,7,18,17
2,62,10,13
2,62,10,13
3.74194,70,10,17,11
6.45161,110,10,9,16,2,5
4,62,10,1,13
5.35484,82,10,1,12,16
5.80645,68,10,3,21,12
6,62,10,1,19,5
4,62,10,16,4
7.74194,70,10,8,18,19,12
3.93548,64,10,22,13
3.87097,66,10,7,3
3.87097,66,10,3,10,3,13
5.09677,90,10,5,10,2,18
7.54839,76,10,3,8,15,17
4,62,10,7,4
2,62,10,13
4,62,10,12,11
9.80645,68,10,5,16,3,12,12,19
5.54839,76,10,14,19,20
5.03226,92,10,15,20,11
3.16129,88,10,2,18
3.6129,74,10,4,21
3.54839,76,10,10,6,14
5.16129,88,10,21,22,11
5.03226,92,10,14,6,19
3.35484,82,10,2,22
5.22581,86,10,1,20,11
7.87097,66,10,19,14,2,20
5.48387,78,10,11,16,7
5.80645,68,10,9,22,9,22,1
5.87097,66,10,8,3,13
3.80645,68,10,11,17
5.29032,84,10,1,2,18
3.93548,64,10,14,16
5.93548,64,10,7,7,14,15
3.93548,64,10,19,13
3.6129,74,10,4,2
3.48387,78,10,6,6,18
4.70968,102,10,9,15,6,10
2.77419,100,10,4,1
7.6129,74,10,11,3,3,14,20
5.03226,92,10,14,10,16,2
5.41935,80,10,22,12,11
5.29032,84,10,18,20,4
5.48387,78,10,7,17,18
7.80645,68,10,16,14,18,17
5.16129,88,10,21,18,5
3.93548,64,10,22,13
3.87097,66,10,6,7
3.80645,68,10,6,22
3.35484,82,10,20,20,14
5.29032,84,10,5,20,3
3.80645,68,10,6,22
5.54839,76,10,9,10,7,10,22
2.58065,106,10,2,16
3.80645,68,10,21,1
8,62,10,1,3,11,12
3.16129,88,10,2,19
2.58065,106,10,2,9
5.41935,80,10,17,9,9,17,21
4.96774,94,10,11,12,11,14,10
3.03226,92,10,6,1
5.67742,72,10,17,7,1
4.32258,114,10,15,4,16
8.96774,94,10,9,16,19,2,1
5.74194,70,10,19,3,22
3.93548,64,10,18,13
3.74194,70,10,14,5
3.54839,76,10,3,17
5.93548,64,10,18,12,11
4,62,10,8,6
5.93548,64,10,3,15,7
3.16129,88,10,2,19
5.80645,68,10,18,20,2
5.22581,86,10,8,15,8,13
5.93548,64,10,18,22,8
4,62,10,22,16
9.22581,86,10,10,8,14,21,7,1
9.74194,70,10,11,8,18,19,15
3.87097,66,10,7,20
7.09677,90,10,9,12,20,8
2.96774,94,10,2,17
4,62,10,14,10,18
3.03226,92,10,4,19
3.22581,86,10,20,22
5.35484,82,10,14,3,5
5.6129,74,10,11,9,22
5.67742,72,10,22,12,14
7.74194,70,10,9,3,8,5
3.35484,82,10,12,16
3.74194,70,10,14,5
5.87097,66,10,19,12,15
3.93548,64,10,10,3,4
7.29032,84,10,1,11,8,15,10
5.87097,66,10,3,1,1,14
2.77419,100,10,4,1
2.83871,98,10,6,9
5.22581,86,10,5,7,17,5
2.83871,98,10,4,11
3.80645,68,10,21,11
4.83871,98,10,1,5,4
7.80645,68,10,18,21,18,8,11
5.67742,72,10,9,17,2
5.74194,70,10,18,11,12
2,62,10,13
5.6129,74,10,11,18,6
5.93548,64,10,15,11,1
5.93548,64,10,18,12,11
3.35484,82,10,20,3
3.93548,64,10,3,4
2.25806,116,10,15,20,10
7.93548,64,10,9,22,14,15
3.29032,84,10,2,2,15
3.93548,64,10,12,4
3.87097,66,10,7,20
4,62,10,7,12
6.83871,98,10,15,15,8,19,13
3.54839,76,10,20,13
4,62,10,16,4
4,62,10,3,7
2,62,10,13
7.54839,76,10,8,7,15,12
5.03226,92,10,17,21,17,3
6.77419,100,10,1,16,11,17
7.29032,84,10,9,3,20,4
5.80645,68,10,5,18,13
3.93548,64,10,17,2
7.41935,80,10,5,5,11,15,3
3.74194,70,10,6,15
3.93548,64,10,17,12
5.6129,74,10,21,12,13
3.93548,64,10,3,4
3.41935,80,10,12,17
4,62,10,17,8
5.67742,72,10,9,20,21
4.64516,104,10,10,15,11,17
5.87097,66,10,1,22,14
4.77419,100,10,11,5,6
5.22581,86,10,21,20,3
5.29032,84,10,14,7,9
7.54839,76,10,9,7,7,6,21
5.03226,92,10,3,2,1
3.41935,80,10,2,14
5.93548,64,10,5,21,19
2,62,10,13
4,62,10,10,22,16
5.35484,82,10,1,16,6
7.22581,86,10,10,18,21,4,22
9.6129,74,10,1,11,8,19,8,4
2,62,10,13
3.93548,64,10,11,4
3.6129,74,10,7,15,10
2.77419,100,10,4,1
3.93548,64,10,3,4
2.70968,102,10,6,5
3.03226,92,10,4,19
4.96774,94,10,22,8,17
7.54839,76,10,19,19,3,8,5
5.67742,72,10,16,22,5
2.83871,98,10,6,9
3.29032,84,10,20,7
7.29032,84,10,16,5,7,3
5.22581,86,10,10,15,17,12
5.16129,88,10,14,20,15
3.93548,64,10,11,4
3.87097,66,10,22,9
2,62,10,13
5.80645,68,10,1,2,21
4.90323,96,10,11,11,21,5
7.16129,88,10,9,12,2,8
5.54839,76,10,8,3,17
5.87097,66,10,1,3,5
3.16129,88,10,8,7,10
3.22581,86,10,6,12
5.29032,84,10,8,9,17
3.22581,86,10,2,8
5.74194,70,10,18,7,1
7.93548,64,10,5,11,3,7
7.93548,64,10,5,1,11,13
3.87097,66,10,12,12,7
3.87097,66,10,22,1
3.41935,80,10,20,4
5.35484,82,10,17,16,22
2.58065,106,10,2,9
5.54839,76,10,11,3,17
2.32258,114,10,12,2,2,2,10
7.67742,72,10,19,3,1,16
3.41935,80,10,10,4,12
3.87097,66,10,17,13
7.22581,86,10,9,3,3,20,14
2,62,10,13
4.83871,98,10,12,14,12,5
3.93548,64,10,3,22
2,62,10,13
5.87097,66,10,1,5,19
4,62,10,7,7,2
3.09677,90,10,6,3
5.74194,70,10,3,15,21
2,62,10,13
4,62,10,17,4
3.54839,76,10,6,14
3.80645,68,10,3,5
5.54839,76,10,17,19,16
9.22581,86,10,18,19,15,15,21,11
2.45161,110,10,2,5
5.87097,66,10,16,7,4
3.93548,64,10,14,9
7.41936,80,10,5,11,9,7
9.41936,80,10,5,3,11,8,16
6,62,10,10,10,5,3,15
5.74194,70,10,12,21,22
2.45161,110,10,2,5
3.80645,68,10,3,5
4.77419,100,10,14,6,20
3.16129,88,10,21,5
2.58065,106,10,20,9
5.54839,76,10,3,1,15
3.03226,92,10,11,7,10
3.41935,80,10,2,7
5.41935,80,10,9,6,17
5.16129,88,10,1,11,2,2,1
5.22581,86,10,18,2,18,10,17
5.87097,66,10,14,8,22
5.54839,76,10,1,6,4
2.3871,112,10,11,11,2,10
3.41935,80,10,20,4
4,62,10,1,17
7.80645,68,10,16,3,3,8,1,3
3.29032,84,10,6,2
5.16129,88,10,1,6,18
7.6129,74,10,16,17,18,8
3.09677,90,10,2,6
7.22581,86,10,5,1,22,11
4.90323,96,10,14,4,17
3.35484,82,10,20,3
4,62,10,21,3
2,62,10,13
3.87097,66,10,15,10,22
7.09677,90,10,15,14,22,13
2.51613,108,10,1,2,10
3.80645,68,10,16,13
2.45161,110,10,2,5
6.90323,96,10,18,14,20,1
5.80645,68,10,5,17,12
5.03226,92,10,18,1,4
3.87097,66,10,6,4
7.74194,70,10,3,12,14,7
3.93548,64,10,11,4
2.3871,112,10,20,5
5.29032,84,10,21,4,4,14
5.93548,64,10,9,8,6
3.93548,64,10,14,9
3.16129,88,10,20,18
5.54839,76,10,8,15,11
5.74194,70,10,16,11,6
3.80645,68,10,2,13
3.87097,66,10,22,11
7.67742,72,10,9,16,6,15
6,62,10,15,21,3
2.83871,98,10,21,10,20
6,62,10,14,12,18
5.80645,68,10,19,18,20
5.87097,66,10,18,19,5
2,62,10,13
3.87097,66,10,11,6
5.80645,68,10,18,17,7
5.48387,78,10,15,1,14
9.29032,84,10,19,21,7,22,4
3.87097,66,10,12,7
2.32258,114,10,10,4,9
4,62,10,8,4
5.22581,86,10,15,4,22
4,62,10,7,12
3.29032,84,10,21,10,12
4,62,10,21,3
6,62,10,19,12,13
3.80645,68,10,15,18,10
4.83871,98,10,15,6,16
4,62,10,21,6
3.67742,72,10,20,12
3.16129,88,10,4,3
3.80645,68,10,17,3
3.87097,66,10,17,13
5.67742,72,10,1,15,3
3.87097,66,10,11,11,6
3.74194,70,10,10,22,5
5.29032,84,10,9,1,12,10
2.58065,106,10,2,16
3.93548,64,10,4,13
6,62,10,19,11,12
3.80645,68,10,3,5
4.70968,102,10,10,7,6,9
5.6129,74,10,16,10,17,17,13
4,62,10,17,4
5.03226,92,10,14,6,19
5.74194,70,10,18,1,5
7.74194,70,10,9,15,7,16
3.93548,64,10,15,13
2.58065,106,10,2,16
3.54839,76,10,6,14
3.93548,64,10,19,13
4,62,10,8,6
