3.67742,72,6,11,7
3.48387,78,6,1,20
3.6129,74,6,9,18
5.54839,76,6,19,14,5
5.35484,82,6,4,2,16
3.93548,64,6,17,17,8
3.54839,76,6,16,3
2.64516,104,6,9,13
5.80645,68,6,3,21,14
3.29032,84,6,16,21
7.80645,68,6,6,7,8,3,3,8,22
3.74194,70,6,19,13
3.87097,66,6,16,11
5.6129,74,6,20,6,20,21,18
4.25806,116,6,5,10,13
8,62,6,14,12,13,4
5.29032,84,6,19,9,15
5.29032,84,6,22,16,21
5.48387,78,6,18,3,22
5.54839,76,6,2,4,14
5.48387,78,6,3,21,20
3.35484,82,6,10,15
5.03226,92,6,17,17,5,22
7.29032,84,6,3,8,1,15
3.80645,68,6,8,4
5.22581,86,6,1,10,17
3.74194,70,6,3,16
3.87097,66,6,3,15
4,62,6,11,16
5.93548,64,6,8,19,16
2.64516,104,6,9,4
5.29032,84,6,21,9,19
5.29032,84,6,5,16,8
4.32258,114,6,15,13,10
9.16129,88,6,15,14,11,8,2
6,62,6,21,15,13
5.6129,74,6,22,3,20
5.6129,74,6,12,7,14
3.41935,80,6,12,5
5.48387,78,6,4,3,13
4,62,6,21,10
2.3871,112,6,5,4
4.58065,106,6,14,4,16
5.29032,84,6,21,11,13
3.80645,68,6,6,2,1
5.6129,74,6,22,6,8,7
6,62,6,15,1,3
5.87097,66,6,19,12,2
5.93548,64,6,19,11,14
4.83871,98,6,22,4,16
3.48387,78,6,10,8
3.22581,86,6,1,17
5.09677,90,6,2,22,20
3.16129,88,6,5,22
3.74194,70,6,8,17
5.09677,90,6,3,6,13,14
5.67742,72,6,21,12,17
5.6129,74,6,2,12,1
5.80645,68,6,21,18,2
4.96774,94,6,21,20,10
7.80645,68,6,18,11,1,3
5.80645,68,6,7,2,15
3.87097,66,6,17,2
7.67742,72,6,22,22,19,8,5
5.16129,88,6,8,1,17
3.80645,68,6,8,4
3.93548,64,6,8,2
5.22581,86,6,18,5,19
5.41935,80,6,4,3,5
7.16129,88,6,8,21,15,15,16
4,62,6,21,10
3.93548,64,6,19,2
3.87097,66,6,11,10
5.16129,88,6,4,11,2
3.54839,76,6,1,2
3.93548,64,6,18,13
3.41936,80,6,21,3,6
3.80645,68,6,11,21
2.83871,98,6,9,20
2.58065,106,6,10,20
5.80645,68,6,6,19,12,8
3.93548,64,6,18,13
3.16129,88,6,10,7
4,62,6,21,10
7.09677,90,6,21,7,3,22
3.74194,70,6,17,3
3.80645,68,6,8,4
2.3871,112,6,5,4
3.93548,64,6,1,18
4.96774,94,6,14,13,19
3.93548,64,6,11,18
3.67742,72,6,8,13
5.29032,84,6,15,4,17
3.16129,88,6,2,5
6,62,6,13,14,15
4,62,6,11,16
3.48387,78,6,19,6,16
4,62,6,12,22
7.09677,90,6,21,15,12,9
5.09677,90,6,21,9,14
5.67742,72,6,12,7,21
5.93548,64,6,15,4,21
7.87097,66,6,7,21,18,11
3.35484,82,6,13,10
3.87097,66,6,19,20
5.54839,76,6,12,3,4
5.48387,78,6,10,9,19
3.16129,88,6,2,5
7.35484,82,6,22,9,16,14
3.67742,72,6,8,13
2.90323,96,6,16,20
5.41935,80,6,15,12,17
5.54839,76,6,21,16,1
5.93548,64,6,6,21,20,3
3.74194,70,6,11,15
3.54839,76,6,1,2
7.03226,92,6,21,17,15,13
3.35484,82,6,2,20,6
4.64516,104,6,18,9,20
5.48387,78,6,21,13,11
3.35484,82,6,10,15
7.54839,76,6,4,7,18,16
3.6129,74,6,6,16,16,17
3.93548,64,6,2,8
6.96774,94,6,8,21,8,3,8,13
5.22581,86,6,10,16,22
3.35484,82,6,1,6,20
5.93548,64,6,7,2,14
5.16129,88,6,2,6,14,6,17
3.74194,70,6,16,18
9.74194,70,6,14,8,3,19,11
5.6129,74,6,22,21,10
2.58065,106,6,16,13
3.29032,84,6,10,22
7.03226,92,6,4,13,19,2
3.35484,82,6,5,8
5.48387,78,6,21,6,13,11
5.87097,66,6,15,19,20
2.51613,108,6,5,20
3.22581,86,6,6,16,12
7.93548,64,6,7,14,12,15
5.6129,74,6,7,3,22
5.54839,76,6,8,11,20
4,62,6,1,5
5.93548,64,6,4,12,12,22
5.41935,80,6,11,1,2
3.48387,78,6,1,6,12
3.6129,74,6,12,12,17
5.54839,76,6,12,21,11
5.6129,74,6,13,22,8
5.67742,72,6,3,12,15
7.93548,64,6,18,22,15,8
5.93548,64,6,21,11,9
5.93548,64,6,22,6,15,3
7.93548,64,6,22,19,15,18,19
3.09677,90,6,20,9
7.35484,82,6,17,15,18,5
5.6129,74,6,11,1,15
3.6129,74,6,12,17
5.67742,72,6,16,9,19
3.6129,74,6,11,20
5.93548,64,6,17,22,8
3.93548,64,6,19,2
7.74194,70,6,13,12,13,2,13,20
5.35484,82,6,18,9,15
3.41935,80,6,16,7
5.22581,86,6,18,9,22
5.41935,80,6,18,18,7,5
7.6129,74,6,22,7,20,4
3.74194,70,6,1,15
3.54839,76,6,12,16
3.80645,68,6,21,19,6
4,62,6,11,12
4.83871,98,6,8,9,12
3.80645,68,6,2,1
4.70968,102,6,1,10,12
8,62,6,4,22,15,17
5.16129,88,6,8,9,15
5.93548,64,6,12,18,22
3.80645,68,6,3,7
6,62,6,14,18,5
4.96774,94,6,19,9,12
5.74194,70,6,8,14,1,1,8
5.93548,64,6,17,18,22
3.67742,72,6,20,18
4.96774,94,6,13,6,20,19
5.29032,84,6,15,5,8
3.67742,72,6,3,3,13
4.64516,104,6,19,5,12
3.74194,70,6,1,15
5.54839,76,6,19,3,22
6,62,6,5,10,16
3.74194,70,6,3,16
3.74194,70,6,1,15
5.93548,64,6,18,15,9
3.54839,76,6,16,14
3.16129,88,6,1,6,6,7,1
5.29032,84,6,12,13,14
3.74194,70,6,18,6,1
5.22581,86,6,13,22,5
5.74194,70,6,19,22,7,19
3.03226,92,6,5,7
5.74194,70,6,2,20,7
4.12903,120,6,18,4,5
5.6129,74,6,15,9,18
7.35484,82,6,22,4,22,4,13,15
3.74194,70,6,3,22
3.48387,78,6,9,14
3.22581,86,6,16,12
2.64516,104,6,9,4
5.74194,70,6,21,3,22
5.87097,66,6,18,12,18,18,11
3.41935,80,6,13,16
5.35484,82,6,18,4,12
5.22581,86,6,2,4,17
5.74194,70,6,18,21,22,18
3.80645,68,6,16,19
7.29032,84,6,8,11,3,22
3.93548,64,6,8,2
3.87097,66,6,19,4
3.29032,84,6,9,7
3.80645,68,6,21,6,9
5.93548,64,6,2,12,21
3.22581,86,6,5,15
5.35484,82,6,8,15,9
4.45161,110,6,9,10,4
5.41935,80,6,4,18,2
5.09677,90,6,12,15,13
5.67742,72,6,20,12,18
5.74194,70,6,19,8,2
3.67742,72,6,9,19
4,62,6,11,16
3.29032,84,6,11,6,1
5.41935,80,6,8,1,8,6,12
3.54839,76,6,4,5
4.19355,118,6,18,5,4
5.29032,84,6,8,9,19
3.6129,74,6,16,17
5.54839,76,6,1,11,7
3.09677,90,6,20,9
5.80645,68,6,15,20,13
3.03226,92,6,10,6,1
3.48387,78,6,10,18
3.48387,78,6,9,3
3.29032,84,6,10,3
5.41935,80,6,12,18,10
6.77419,100,6,22,9,5,12
4.45161,110,6,9,16,13
5.67742,72,6,3,19,7
7.54839,76,6,14,11,19,12
3.80645,68,6,20,15
5.74194,70,6,1,3,19
2.64516,104,6,7,10,6
7.22581,86,6,15,18,1,20
6,62,6,22,12,13
5.48387,78,6,20,13,20,21
5.29032,84,6,12,2,19
4.90323,96,6,19,5,14
5.93548,64,6,12,14,22
3.67742,72,6,17,1
3.22581,86,6,5,15
7.03226,92,6,13,2,12,5
4.58065,106,6,1,9,20
5.67742,72,6,2,3,1
5.54839,76,6,1,11,1,7
7.09677,90,6,21,7,21,13,19
4,62,6,12,22
3.22581,86,6,5,15
4.51613,108,6,10,16,2
8,62,6,15,22,21,17
4.32258,114,6,15,5,4
5.93548,64,6,14,16,5
3.35484,82,6,3,17
3.93548,64,6,16,1
7.22581,86,6,14,12,20,18
5.41935,80,6,22,13,22,11
5.87097,66,6,14,3,15
2.64516,104,6,16,10,6
5.87097,66,6,12,21,19
6,62,6,7,5,9
5.67742,72,6,13,18,12
4.70968,102,6,22,4,10
5.09677,90,6,7,16,12
3.87097,66,6,2,19
5.16129,88,6,18,17,8
3.16129,88,6,20,6,9
3.09677,90,6,15,11,6
7.09677,90,6,21,2,14,16
5.41935,80,6,14,20,7
5.67742,72,6,19,15,19,5
5.67742,72,6,4,11,19
6.77419,100,6,22,18,10,12
5.09677,90,6,22,22,10,7
2.58065,106,6,6,16,13
3.93548,64,6,6,18,13
3.22581,86,6,1,17
4,62,6,6,9,1
5.80645,68,6,17,7,2
3.87097,66,6,19,14,6
3.87097,66,6,20,3
6,62,6,19,9,5
5.09677,90,6,18,4,3
3.74194,70,6,16,18
5.74194,70,6,8,22,17
4.3871,112,6,18,10,2
3.6129,74,6,9,18
3.80645,68,6,17,13
5.74194,70,6,8,15,17
3.41935,80,6,9,22
5.6129,74,6,4,22,11
3.54839,76,6,9,15
5.22581,86,6,11,19,17
5.16129,88,6,2,3,22
3.54839,76,6,5,11
5.22581,86,6,21,17,20
3.93548,64,6,15,4,6
3.54839,76,6,16,3
5.74194,70,6,19,15,3
7.80645,68,6,14,18,21,3
3.87097,66,6,1,12
3.80645,68,6,5,6,7
3.93548,64,6,11,18
2.90323,96,6,20,10
2.3871,112,6,10,13
3.48387,78,6,9,3
3.67742,72,6,17,11
4,62,6,1,5
5.22581,86,6,15,11,13
5.74194,70,6,8,1,21
7.22581,86,6,14,14,12,18,4
5.16129,88,6,19,11,4
9.35484,82,6,13,4,7,7,15,20
3.67742,72,6,17,1
3.93548,64,6,8,5
3.6129,74,6,12,9
5.80645,68,6,13,13,14,1
3.93548,64,6,9,6,4
3.74194,70,6,17,20
7.22581,86,6,21,21,15,16,22
2.58065,106,6,10,20
7.48387,78,6,19,3,3,14,1
5.54839,76,6,18,2,4
5.41935,80,6,15,15,12,9
3.67742,72,6,6,2,17
7.29032,84,6,4,13,3,22
6,62,6,19,22,21
5.6129,74,6,4,22,11
5.80645,68,6,19,12,12,13
3.54839,76,6,4,5
3.93548,64,6,19,2
7.48387,78,6,22,19,15,13
5.6129,74,6,15,9,18
5.29032,84,6,22,1,2
3.35484,82,6,20,17
5.48387,78,6,11,3,15
5.54839,76,6,19,12,22
2.32258,114,6,5,13
3.03226,92,6,10,21
3.93548,64,6,17,4
3.6129,74,6,10,11
7.6129,74,6,4,21,15,13
4,62,6,8,10
3.87097,66,6,20,3
5.03226,92,6,19,10,14
7.67742,72,6,15,7,6,7,21,13
3.22581,86,6,11,17
7.22581,86,6,7,18,2,22
6,62,6,7,19,7,13
5.22581,86,6,8,22,16
5.41935,80,6,4,8,5
7.74194,70,6,22,21,8,7
5.41935,80,6,13,3,7
7.03226,92,6,15,15,18,20,18,20,11
3.22581,86,6,5,15
9.80645,68,6,8,19,8,14,18,14,15
3.93548,64,6,8,2
3.22581,86,6,1,1,13
5.54839,76,6,8,18,10
3.67742,72,6,4,9
5.74194,70,6,12,19,1
4.77419,100,6,20,21,10
3.6129,74,6,3,10
5.48387,78,6,20,12,4
3.22581,86,6,1,17
4.90323,96,6,1,9,21
5.35484,82,6,14,12,5
3.29032,84,6,2,9
5.41935,80,6,15,2,18
3.29032,84,6,9,7
3.22581,86,6,5,3
5.41935,80,6,4,17,5
3.67742,72,6,8,13
3.87097,66,6,16,11
3.93548,64,6,17,4
3.80645,68,6,16,19
5.16129,88,6,4,4,2,10
5.54839,76,6,15,3,9
3.80645,68,6,11,21
5.22581,86,6,19,10,18
4.90323,96,6,4,17,17,11
3.74194,70,6,3,9
5.54839,76,6,19,15,13
7.80645,68,6,7,21,4,20
5.54839,76,6,12,3,16
5.48387,78,6,12,1,12,8
5.48387,78,6,16,9,17
4.32258,114,6,18,2,5
7.80645,68,6,4,2,14,15
5.35484,82,6,1,16,19
5.22581,86,6,13,19,17
5.6129,74,6,6,11,6,7,17
5.74194,70,6,4,21,16
3.6129,74,6,9,8
3.93548,64,6,2,8
6.32258,114,6,7,9,16,13
5.41935,80,6,18,17,16
7.03226,92,6,15,22,15,16,12
5.41935,80,6,8,18,4
4.58065,106,6,19,9,20
6,62,6,14,8,10
2.51613,108,6,10,4
5.93548,64,6,8,11,12
4,62,6,14,5
2.58065,106,6,16,13
5.22581,86,6,11,14,17
5.6129,74,6,19,12,7
5.67742,72,6,18,4,4,4,18,18,7
3.93548,64,6,2,8
5.87097,66,6,14,11,5
3.87097,66,6,14,19,19,6
5.54839,76,6,13,18,3
7.80645,68,6,4,13,21,1
9.16129,88,6,22,7,4,7,14,17
5.35484,82,6,18,16,14
5.6129,74,6,6,20,21,4
5.41935,80,6,13,22,20
2.77419,100,6,16,4
5.41935,80,6,14,1,20
5.35484,82,6,21,16,21,17
3.87097,66,6,19,4
5.6129,74,6,13,19,22
3.6129,74,6,9,8
4.45161,110,6,22,13,5
5.48387,78,6,22,8,17
2.51613,108,6,10,4
5.87097,66,6,15,14,10
3.74194,70,6,3,9
3.6129,74,6,12,9
5.41935,80,6,19,22,9
3.87097,66,6,3,20
4.58065,106,6,14,16,20
3.16129,88,6,3,18,6
5.87097,66,6,7,19,2
3.54839,76,6,1,2
5.35484,82,6,8,15,20
3.74194,70,6,3,22
3.93548,64,6,6,8,5
2.83871,98,6,9,2
7.6129,74,6,15,18,11,10
5.67742,72,6,21,7,5
3.03226,92,6,5,7
5.29032,84,6,21,19,21,2,19
7.03226,92,6,3,8,19,13
3.41935,80,6,12,12,5
3.80645,68,6,10,1
3.48387,78,6,9,17
7.29032,84,6,19,21,7,4
5.87097,66,6,19,1,16
5.93548,64,6,19,12,21
6,62,6,4,13,17
4,62,6,2,15
5.35484,82,6,20,2,1
7.09677,90,6,14,12,21,16
4.90323,96,6,21,13,9
3.74194,70,6,17,3
5.87097,66,6,12,19,15
5.93548,64,6,13,2,11
3.74194,70,6,3,16
4,62,6,12,22
3.16129,88,6,10,7
5.74194,70,6,8,19,19,17
2.64516,104,6,9,13
3.54839,76,6,1,2
5.16129,88,6,5,6,5,10,3
3.74194,70,6,3,4
3.35484,82,6,13,10
5.41935,80,6,13,14,9
3.22581,86,6,9,12
3.74194,70,6,17,20
5.6129,74,6,14,11,2
4,62,6,2,15
3.6129,74,6,9,8
5.03226,92,6,18,5,3
5.74194,70,6,8,8,22,17
3.67742,72,6,17,11
5.03226,92,6,21,4,4,9
5.35484,82,6,13,13,19,9
5.80645,68,6,18,11,11,9
4.96774,94,6,12,20,17
3.6129,74,6,3,5
5.93548,64,6,21,15,5
4.45161,110,6,2,4,5
4.58065,106,6,16,10,9,6
5.74194,70,6,14,1,21
5.93548,64,6,22,12,11
5.87097,66,6,14,15,16
5.35484,82,6,20,12,22
3.67742,72,6,8,13
5.16129,88,6,10,16,3
3.6129,74,6,9,18
7.29032,84,6,13,12,2,8
3.54839,76,6,4,5
5.16129,88,6,5,10,3
5.67742,72,6,4,20,20,8
3.93548,64,6,19,2
9.74194,70,6,7,15,14,15,19,10
3.03226,92,6,22,11,6
3.29032,84,6,10,3
5.93548,64,6,19,18,11
5.87097,66,6,15,12,18,15
5.74194,70,6,3,6,22,17
5.41935,80,6,11,3,7
5.03226,92,6,14,9,7
5.87097,66,6,19,6,14,8
5.67742,72,6,15,11,11,5
4.64516,104,6,12,1,17
7.6129,74,6,7,18,3,15
5.41935,80,6,22,13,3
7.80645,68,6,7,15,8,10
3.54839,76,6,1,2
5.54839,76,6,22,16,14
5.54839,76,6,4,19,10
5.41935,80,6,5,10,10,17
4,62,6,11,16
4.32258,114,6,5,9,13
3.67742,72,6,20,11
3.74194,70,6,17,3
5.54839,76,6,7,13,3
5.54839,76,6,19,15,19,2
5.41935,80,6,14,14,20,7
5.6129,74,6,18,10,1
3.29032,84,6,6,2,16
7.93548,64,6,7,19,10,9
5.67742,72,6,13,8,18
5.87097,66,6,21,20,15
5.74194,70,6,13,18,8
3.93548,64,6,8,5
3.67742,72,6,2,2,17
3.22581,86,6,16,12
3.87097,66,6,2,18
5.93548,64,6,7,1,10
3.35484,82,6,5,8
3.48387,78,6,12,10
5.67742,72,6,12,7,18
5.54839,76,6,15,16,15,11
3.54839,76,6,10,17
5.74194,70,6,14,11,15
7.41935,80,6,7,12,18,16
5.09677,90,6,18,2,8
6.58065,106,6,22,4,13,9
3.54839,76,6,12,7,6
5.67742,72,6,13,20,11
5.54839,76,6,2,7,19
5.35484,82,6,22,11,20
3.29032,84,6,1,4
5.54839,76,6,13,7,3
3.03226,92,6,10,21
7.16129,88,6,15,9,16,21
4.96774,94,6,12,11,13
3.54839,76,6,1,2
5.41935,80,6,4,1,18
3.48387,78,6,1,20
3.67742,72,6,20,18
2.83871,98,6,9,2
3.87097,66,6,2,18
5.16129,88,6,22,9,12
5.03226,92,6,14,17,2
5.48387,78,6,2,20,1
3.93548,64,6,8,2
5.6129,74,6,6,4,22,11
3.54839,76,6,1,2
3.6129,74,6,9,18
5.67742,72,6,22,21,9
5.54839,76,6,18,8,4
7.29032,84,6,8,14,19,20
5.93548,64,6,14,7,4
2.58065,106,6,10,2
3.74194,70,6,16,18
5.03226,92,6,2,4,1
3.67742,72,6,4,9
3.87097,66,6,17,2
4.51613,108,6,7,7,9,4
6.64516,104,6,21,4,13,5
3.54839,76,6,5,11
3.93548,64,6,18,13
3.93548,64,6,11,18
5.22581,86,6,11,9,18
4.77419,100,6,12,11,17
4.25806,116,6,16,10,13
3.87097,66,6,11,5
6.25806,116,6,18,14,4,9
4,62,6,21,10
3.48387,78,6,22,2,6
3.54839,76,6,20,1
4.96774,94,6,14,4,1
5.48387,78,6,22,11,15
7.16129,88,6,12,14,14,14,15,9
7.03226,92,6,7,18,17,13
3.54839,76,6,1,2
5.93548,64,6,18,22,8
3.80645,68,6,6,8,8,4
5.54839,76,6,7,9,19
3.87097,66,6,11,10
5.67742,72,6,8,14,14,9
6,62,6,22,3,1
3.80645,68,6,20,7
5.6129,74,6,1,11,15
3.29032,84,6,1,4
3.93548,64,6,12,6,18
7.35484,82,6,18,19,22,16
8.51613,108,6,7,22,20,2,20,16
9.09677,90,6,21,14,3,12,17
2.32258,114,6,5,13
5.67742,72,6,18,2,13
5.29032,84,6,12,18,4
3.22581,86,6,1,13
3.03226,92,6,10,12
3.87097,66,6,19,20
2.51613,108,6,5,20
5.80645,68,6,15,11,16
5.93548,64,6,21,1,10
3.87097,66,6,3,20
8.45161,110,6,15,7,22,15,15,20,9
4.83871,98,6,4,6,2,6,9
2.90323,96,6,15,9,6
2.77419,100,6,4,1,6
3.03226,92,6,10,12
3.93548,64,6,8,2
6.90323,96,6,4,20,12,16
3.87097,66,6,2,11
3.41935,80,6,16,7
4.58065,106,6,4,7,6,10
3.80645,68,6,1,21
3.87097,66,6,17,12
7.93548,64,6,7,22,19,17
4.83871,98,6,5,16,21
3.6129,74,6,4,10
3.93548,64,6,2,8
5.87097,66,6,14,3,20
5.54839,76,6,14,4,7
5.74194,70,6,2,7,21
5.41935,80,6,18,18,7,5
5.74194,70,6,4,7,11
5.22581,86,6,1,3,4
8.64516,104,6,15,22,11,1,13
5.80645,68,6,14,7,13
7.74194,70,6,21,14,7,13
3.93548,64,6,12,6,6,17
3.6129,74,6,10,11
3.35484,82,6,10,15
3.29032,84,6,1,4
3.93548,64,6,19,2
3.29032,84,6,9,7
5.80645,68,6,5,16,10
5.35484,82,6,7,9,3
5.54839,76,6,4,1,10
5.67742,72,6,15,17,17,4
7.09677,90,6,4,2,12,10
5.6129,74,6,12,12,12,18,1
3.67742,72,6,20,18
3.87097,66,6,1,12
5.54839,76,6,13,19,7
5.16129,88,6,7,21,3,6
5.87097,66,6,8,9,5
5.67742,72,6,8,8,18,8,22
3.29032,84,6,2,16
5.67742,72,6,6,7,8,4
5.35484,82,6,21,16,18
7.35484,82,6,19,14,18,13
3.35484,82,6,3,17
4.77419,100,6,12,4,1
3.93548,64,6,17,8
5.41935,80,6,17,18,10
5.54839,76,6,11,1,1,7
5.74194,70,6,21,3,16
5.09677,90,6,4,4,20,9
4.96774,94,6,21,20,5
3.22581,86,6,12,2,6
5.93548,64,6,13,15,19
7.35484,82,6,14,18,1,15
5.41935,80,6,22,20,11
7.09677,90,6,4,15,15,14,10
5.67742,72,6,8,14,13
3.87097,66,6,11,10
5.41935,80,6,18,11,3,18
5.09677,90,6,17,19,20
5.48387,78,6,18,3,16
5.48387,78,6,7,16,15
2.77419,100,6,4,1,6
6,62,6,22,14,21,6
3.35484,82,6,20,17
3.54839,76,6,5,11
4.32258,114,6,15,5,4
5.93548,64,6,13,2,18
5.29032,84,6,14,7,17,6
4.70968,102,6,12,20,16
4.70968,102,6,18,4,1
4.3871,112,6,18,10,20
3.29032,84,6,9,7
5.54839,76,6,22,4,18
3.93548,64,6,8,5
3.74194,70,6,3,16
5.87097,66,6,17,15,12
5.87097,66,6,21,8,5
4.58065,106,6,18,16,4
5.48387,78,6,19,1,7
5.48387,78,6,4,15,5
5.80645,68,6,14,20,12
5.09677,90,6,21,2,5
2.51613,108,6,10,4
4,62,6,8,6,17
4.64516,104,6,10,9,2
5.54839,76,6,19,6,7,3
5.67742,72,6,19,3,3,15
5.41935,80,6,13,18,16
5.67742,72,6,8,22,22,21
3.41935,80,6,5,17
3.80645,68,6,10,1
4,62,6,6,21,10
5.09677,90,6,13,11,22
5.80645,68,6,1,14,21
3.6129,74,6,2,6,20
4.83871,98,6,12,7,12,9
7.67742,72,6,4,20,2,3
7.22581,86,6,21,11,3,16
5.87097,66,6,12,21,2
5.54839,76,6,6,17,15,13
5.54839,76,6,1,14,22
3.35484,82,6,20,17
7.87097,66,6,11,8,14,8,3
3.93548,64,6,17,4
3.93548,64,6,17,8
3.6129,74,6,12,12,9
3.29032,84,6,1,6,11
5.22581,86,6,22,10,3
2.58065,106,6,17,9,6
5.74194,70,6,14,7,11
5.22581,86,6,6,1,19,17
5.48387,78,6,22,21,5
3.74194,70,6,3,9
5.67742,72,6,21,13,15
6.64516,104,6,15,19,17,11
4.45161,110,6,21,9,2
4.96774,94,6,3,12,5
6,62,6,6,18,14,17
3.35484,82,6,5,8
5.87097,66,6,8,11,18
5.48387,78,6,17,17,16,19
3.87097,66,6,20,14
4.51613,108,6,14,20,5
3.93548,64,6,20,4
5.09677,90,6,13,11,22
3.54839,76,6,16,14
7.87097,66,6,15,12,20,20,2
3.29032,84,6,2,16
5.93548,64,6,13,22,21
6.12903,120,6,7,7,17,5,4
5.67742,72,6,3,1,10
3.87097,66,6,19,19,4
7.87097,66,6,22,17,14,8
3.93548,64,6,8,5
5.87097,66,6,1,3,12
5.74194,70,6,17,14,3
5.74194,70,6,15,12,15,20
3.74194,70,6,3,22
5.74194,70,6,21,17,10
5.48387,78,6,8,18,5
5.35484,82,6,2,13,18
6.83871,98,6,20,2,13,8
6.25806,116,6,21,12,4,5
3.35484,82,6,13,10
3.87097,66,6,3,15
3.29032,84,6,1,4
3.74194,70,6,15,6,10
5.41935,80,6,8,19,13
3.29032,84,6,10,6,8
6,62,6,12,14,7
3.67742,72,6,9,19
5.41935,80,6,3,19,10
5.93548,64,6,17,5,16
3.29032,84,6,10,22
3.67742,72,6,20,11
4,62,6,11,16
5.41935,80,6,19,11,22
7.29032,84,6,4,21,21,8,8,17
3.87097,66,6,8,20
5.16129,88,6,2,3,22
5.35484,82,6,15,5,17
4,62,6,9,1
2.58065,106,6,16,13
5.6129,74,6,15,5,1
5.74194,70,6,18,14,5
7.67742,72,6,14,22,15,3
3.48387,78,6,21,20,6
3.6129,74,6,3,5
5.54839,76,6,13,6,17,5
3.80645,68,6,3,7
3.74194,70,6,3,22
4,62,6,8,10
5.74194,70,6,21,20,18
3.74194,70,6,17,17,3
4.77419,100,6,7,13,9
5.48387,78,6,19,16,18
5.48387,78,6,19,3,13
4.51613,108,6,17,9,20
7.6129,74,6,13,2,13,7,14
5.35484,82,6,12,11,21
5.87097,66,6,21,3,20
3.93548,64,6,13,1
5.35484,82,6,4,4,8,20
3.35484,82,6,13,5
2.64516,104,6,14,9,6
3.54839,76,6,10,19
5.87097,66,6,4,22,8
5.41935,80,6,19,3,10
5.6129,74,6,8,19,15,6
3.93548,64,6,2,8
5.22581,86,6,12,15,20
7.48387,78,6,15,14,22,20
3.74194,70,6,3,9
5.67742,72,6,11,14,7
5.80645,68,6,8,18,3
5.74194,70,6,21,3,22
6,62,6,6,3,14,21
4.45161,110,6,7,16,16,13
5.41935,80,6,18,3,13
5.09677,90,6,5,16,3
5.54839,76,6,12,3,4
7.93548,64,6,4,14,1,11
2.83871,98,6,9,20
3.6129,74,6,9,8
3.87097,66,6,17,2
5.67742,72,6,18,2,13
5.93548,64,6,4,12,22
5.35484,82,6,4,6,4,13,16
3.80645,68,6,1,21
3.54839,76,6,12,16
5.29032,84,6,22,4,11
5.09677,90,6,22,15,6,9
5.67742,72,6,12,18,3
4.06452,122,6,20,13,5
3.16129,88,6,9,21
2.64516,104,6,5,10,6
3.67742,72,6,20,11
3.41935,80,6,13,16
2.90323,96,6,6,20,10
3.6129,74,6,9,8
5.54839,76,6,7,6,18,2
3.48387,78,6,6,12,10
5.29032,84,6,8,22,4
5.74194,70,6,18,11,12
5.93548,64,6,21,22,20
6,62,6,4,2,8
3.09677,90,6,20,9
3.6129,74,6,12,17
5.29032,84,6,22,1,2
5.67742,72,6,13,20,8
7.16129,88,6,22,14,20,15
3.93548,64,6,8,2
5.74194,70,6,18,18,1,5
3.03226,92,6,10,21
7.48387,78,6,13,4,18,3
3.67742,72,6,1,7
5.35484,82,6,8,16,18
3.29032,84,6,9,7
7.35484,82,6,15,18,1,22
3.29032,84,6,2,16
7.29032,84,6,18,8,18,22,20
2.77419,100,6,16,4
5.6129,74,6,19,22,2
3.35484,82,6,20,17
5.03226,92,6,10,5,7
4.45161,110,6,9,5,20
2.83871,98,6,9,20
3.87097,66,6,2,19
3.41935,80,6,13,16
5.22581,86,6,5,10,15
3.29032,84,6,10,3
3.35484,82,6,10,15
5.16129,88,6,11,1,4
5.87097,66,6,3,11,14
7.16129,88,6,18,21,8,10
4.96774,94,6,1,6,4,17
7.41935,80,6,4,21,18,20
4,62,6,8,10
3.87097,66,6,2,18
5.41935,80,6,18,8,13
2.51613,108,6,5,20
5.87097,66,6,22,16,11
3.09677,90,6,2,10
5.22581,86,6,15,5,15,13
4.90323,96,6,21,19,16,21
2.58065,106,6,5,2
3.87097,66,6,19,4
4.96774,94,6,14,13,8
3.93548,64,6,16,1
3.6129,74,6,16,22
3.29032,84,6,10,3
5.09677,90,6,17,21,16
5.48387,78,6,13,21,16
2.51613,108,6,11,9,6
3.41935,80,6,16,7
5.09677,90,6,7,7,7,5,3
2.90323,96,6,5,12
6.45161,110,6,10,5,16,20
6,62,6,21,4,22
7.6129,74,6,9,5,10,9,1
3.87097,66,6,19,20
3.80645,68,6,3,7
7.93548,64,6,13,7,15,19
3.80645,68,6,16,19
5.09677,90,6,1,1,19,2
3.74194,70,6,22,6,5
5.54839,76,6,13,18,3
5.67742,72,6,6,16,10,1
3.74194,70,6,20,22
5.87097,66,6,19,5,9
2.96774,94,6,5,6,11
4.96774,94,6,18,17,20
5.54839,76,6,12,19,16
5.80645,68,6,12,21,20
3.03226,92,6,5,7
5.80645,68,6,1,14,8
5.87097,66,6,4,19,1
5.6129,74,6,20,21,8
5.22581,86,6,19,1,1,19,6,19,13
5.41935,80,6,13,4,16
7.16129,88,6,22,17,5,17,9
5.74194,70,6,22,22,1,5
7.54839,76,6,7,9,16,19
7.29032,84,6,22,4,4,21,17
3.87097,66,6,1,12
3.87097,66,6,2,11
3.80645,68,6,20,7
3.67742,72,6,4,9
5.35484,82,6,14,2,2,11
2.90323,96,6,16,20
5.6129,74,6,19,7,4
5.48387,78,6,19,1,7
5.41935,80,6,18,20,13
3.67742,72,6,17,11
3.09677,90,6,2,10
3.67742,72,6,20,8
7.48387,78,6,21,18,11,12
9.6129,74,6,21,15,19,14,2
5.93548,64,6,15,12,4
6,62,6,22,20,22,21
3.48387,78,6,12,10
3.6129,74,6,3,5
5.6129,74,6,20,12,19
3.29032,84,6,13,18,6
5.93548,64,6,21,22,20
3.80645,68,6,6,1,21
4.96774,94,6,17,18,17,3
3.74194,70,6,11,11,11,15
3.6129,74,6,4,10
3.29032,84,6,16,21
3.80645,68,6,10,1
6,62,6,6,21,15,10
4,62,6,9,1
5.93548,64,6,18,14,9
2.58065,106,6,10,20
5.80645,68,6,6,4,14,20
7.67742,72,6,7,22,11,12
2.90323,96,6,16,2
5.93548,64,6,18,15,11
4.19355,118,6,14,13,5
5.80645,68,6,12,8,18
3.41935,80,6,6,13,16
5.41935,80,6,14,1,20
5.35484,82,6,14,2,19
5.93548,64,6,2,12,21
3.80645,68,6,8,4
5.80645,68,6,14,8,4
3.74194,70,6,3,22
5.67742,72,6,14,20,13
7.6129,74,6,7,8,12,19
5.87097,66,6,14,22,8
3.48387,78,6,1,20
3.09677,90,6,20,16
4.58065,106,6,22,18,6,9
3.48387,78,6,9,3
4.96774,94,6,22,1,17
3.29032,84,6,10,3
5.67742,72,6,13,18,21
3.41935,80,6,18,6,5
3.87097,66,6,17,12
5.67742,72,6,21,17,19
3.54839,76,6,9,6,18
5.93548,64,6,11,1,14
