5.67742,72,15,16,11,5
5.80645,68,15,7,10,10,10,17
5.48387,78,15,6,19,10
2.96774,94,15,5,4
7.93548,64,15,16,1,8,14
7.29032,84,15,14,19,17,17,8
3.16129,88,15,12,9,15
3.67742,72,15,13,17
5.80645,68,15,22,5,19
4,62,15,20,19
7.67742,72,15,4,6,7,6,6,7,18
3.48387,78,15,17,5,15
3.93548,64,15,5,18
5.48387,78,15,9,5,12
5.41935,80,15,22,1,3,22
7.74194,70,15,8,14,3,7
4.90323,96,15,7,9,13
8,62,15,16,16,5,10,10,5,11
5.22581,86,15,8,10,7
6.70968,102,15,13,15,21,20,17
3.6129,74,15,16,6
7.54839,76,15,14,19,16,7
5.03226,92,15,12,9,22
5.74194,70,15,21,13,17
7.6129,74,15,7,14,17,5
5.09677,90,15,7,9,20
5.03226,92,15,16,10,2
7.41935,80,15,21,6,18,1
10.4516,110,15,22,7,18,21,20,5
4,62,15,2,1
7.16129,88,15,14,19,3,15,4
5.41935,80,15,8,7,10
9.09677,90,15,6,22,18,14,10
5.6129,74,15,21,16,21,11
4.70968,102,15,10,15,11,6
4.90323,96,15,2,18,13
3.93548,64,15,9,7
5.22581,86,15,3,9,14
3.93548,64,15,9,9,7
4.96774,94,15,11,16,6
2.90323,96,15,5,13
5.35484,82,15,1,19,13
4.90323,96,15,1,16,20
5.22581,86,15,2,22,15,4
5.41935,80,15,8,5,10,8
5.22581,86,15,9,18,4
3.93548,64,15,13,3
5.35484,82,15,18,18,4,1
5.29032,84,15,3,16,22
5.87097,66,15,7,3,10
3.87097,66,15,2,17
3.6129,74,15,12,1,15
5.80645,68,15,6,12,14
3.54839,76,15,21,16,15
3.80645,68,15,6,9
5.6129,74,15,1,21,13
4.64516,104,15,3,9,6
5.6129,74,15,22,6,5
5.35484,82,15,2,21,16
3.74194,70,15,1,4
5.09677,90,15,12,17,9
9.03226,92,15,7,14,9,5,9,12
6.77419,100,15,18,5,9,13
4.25806,116,15,21,21,5,5,4
6.12903,120,15,15,21,3,4,5
3.48387,78,15,20,16
5.74194,70,15,8,22,2
4,62,15,4,19
3.93548,64,15,1,20
7.09677,90,15,22,11,5,18
7.6129,74,15,19,3,1,1,2
5.29032,84,15,16,18,20
5.87097,66,15,19,21,16
3.74194,70,15,1,4
5.67742,72,15,4,6,17
3.48387,78,15,16,2
7.48387,78,15,21,8,1,9,15
5.54839,76,15,2,13,18
3.48387,78,15,2,16
6,62,15,3,3,10,5
7.41936,80,15,6,6,21,2,3
5.74194,70,15,12,2,18
5.87097,66,15,6,19,3
5.74194,70,15,3,19,3,22
7.41935,80,15,21,14,9,22
5.80645,68,15,6,19,21
5.29032,84,15,20,12,16
5.6129,74,15,16,19,9
4.90323,96,15,19,6,5
3.09677,90,15,5,20
5.87097,66,15,7,2,17
5.80645,68,15,18,5,8
7.87097,66,15,22,14,19,13
5.67742,72,15,5,16,9,15
6,62,15,22,4,22,1
8,62,15,19,14,7,20
5.93548,64,15,11,12,20
7.93548,64,15,22,3,11,16
5.22581,86,15,14,22,15,2,22
5.6129,74,15,12,3,20,12
5.87097,66,15,2,8,14
3.93548,64,15,9,7
4.70968,102,15,19,15,10,4
4,62,15,13,22
3.67742,72,15,15,11,17
3.48387,78,15,20,16
4.96774,94,15,4,6,10
3.29032,84,15,9,4
4,62,15,6,1
7.03226,92,15,3,2,20,19
3.48387,78,15,2,9
8.51613,108,15,7,18,10,5,13
5.80645,68,15,14,20,22
5.16129,88,15,15,13,7,3
3.6129,74,15,10,21
5.67742,72,15,18,2,19
5.22581,86,15,8,17,9
5.67742,72,15,19,1,13
5.74194,70,15,3,5,3,11
5.54839,76,15,1,14,16
3.74194,70,15,13,19
7.29032,84,15,3,15,15,7,2,8
5.22581,86,15,10,9,2
5.74194,70,15,11,14,4
3.87097,66,15,9,12
3.35484,82,15,2,5
3.74194,70,15,5,22
5.74194,70,15,15,21,20,17
3.16129,88,15,20,11,15
3.74194,70,15,5,22
8,62,15,21,18,8,7
5.54839,76,15,7,1,4
3.35484,82,15,2,5
5.41935,80,15,16,1,2
4.77419,100,15,19,10,13
3.29032,84,15,20,5
3.87097,66,15,9,12
3.93548,64,15,4,17
5.41935,80,15,11,21,1
10.8387,98,15,15,21,12,3,11,19,13
3.80645,68,15,4,11
5.87097,66,15,15,7,9,18
7.16129,88,15,19,14,10,22
3.35484,82,15,10,6
7.74194,70,15,7,8,18,18,5
7.41935,80,15,1,16,10,19
7.80645,68,15,7,1,18,22
3.87097,66,15,6,16
7.03226,92,15,7,18,9,20
5.87097,66,15,12,18,6
4,62,15,5,19
3.48387,78,15,5,12
3.16129,88,15,13,9
7.22581,86,15,11,3,12,17
4.70968,102,15,3,13,1
6.3871,112,15,15,14,3,5,6
5.54839,76,15,2,4,18
3.87097,66,15,12,5
5.6129,74,15,18,8,9,18
5.6129,74,15,22,20,6
5.93548,64,15,18,1,2
4,62,15,13,14
6,62,15,2,12,19
4.45161,110,15,3,16,4
6,62,15,12,3,9
5.29032,84,15,4,21,9
5.29032,84,15,22,2,5
3.29032,84,15,20,10
4.96774,94,15,3,3,13,18
5.48387,78,15,9,16,11,15
5.09677,90,15,15,6,19,13
5.74194,70,15,11,15,7,10
6,62,15,3,19,16
5.74194,70,15,2,11,11,11,8
6.90323,96,15,16,8,14,5
5.48387,78,15,8,12,16
9.87097,66,15,21,19,18,22,6
7.6129,74,15,13,2,21,22
5.22581,86,15,1,7,13
5.54839,76,15,7,10,14
7.6129,74,15,19,21,22,1
5.03226,92,15,17,3,10
4.90323,96,15,8,9,20
5.54839,76,15,21,10,11
3.93548,64,15,4,17
3.48387,78,15,20,9
3.80645,68,15,4,11
4,62,15,16,7
5.74194,70,15,11,21,18
5.80645,68,15,4,4,12,13
3.74194,70,15,15,5,22
4.70968,102,15,15,11,9,9,4
7.03226,92,15,12,22,7,5
4.96774,94,15,19,16,13
5.74194,70,15,11,15,8,7
5.6129,74,15,3,1,2
3.87097,66,15,12,5
4.51613,108,15,3,20,5
3.16129,88,15,4,5
5.09677,90,15,13,12,16
7.6129,74,15,5,15,18,14,4
6.70968,102,15,22,14,5,21
4.83871,98,15,8,10,6
5.41935,80,15,14,17,13
3.48387,78,15,9,20
5.67742,72,15,4,22,6
5.6129,74,15,18,20,20,19
3.6129,74,15,5,7
3.87097,66,15,6,16
7.93548,64,15,7,21,18,2
3.03226,92,15,13,13,16
6.64516,104,15,14,15,19,9,13
3.29032,84,15,20,5
3.87097,66,15,2,17
5.54839,76,15,13,12,22
7.74194,70,15,14,14,22,17,9
5.93548,64,15,15,11,18,8
7.87097,66,15,19,6,4,13
5.29032,84,15,10,18,17
5.54839,76,15,18,6,3
3.29032,84,15,4,9
5.93548,64,15,18,13,20
4.51613,108,15,8,20,5
3.48387,78,15,20,9
5.09677,90,15,5,11,2
5.6129,74,15,1,8,17
9.74194,70,15,22,18,8,21,17
5.16129,88,15,7,20,15,9
5.48387,78,15,5,10,21
3.93548,64,15,21,11,15
4.83871,98,15,11,2,17
5.6129,74,15,1,16,22
5.29032,84,15,14,10,7
7.6129,74,15,6,7,21,1
6.45161,110,15,17,7,2,2,5
5.80645,68,15,22,11,22,9
5.16129,88,15,9,8,4
5.93548,64,15,22,2,1
5.35484,82,15,2,7,1
3.93548,64,15,4,17
7.16129,88,15,1,19,3,4
5.16129,88,15,20,3,5
5.87097,66,15,15,2,14,3
5.93548,64,15,16,5,17
7.93548,64,15,18,12,2,14
5.93548,64,15,14,20,3
3.93548,64,15,5,18
5.16129,88,15,1,14,15,1,7
5.54839,76,15,11,16,22
5.93548,64,15,18,18,4,7
5.87097,66,15,6,7,1
7.41935,80,15,11,1,16,3
3.09677,90,15,5,20
4.58065,106,15,16,1,1,16,13
4.64516,104,15,3,15,16,2
5.54839,76,15,4,18,12
6.90323,96,15,14,15,17,5,7
5.87097,66,15,15,3,14,6
5.35484,82,15,2,11,18
5.80645,68,15,14,3,17
5.16129,88,15,16,14,16,3
7.6129,74,15,22,12,3,10
7.41935,80,15,22,19,4,14
5.74194,70,15,20,8,11
5.48387,78,15,9,18,17
5.03226,92,15,2,2,11,20
5.80645,68,15,7,4,11
2.96774,94,15,5,4
5.6129,74,15,14,9,22
5.80645,68,15,1,5,9,1
3.48387,78,15,5,12
7.35484,82,15,14,22,19,13
5.87097,66,15,2,4,12
3.74194,70,15,11,6
7.48387,78,15,3,12,19,9
9.22581,86,15,12,21,14,8,4
3.74194,70,15,13,19
5.74194,70,15,7,13,8
5.41935,80,15,6,18,20
5.87097,66,15,19,9,14
7.22581,86,15,18,3,16,22
5.48387,78,15,8,7,9
6,62,15,7,14,15,13
9.03226,92,15,17,22,18,3,13
5.03226,92,15,2,18,4
7.35484,82,15,17,22,8,2
3.74194,70,15,5,22
4,62,15,2,6
5.87097,66,15,13,13,15,12,14
3.35484,82,15,4,16
4.77419,100,15,8,17,11
6,62,15,18,1,22
5.93548,64,15,19,10,17
3.87097,66,15,6,16
5.74194,70,15,2,4,22
5.67742,72,15,1,12,11
5.35484,82,15,2,12,9
5.54839,76,15,22,3,17
5.09677,90,15,7,7,10,1,7
7.41935,80,15,22,18,18,20,11
5.67742,72,15,4,6,17
3.80645,68,15,15,11,4
7.29032,84,15,17,9,10,22
5.80645,68,15,21,11,20
5.22581,86,15,17,4,8
3.87097,66,15,16,21
3.48387,78,15,20,20,16
8,62,15,21,21,18,10,16
5.93548,64,15,12,22,19
3.48387,78,15,9,2
5.6129,74,15,20,8,18
4,62,15,4,19
3.35484,82,15,2,5
7.22581,86,15,22,1,9,7
7.16129,88,15,15,17,15,13,4,8
7.87097,66,15,14,8,18,2
4.83871,98,15,13,4,5
5.6129,74,15,11,15,12,1
4,62,15,16,7
3.74194,70,15,10,7
4,62,15,13,22
5.80645,68,15,11,16,9,11
5.41935,80,15,22,1,17
2.96774,94,15,13,10
5.54839,76,15,11,18,9
5.54839,76,15,2,7,4
4,62,15,12,16
5.80645,68,15,17,7,9
4.96774,94,15,17,13,11
7.93548,64,15,21,12,3,22
5.48387,78,15,19,15,10,22
7.80645,68,15,12,3,3,8,21,12
4.90323,96,15,10,5,13
3.74194,70,15,13,19
6,62,15,17,7,11
7.93548,64,15,19,14,1,14,4
5.54839,76,15,13,7,17
5.35484,82,15,9,3,2
5.22581,86,15,12,4,1
7.41935,80,15,16,9,5,5,12
4,62,15,4,8
5.74194,70,15,18,16,21
5.67742,72,15,6,6,22,10
5.93548,64,15,19,10,17
7.74194,70,15,8,19,16,16,11
5.35484,82,15,2,19,16
3.87097,66,15,11,11,13
5.09677,90,15,12,6,19
5.80645,68,15,3,19,5
5.35484,82,15,9,3,2
7.74194,70,15,4,15,18,21,20
5.09677,90,15,16,3,13
5.03226,92,15,7,20,15,20,11
5.35484,82,15,8,2,11
6.96774,94,15,9,19,14,10
5.09677,90,15,5,11,2
5.16129,88,15,21,15,17,21,16
7.03226,92,15,19,1,12,16
6,62,15,19,13,2
5.74194,70,15,2,14,1
5.6129,74,15,6,15,21,2,15
3.48387,78,15,20,9
5.09677,90,15,3,7,15,10
6.51613,108,15,7,7,6,7,16,4
6,62,15,12,14,17
5.6129,74,15,15,14,10,8
5.54839,76,15,22,15,1,17
3.80645,68,15,5,5,10,15
5.80645,68,15,19,15,10,11
4.77419,100,15,10,15,4,11
5.54839,76,15,8,9,14
5.67742,72,15,16,11,10
6,62,15,22,21,22,22,22,8,15
5.16129,88,15,12,17,16
9.54839,76,15,21,14,17,22,6
3.29032,84,15,4,3,15
3.93548,64,15,5,18
5.93548,64,15,18,21,9
7.03226,92,15,1,1,3,3,14,5
5.67742,72,15,4,20,13
5.6129,74,15,8,1,13
3.67742,72,15,11,17
5.93548,64,15,17,6,13
4,62,15,5,19
9.67742,72,15,21,18,14,2,12
4,62,15,5,17
5.41935,80,15,20,11,16
8,62,15,19,14,3,7
3.74194,70,15,1,4
5.29032,84,15,1,5,22
3.48387,78,15,20,16
7.54839,76,15,17,21,7,4
4,62,15,13,22
4,62,15,20,19
5.09677,90,15,3,1,10,15
4,62,15,7,11,15
5.03226,92,15,3,15,6,16
4.83871,98,15,11,2,17
3.29032,84,15,20,10
4.96774,94,15,10,16,4
3.35484,82,15,10,6
5.67742,72,15,11,22,17
7.67742,72,15,17,15,8,11,21
7.48387,78,15,6,6,13,12,11
7.35484,82,15,21,7,9,19
3.35484,82,15,4,16
4,62,15,16,7
7.41935,80,15,14,6,4,22
7.35484,82,15,14,8,9,7
3.80645,68,15,20,6
6.96774,94,15,1,18,19,4
7.03226,92,15,7,6,3,13
5.67742,72,15,13,6,21
7.29032,84,15,17,6,6,7,12
6,62,15,15,1,12,3
4.70968,102,15,15,10,17,11
7.6129,74,15,18,21,21,21,13,13,14
4.96774,94,15,4,20,17
5.16129,88,15,13,6,12
4.90323,96,15,1,12,5
7.74194,70,15,12,12,14,7,8
3.87097,66,15,6,16
4.77419,100,15,10,17,20
3.93548,64,15,22,1,15
7.35484,82,15,3,1,8,3,20
4.96774,94,15,3,15,11,4
4.77419,100,15,2,4,9
5.6129,74,15,11,1,6
6.58065,106,15,17,9,10,2
5.6129,74,15,1,21,3
3.80645,68,15,3,17
5.35484,82,15,19,15,13,11
5.67742,72,15,19,1,13
5.03226,92,15,11,2,18
3.16129,88,15,10,2
3.93548,64,15,1,20
6,62,15,22,9,8
3.41935,80,15,8,10,10,15
6,62,15,7,20,22
7.80645,68,15,9,9,1,14,21
3.41935,80,15,5,21
7.87097,66,15,12,11,8,18
5.35484,82,15,19,18,6,19
7.87097,66,15,21,18,21,2,14
9.87097,66,15,19,14,21,12,1
4.3871,112,15,11,5,4
6,62,15,22,6,20
5.93548,64,15,18,12,16
3.93548,64,15,20,1
3.74194,70,15,1,4
5.35484,82,15,2,7,11
5.41935,80,15,3,4,7
4.90323,96,15,11,21,10
5.80645,68,15,3,10,16
5.16129,88,15,3,5,17
5.87097,66,15,8,7,12
4.90323,96,15,1,7,10
4.96774,94,15,12,20,5
5.80645,68,15,22,5,17
5.87097,66,15,6,12,3
3.87097,66,15,2,17
7.6129,74,15,21,7,7,15,14,5
5.87097,66,15,10,9,17
3.74194,70,15,13,19
5.35484,82,15,8,2,18
7.93548,64,15,7,22,16,17
5.93548,64,15,18,9,17
3.74194,70,15,6,10
6.90323,96,15,18,12,20,5
7.16129,88,15,8,8,1,18,13
5.48387,78,15,1,9,1,20
3.80645,68,15,9,21
7.29032,84,15,11,14,22,8
5.48387,78,15,17,20,13
3.80645,68,15,18,10,15
5.22581,86,15,1,22,4
8.90323,96,15,19,12,14,19,14,21,14,19,12,9
3.93548,64,15,20,20,1
7.35484,82,15,14,17,22,20
3.74194,70,15,5,22
7.74194,70,15,18,17,21,22
7.03226,92,15,21,13,6,11
5.03226,92,15,11,20,8
5.22581,86,15,1,7,20
4.83871,98,15,18,4,10
7.87097,66,15,22,17,12,14
3.16129,88,15,15,16,13
5.6129,74,15,10,19,22
3.87097,66,15,16,21
5.16129,88,15,11,16,12
6,62,15,8,11,22
6,62,15,19,13,2
5.67742,72,15,9,3,14
7.09677,90,15,22,22,14,16,12
5.67742,72,15,9,22,17
7.35484,82,15,19,7,21,4,7
5.29032,84,15,20,7,13
5.80645,68,15,13,13,21,4
4.45161,110,15,8,5,4
5.03226,92,15,11,22,22,1
5.74194,70,15,4,2,22
5.80645,68,15,2,8,1
3.67742,72,15,1,17
8.96774,94,15,21,14,2,4,17
3.93548,64,15,20,1
7.41935,80,15,19,11,19,1,20
3.87097,66,15,3,6
7.41935,80,15,19,18,9,22
5.93548,64,15,13,4,22
3.41935,80,15,20,4,15
8,62,15,22,7,11,10
4,62,15,15,2,6
5.74194,70,15,7,10,10,7,3
5.16129,88,15,16,22,1
7.03226,92,15,15,11,14,3,10
4,62,15,5,19
3.87097,66,15,3,3,6
5.74194,70,15,16,1,11,16
5.80645,68,15,7,1,2
4.32258,114,15,17,20,10
5.16129,88,15,16,22,11
3.87097,66,15,10,22
7.16129,88,15,19,22,3,4
5.93548,64,15,17,3,8
5.48387,78,15,22,16,6
5.35484,82,15,18,20,17
6.12903,120,15,17,22,13,10
7.54839,76,15,8,12,13,20
5.87097,66,15,14,1,20
6.58064,106,15,19,8,8,2,10
8.32258,114,15,7,14,10,5,4
7.22581,86,15,7,12,20,17
5.80645,68,15,10,1,14
3.29032,84,15,20,10
5.03226,92,15,20,11,2
7.48387,78,15,18,22,11,21
9.67742,72,15,8,19,7,21,22
5.29032,84,15,9,9,18,5
7.74194,70,15,9,16,22,17
5.41935,80,15,21,10,8
6.70968,102,15,5,9,10,4
9.41935,80,15,21,21,18,8,11,1,21
7.93548,64,15,17,18,19,18,8
3.74194,70,15,1,1,4
5.54839,76,15,11,2,4
5.6129,74,15,20,4,12
7.74194,70,15,1,14,8,21
5.09677,90,15,4,18,18,5
5.09677,90,15,2,11,7
7.35484,82,15,5,10,16,21
6.19355,118,15,15,3,12,4,5
5.80645,68,15,3,15,17,10
6,62,15,4,14,21
7.6129,74,15,17,18,18,17,18,12,13
5.74194,70,15,11,12,4
6,62,15,1,15,22,3
7.80645,68,15,16,9,18,7
4.64516,104,15,12,17,1
5.03226,92,15,4,3,5
7.41935,80,15,15,18,13,4,3
5.16129,88,15,2,18,10
5.35484,82,15,21,2,15,4
8,62,15,22,15,15,5,9,11
5.93548,64,15,18,9,14
5.93548,64,15,15,15,12,15,14,16
8.90323,96,15,8,14,11,3,17
3.48387,78,15,20,9
3.74194,70,15,15,5,22
7.54839,76,15,20,14,18,21
7.41935,80,15,17,22,21,16
4.90323,96,15,13,7,13,18
7.41935,80,15,22,4,14,2
3.41935,80,15,5,21
9.09677,90,15,7,1,5,9,14
3.74194,70,15,13,11
3.29032,84,15,9,13
5.67742,72,15,11,2,13
4.64516,104,15,8,16,13
5.48387,78,15,6,17,9
3.16129,88,15,13,9
5.80645,68,15,2,19,14
6.77419,100,15,5,1,11,6
8.90323,96,15,7,22,15,20,13,18
2.96774,94,15,10,13
5.93548,64,15,5,9,19
5.87097,66,15,10,9,9,17
5.48387,78,15,5,11,16
7.35484,82,15,22,12,22,4,14
5.93548,64,15,22,10,19
7.29032,84,15,19,12,13,18
5.48387,78,15,10,16,21
7.54839,76,15,18,5,1,14
3.6129,74,15,15,9,17,15
6.96774,94,15,3,18,22,5
5.87097,66,15,19,9,3
5.54839,76,15,4,6,19
6.96774,94,15,22,7,5,21
5.09677,90,15,2,21,8,2
3.74194,70,15,13,19
7.93548,64,15,21,18,22,12
3.74194,70,15,5,14
3.48387,78,15,14,10,15
3.48387,78,15,2,9
5.54839,76,15,16,18,17
4.70968,102,15,3,20,16
8.70968,102,15,7,15,18,9,18,1,4
5.67742,72,15,12,2,1
3.48387,78,15,2,16
5.67742,72,15,3,12,6
7.6129,74,15,17,15,3,14,1
5.54839,76,15,4,2,11
5.29032,84,15,11,12,6
4.90323,96,15,6,13,9
3.80645,68,15,20,6
3.29032,84,15,20,5
7.09677,90,15,8,7,18,13
5.93548,64,15,16,11,19
7.80645,68,15,4,2,20,12
7.93548,64,15,18,21,13,20
3.87097,66,15,16,21
5.22581,86,15,10,17,16
3.87097,66,15,10,3
3.48387,78,15,9,20
5.03226,92,15,20,18,2
5.74194,70,15,15,12,7,2
8.83871,98,15,22,22,19,1,12,9
5.29032,84,15,2,12,16
10,62,15,19,14,18,8,7
7.22581,86,15,7,14,6,1
4.90323,96,15,11,15,20,6
9.67742,72,15,10,16,5,9,11
5.41935,80,15,1,15,21,7,1
5.87097,66,15,10,11,8
7.74194,70,15,21,7,7,7,2,3
5.48387,78,15,8,9,22
3.93548,64,15,5,8
6.83871,98,15,18,10,1,13
3.48387,78,15,15,16,2
5.48387,78,15,7,1,17
7.03226,92,15,18,9,1,13
7.54839,76,15,21,3,18,9
3.48387,78,15,5,5,12
3.93548,64,15,5,18
4.96774,94,15,13,4,9
5.22581,86,15,17,11,21
5.54839,76,15,20,4,7
7.22581,86,15,7,14,6,11
6,62,15,17,8,8,1
5.22581,86,15,16,22,20
3.93548,64,15,5,8
5.48387,78,15,2,19,7
7.54839,76,15,19,19,1,3,10
5.93548,64,15,7,17,17,1
5.16129,88,15,21,16,12
3.74194,70,15,13,8
3.03226,92,15,13,16
3.87097,66,15,16,21
5.80645,68,15,11,8,5
11.4194,80,15,22,19,1,14,18,3
3.54839,76,15,13,13,1
6,62,15,22,2,2,18
3.22581,86,15,5,6
4.83871,98,15,21,16,20
3.80645,68,15,11,4
4,62,15,12,16
7.80645,68,15,17,22,12,21
7.54839,76,15,21,1,14,1,18
3.80645,68,15,5,3
3.29032,84,15,9,4
6.96774,94,15,8,18,11,13
5.29032,84,15,17,20,17,10
2.96774,94,15,5,4
5.09677,90,15,17,8,13
6,62,15,11,1,7
3.6129,74,15,17,9,15
5.6129,74,15,8,6,13
4.3871,112,15,4,15,20,5
6,62,15,20,2,22
3.87097,66,15,12,5
5.03226,92,15,4,20,6
5.48387,78,15,3,18,20
5.80645,68,15,14,17,16
4,62,15,12,16
4.58065,106,15,3,5,21
5.22581,86,15,7,1,16,7
6,62,15,6,8,19
5.29032,84,15,8,20,18
7.09677,90,15,8,22,14,9
3.67742,72,15,15,4,2,15
5.87097,66,15,6,19,3
3.48387,78,15,2,16
7.93548,64,15,17,15,22,18,2
7.48387,78,15,15,18,16,10,7
5.67742,72,15,12,12,8,20
7.6129,74,15,22,6,14,4
3.74194,70,15,6,10
5.93548,64,15,6,22,4
5.6129,74,15,22,22,20,6
4.45161,110,15,12,9,20
3.6129,74,15,22,5,15
5.74194,70,15,8,11,15,19
3.16129,88,15,17,13,15
5.41935,80,15,13,20,13,7
5.48387,78,15,4,13,1
5.74194,70,15,12,18,2
4.51613,108,15,6,2,5
5.41935,80,15,22,5,7
5.16129,88,15,11,7,1
3.41935,80,15,17,17,4,15
5.93548,64,15,17,6,21
5.48387,78,15,21,21,1,6
5.22581,86,15,15,4,20,19
5.29032,84,15,6,17,8
3.93548,64,15,13,3
4,62,15,5,17
5.87097,66,15,7,11,8,7
5.29032,84,15,17,11,10
4.96774,94,15,13,2,2,16
4.3871,112,15,3,5,6
3.67742,72,15,1,17
7.22581,86,15,22,14,12,15,13
3.74194,70,15,1,6
5.67742,72,15,16,5,22
3.09677,90,15,10,4
5.48387,78,15,22,16,6
5.93548,64,15,6,21,17
5.54839,76,15,18,6,20
5.93548,64,15,11,8,9
5.80645,68,15,13,20,12
5.74194,70,15,4,13,18
5.93548,64,15,6,21,17
5.35484,82,15,16,17,10
5.93548,64,15,12,1,1,14
5.22581,86,15,12,17,10
5.87097,66,15,8,2,4
2.90323,96,15,5,13
3.87097,66,15,6,16
7.09677,90,15,7,22,9,2
2.96774,94,15,5,4
4,62,15,5,15,9
3.29032,84,15,4,9
5.93548,64,15,16,5,19
3.74194,70,15,5,22
5.41935,80,15,15,11,10,10,8
5.80645,68,15,5,1,1,1,1,3
5.29032,84,15,7,4,9
4.3871,112,15,3,9,13
5.87097,66,15,14,2,8
5.67742,72,15,17,18,20
5.09677,90,15,9,10,4
5.93548,64,15,2,20,21,15
5.35484,82,15,18,16,20
7.93548,64,15,19,12,21,3
5.6129,74,15,5,11,14
5.41935,80,15,16,9,2
5.41935,80,15,22,1,17
5.03226,92,15,2,19,19,6
7.29032,84,15,3,11,9,14
3.74194,70,15,1,4
5.74194,70,15,1,3,7
5.74194,70,15,11,15,1,3
5.93548,64,15,8,18,5
5.16129,88,15,20,3,5
4.83871,98,15,10,8,13
4,62,15,6,6,11
5.16129,88,15,3,2,17
5.48387,78,15,6,2,3
6.70968,102,15,10,16,16,1,13
5.35484,82,15,1,7,4
7.03226,92,15,6,21,12,17
3.87097,66,15,15,3,6
3.35484,82,15,2,5
6.77419,100,15,14,9,5,6
5.74194,70,15,2,13,14
6.70968,102,15,21,13,6,5
5.74194,70,15,2,11,8
5.48387,78,15,14,6,20
5.74194,70,15,4,12,11
3.35484,82,15,2,5
5.93548,64,15,11,12,18
3.67742,72,15,16,8,15
5.93548,64,15,1,12,14
6.96774,94,15,15,7,20,20,2,5
5.74194,70,15,4,22,19
7.35484,82,15,12,12,21,8,5
5.41935,80,15,9,16,20
3.48387,78,15,16,2
5.74194,70,15,4,6,14
7.22581,86,15,21,15,12,12,22,16
6.90323,96,15,15,14,14,12,20,10
9.6129,74,15,12,12,14,22,14,21,8
4.96774,94,15,22,10,20
7.22581,86,15,22,13,20,11
3.67742,72,15,11,17
7.6129,74,15,22,14,6,18
3.48387,78,15,2,9
3.29032,84,15,15,9,4
6,62,15,1,14,11
5.6129,74,15,6,14,17
7.74194,70,15,9,16,22,17
4,62,15,2,1
6.83871,98,15,6,14,7,10
4,62,15,1,2
7.48387,78,15,19,14,16,22
5.48387,78,15,15,8,4,20
7.35484,82,15,9,15,19,22,2
7.67742,72,15,22,6,2,21
3.35484,82,15,17,2,15
3.74194,70,15,10,7
3.87097,66,15,2,17
3.87097,66,15,9,12
7.29032,84,15,21,19,4,7
7.16129,88,15,7,8,12,5
7.29032,84,15,8,7,18,5
3.74194,70,15,6,10
5.93548,64,15,18,20,4
3.16129,88,15,10,20
3.93548,64,15,13,3
5.93548,64,15,17,18,16
5.93548,64,15,22,10,17
7.16129,88,15,8,19,6,17
5.29032,84,15,13,20,18
5.80645,68,15,20,13,6
7.09677,90,15,21,17,18,18,20
7.74194,70,15,1,14,19,21
3.93548,64,15,19,15,15,9,19
5.74194,70,15,4,2,22
4,62,15,5,17
5.03226,92,15,1,22,22,9
5.93548,64,15,14,17,18
7.29032,84,15,18,20,18,22,1
5.41935,80,15,2,22,4
5.80645,68,15,21,15,8,13
4.32258,114,15,11,5,13
3.80645,68,15,11,4
3.74194,70,15,1,4
5.87097,66,15,16,19,21
5.6129,74,15,9,22,22,22,9,1
7.35484,82,15,21,20,18,11
5.48387,78,15,19,20,11
6.90323,96,15,17,10,16,6
5.67742,72,15,22,15,15,3,22,17
3.93548,64,15,4,17
4,62,15,2,2,6
5.35484,82,15,1,14,5
5.09677,90,15,9,16,13
5.54839,76,15,11,19,6
5.67742,72,15,15,16,5,22
7.93548,64,15,3,8,19,9
3.16129,88,15,11,20,15
4.70968,102,15,6,13,5
6.90323,96,15,15,17,22,13,13,11
3.35484,82,15,10,6
7.29032,84,15,14,4,2,8
3.87097,66,15,10,22
3.74194,70,15,13,8
9.29032,84,15,22,14,14,9,5,19
3.03226,92,15,13,16
4.19355,118,15,8,13,16
5.6129,74,15,13,7,14
5.48387,78,15,21,11,6
5.41935,80,15,2,11,16
5.54839,76,15,17,17,4,7
3.93548,64,15,12,10
5.87097,66,15,10,1,19
5.16129,88,15,15,12,17,19
7.22581,86,15,7,6,20,3
3.35484,82,15,10,6
5.35484,82,15,18,18,13,11
3.87097,66,15,6,16
7.09677,90,15,19,14,15,3,13
3.67742,72,15,6,5
3.67742,72,15,11,17
7.16129,88,15,3,8,22,9
2.96774,94,15,13,10
7.54839,76,15,14,21,1,7
5.41935,80,15,8,11,15,12
6.96774,94,15,12,18,21,9
5.87097,66,15,9,19,3
7.80645,68,15,7,8,18,10
5.74194,70,15,21,20,17
4.51613,108,15,17,2,5
7.41935,80,15,7,22,16,8,15
5.41935,80,15,7,5,22
7.03226,92,15,11,8,12,6
3.16129,88,15,6,20,15
7.54839,76,15,3,1,8,9
3.87097,66,15,11,13
5.6129,74,15,1,21,3
7.35484,82,15,19,7,20,4
3.93548,64,15,1,20
5.54839,76,15,1,22,19
3.48387,78,15,16,20
5.74194,70,15,14,14,15,5,11
6,62,15,7,1,7,3
3.09677,90,15,5,20
5.87097,66,15,9,10,22
5.09677,90,15,19,3,19,3,13,15
5.80645,68,15,9,1,21
5.74194,70,15,15,9,11,5
7.67742,72,15,4,15,21,8,12
5.35484,82,15,4,18,11
3.87097,66,15,10,3
3.29032,84,15,20,10
5.09677,90,15,1,9,6
7.29032,84,15,10,5,11,21
5.87097,66,15,11,21,7
5.87097,66,15,19,9,3
5.48387,78,15,21,11,6
7.54839,76,15,12,14,3,7
5.67742,72,15,1,15,18,1,3
9.74194,70,15,21,8,19,11,8,1
3.87097,66,15,10,14
3.16129,88,15,12,9,15
3.74194,70,15,5,14
3.87097,66,15,10,22
5.03226,92,15,17,3,5
5.29032,84,15,6,8,5
7.16129,88,15,7,3,18,13
5.93548,64,15,14,17,18
3.87097,66,15,10,14
5.6129,74,15,7,5,7,5,8
7.87097,66,15,22,7,13,14
7.54839,76,15,19,19,14,15,17,6
5.41935,80,15,2,4,17
5.48387,78,15,17,1,14
4.77419,100,15,8,6,16
3.87097,66,15,10,14
5.48387,78,15,6,22,6,3
4.77419,100,15,3,2,9
5.48387,78,15,11,10,19
10,62,15,18,8,19,22,19,21
5.48387,78,15,21,20,9
6.51613,108,15,12,13,2,10
7.41935,80,15,6,15,17,21,3
5.41935,80,15,2,14,17
2.96774,94,15,5,4
5.67742,72,15,8,15,17,4
4.51613,108,15,15,4,20,10
5.54839,76,15,10,19,7
4.3871,112,15,3,9,13
3.6129,74,15,5,7
6,62,15,2,12,13
7.67742,72,15,7,15,5,1,9
5.35484,82,15,3,22,2
5.6129,74,15,12,6,4
5.48387,78,15,17,1,16
5.22581,86,15,22,9,2
5.16129,88,15,2,7,9
3.74194,70,15,20,17
5.03226,92,15,9,3,5
9.16129,88,15,18,19,11,16,7
5.22581,86,15,11,5,5,3
5.09677,90,15,1,22,22,13
5.54839,76,15,7,11,6
3.87097,66,15,10,14
5.41935,80,15,4,7,3
7.67742,72,15,8,3,22,14
3.35484,82,15,4,16
5.87097,66,15,11,19,16
3.87097,66,15,22,13,15
4.51613,108,15,8,4,16
5.48387,78,15,10,8,12
5.93548,64,15,22,3,4
3.80645,68,15,18,4,15
3.09677,90,15,5,20
3.67742,72,15,1,13
7.09677,90,15,17,7,13,7,11
9.48387,78,15,7,3,12,14,2
7.09677,90,15,18,16,10,6
5.03226,92,15,9,8,13
3.74194,70,15,13,8
3.67742,72,15,17,16,15
5.74194,70,15,8,13,2
3.80645,68,15,15,20,6
7.03226,92,15,22,2,21,5
5.29032,84,15,16,17,14
6,62,15,21,17,19
5.54839,76,15,18,4,17
5.16129,88,15,9,8,4
4,62,15,13,22
3.29032,84,15,15,20,10
5.87097,66,15,14,6,18
3.80645,68,15,5,3
7.80645,68,15,14,11,19,11,5
7.35484,82,15,7,18,5,22
5.41935,80,15,21,6,10
5.74194,70,15,2,18,19
5.35484,82,15,7,4,16
7.93548,64,15,21,3,9,10
5.03226,92,15,15,3,21,5
5.67742,72,15,22,4,22,4,1
5.22581,86,15,22,16,4
5.87097,66,15,14,11,13
6,62,15,12,3,4
7.54839,76,15,19,10,16,3
5.80645,68,15,6,19,6,4
5.74194,70,15,8,22,4
6.51613,108,15,21,19,5,2
5.54839,76,15,15,20,11,14
