2.96774,94,13,9,12
5.74194,70,13,20,4,22
3.74194,70,13,11,2
3.16129,88,13,18,8,13
3.35484,82,13,13,16,19
3.93548,64,13,22,10
5.22581,86,13,20,12,13,15
2,62,13,5
2,62,13,5
2,62,13,10
4.45161,110,13,7,4,10
3.35484,82,13,8,13,13,1
2,62,13,10
3.80645,68,13,8,2
2,62,13,5
5.67742,72,13,20,7,12
3.93548,64,13,7,9
5.41935,80,13,13,6,14,10
5.16129,88,13,7,17,1
6.83871,98,13,2,13,3,11,17
5.41935,80,13,7,7,11,18
7.41935,80,13,4,7,19,6
5.6129,74,13,18,12,4
2.3871,112,13,9,4
3.74194,70,13,8,20
5.35484,82,13,21,1,20
3.35484,82,13,9,18
5.93548,64,13,22,19,7
2,62,13,10
5.29032,84,13,12,1,6
3.80645,68,13,8,2
4.45161,110,13,14,4,16
5.74194,70,13,4,12,10
5.74194,70,13,3,21,20
5.67742,72,13,11,19,19,7
5.09677,90,13,4,16,14
2.77419,100,13,16,12
4,62,13,22,1
5.35484,82,13,3,3,21,3,9
5.87097,66,13,22,22,22,16,5
3.6129,74,13,19,21,21,13
6,62,13,22,19,1
4.77419,100,13,7,1,4
3.54839,76,13,9,13,21
6,62,13,15,16,9
5.41935,80,13,4,16,11
7.22581,86,13,7,19,15,1
3.93548,64,13,1,1,5
6.90323,96,13,21,12,22,5
3.35484,82,13,16,19
2,62,13,5
7.74194,70,13,2,15,15,22,4
5.41935,80,13,20,3,5
3.22581,86,13,1,6
3.87097,66,13,4,5
7.54839,76,13,6,18,22,14
4,62,13,16,9
3.48387,78,13,17,2
6,62,13,4,15,1
5.87097,66,13,8,15,18
7.09677,90,13,12,8,14,19,13
7.29032,84,13,15,18,22,15,1
5.67742,72,13,7,17,16
2,62,13,5
2.90323,96,13,9,21
5.03226,92,13,13,22,4,17
4,62,13,21,10
4.96774,94,13,2,17,1
4,62,13,7,16
6,62,13,15,18,11
3.87097,66,13,6,16
4,62,13,2,16
4.90323,96,13,22,13,2,5
6,62,13,14,9,16
5.22581,86,13,15,8,4
3.93548,64,13,18,6
7.87097,66,13,4,8,3,21
7.80645,68,13,21,14,18,21,20
2,62,13,5
2,62,13,5
4,62,13,22,9
3.35484,82,13,17,3
2,62,13,5
2,62,13,5
7.54839,76,13,22,15,14,16
3.54839,76,13,17,4
3.87097,66,13,21,5
4.83871,98,13,1,3,6
9.41936,80,13,21,15,22,14,16
3.80645,68,13,17,17,19
2,62,13,10
3.93548,64,13,14,10
7.48387,78,13,21,14,14,8,21,11
2,62,13,5
7.6129,74,13,2,21,6,21,11
3.87097,66,13,14,5
5.48387,78,13,22,12,4
4,62,13,11,5
4.25806,116,13,15,20,5
4.70968,102,13,7,7,1,17
5.80645,68,13,6,8,18
2,62,13,5
2,62,13,10
10,62,13,13,4,3,8,14,12
6,62,13,6,22,8
7.74194,70,13,14,7,15,12
2.45161,110,13,16,20
2,62,13,10
5.22581,86,13,19,11,22
5.74194,70,13,21,12,12,6
7.80645,68,13,7,14,11,3
3.80645,68,13,2,10
3.16129,88,13,16,17
7.93548,64,13,7,22,7,15,16
2,62,13,10
2.96774,94,13,3,13,10
3.35484,82,13,9,9,8
2.19355,118,13,9,13,5
5.22581,86,13,13,18,1,15
5.03226,92,13,2,6,16
7.93548,64,13,2,3,14,7
2,62,13,10
4.90323,96,13,11,16,21
3.41935,80,13,9,19
3.93548,64,13,8,9
3.54839,76,13,17,8
4.96774,94,13,15,6,11
7.22581,86,13,6,15,8,9
5.29032,84,13,13,11,12,22
7.48387,78,13,14,22,21,22,6
3.6129,74,13,3,17
5.22581,86,13,1,3,7
3.80645,68,13,17,6
3.80645,68,13,16,10
5.35484,82,13,3,2,22
5.35484,82,13,14,14,2,15
5.74194,70,13,11,19,22
5.54839,76,13,14,22,20
5.74194,70,13,15,14,20
5.29032,84,13,7,11,21
5.35484,82,13,22,6,2
7.29032,84,13,7,15,4,20
3.6129,74,13,9,11
3.54839,76,13,20,5
5.67742,72,13,6,13,13,17,13,2
4,62,13,22,9
3.80645,68,13,2,10
7.16129,88,13,2,21,17,17,8
5.54839,76,13,13,22,16,1
4,62,13,11,10
5.16129,88,13,12,9,22
3.93548,64,13,13,17,21
3.74194,70,13,12,7,13
5.87097,66,13,20,8,18
3.67742,72,13,19,4
7.54839,76,13,2,15,6,4
5.35484,82,13,7,20,3
3.87097,66,13,19,5
3.6129,74,13,1,7
4,62,13,1,16
3.48387,78,13,12,13,16
4.96774,94,13,8,21,9
3.87097,66,13,19,17
5.35484,82,13,14,2,15
2.90323,96,13,9,21
2,62,13,5
5.16129,88,13,15,20,15,15,4
7.16129,88,13,7,15,21,5
3.80645,68,13,18,2
5.74194,70,13,21,19,19,4
3.74194,70,13,1,21
3.74194,70,13,8,20
7.09677,90,13,8,14,15,10
3.29032,84,13,9,15
3.87097,66,13,1,18
3.87097,66,13,19,17
3.80645,68,13,7,5
5.6129,74,13,2,14,7,2
3.16129,88,13,16,17
5.74194,70,13,8,12,21
2.45161,110,13,13,16,2
7.74194,70,13,4,15,8,21
5.74194,70,13,21,3,4
2.70968,102,13,17,13,10
3.35484,82,13,11,17
4.19355,118,13,12,10,4
5.54839,76,13,6,20,12
2.45161,110,13,16,20
5.67742,72,13,3,11,11,7
5.16129,88,13,21,17,11
3.67742,72,13,8,4
4.58065,106,13,11,9,2
4.83871,98,13,22,4,1
3.74194,70,13,15,13,19
2,62,13,5
3.80645,68,13,8,5
6,62,13,4,18,17
3.35484,82,13,11,17
5.16129,88,13,7,13,3,13,7,20
4,62,13,2,16
5.87097,66,13,2,22,7,2
4.90323,96,13,12,6,1
7.6129,74,13,4,7,1,3
4,62,13,3,4
5.22581,86,13,7,6,1
5.6129,74,13,18,22,18,9
5.48387,78,13,9,10,9,11
2,62,13,10
2,62,13,5
8,62,13,4,6,21,3
5.80645,68,13,12,15,1
3.48387,78,13,17,2
3.80645,68,13,17,19
7.87097,66,13,2,22,21,12
3.67742,72,13,18,14,13
5.54839,76,13,4,4,8,17
3.67742,72,13,8,4
2,62,13,5
9.54839,76,13,2,20,4,21,8
4.51613,108,13,21,2,13,2,13,16
5.6129,74,13,4,19,20
2,62,13,5
6,62,13,15,16,9
5.03226,92,13,15,4,18
7.09677,90,13,11,3,8,17
4.77419,100,13,7,11,6
3.16129,88,13,16,22
2,62,13,5
3.29032,84,13,7,13,9
5.03226,92,13,3,13,20,6
3.74194,70,13,17,9
4.83871,98,13,18,3,17
5.09677,90,13,18,17,17,9
3.54839,76,13,1,22
3.93548,64,13,18,10
2,62,13,5
3.54839,76,13,1,22
3.80645,68,13,17,6
3.03226,92,13,9,7
3.16129,88,13,9,22
7.87097,66,13,13,6,18,14,12
2,62,13,5
4.77419,100,13,3,7,5
3.22581,86,13,9,13,22
3.74194,70,13,6,10
3.29032,84,13,16,8
2,62,13,10
4,62,13,3,16
2.90323,96,13,17,13,9
2.83871,98,13,16,21
7.48387,78,13,12,8,16,1
4.77419,100,13,11,13,21,10
3.93548,64,13,22,10
5.54839,76,13,13,7,1,16
5.67742,72,13,18,15,16
7.22581,86,13,19,14,15,9
3.29032,84,13,16,8
9.93548,64,13,4,4,15,7,21,12
5.22581,86,13,15,11,21
5.35484,82,13,3,11,11,4
5.74194,70,13,3,14,2
3.80645,68,13,1,12
3.80645,68,13,18,20
3.74194,70,13,6,10
3.80645,68,13,18,20
3.41935,80,13,11,11,6
4,62,13,18,9
2,62,13,5
5.80645,68,13,21,13,6,18
2,62,13,10
5.74194,70,13,4,18,20
3.87097,66,13,2,5
5.29032,84,13,8,18,4
4.83871,98,13,15,3,6
5.80645,68,13,20,20,8,21
6.64516,104,13,4,19,11,1,13
5.54839,76,13,6,13,17,15
3.93548,64,13,8,9
5.6129,74,13,19,11,16
4.96774,94,13,18,16,7
7.67742,72,13,21,22,7,16
7.29032,84,13,12,7,17,10
3.22581,86,13,9,3
5.35484,82,13,3,11,4
4.64516,104,13,12,9,6
4,62,13,4,9
5.22581,86,13,18,7,10
2.32258,114,13,16,4
5.80645,68,13,12,15,16
5.54839,76,13,20,1,5
3.87097,66,13,2,14,14,13
7.35484,82,13,21,3,11,20
3.16129,88,13,9,22
5.6129,74,13,15,17,10
5.87097,66,13,4,1,16
3.54839,76,13,20,10
5.67742,72,13,4,19,2
5.93548,64,13,22,18,1
5.22581,86,13,6,17,2
2,62,13,5
5.6129,74,13,8,3,22
5.35484,82,13,20,1,20,14
7.29032,84,13,19,15,7,11
5.80645,68,13,19,16,5
5.48387,78,13,13,3,21,11
5.87097,66,13,3,12,1
5.48387,78,13,22,8,16
5.35484,82,13,19,3,22
4,62,13,22,11
5.35484,82,13,19,12,22
5.93548,64,13,14,19,10
2,62,13,10
5.87097,66,13,7,18,9
3.74194,70,13,11,22
7.29032,84,13,6,19,8,16
5.41935,80,13,18,22,22,11
3.41935,80,13,11,11,3,13
3.74194,70,13,17,9
3.22581,86,13,9,3
3.67742,72,13,6,15,13
2,62,13,5
8,62,13,21,12,8,1
7.54839,76,13,7,22,12,8
7.48387,78,13,2,21,11,10
5.54839,76,13,20,4,18
9.09677,90,13,21,15,7,6,3
3.80645,68,13,14,13,19
4,62,13,11,5
6,62,13,20,2,21,20
3.80645,68,13,18,20
3.67742,72,13,8,4
5.29032,84,13,12,17,19
3.22581,86,13,9,17
5.67742,72,13,14,6,7
5.41935,80,13,12,13,3,4
5.48387,78,13,15,17,9
5.80645,68,13,7,12,18
2,62,13,5
9.35484,82,13,4,14,15,18,5
8,62,13,3,12,14,21
6,62,13,13,7,11,1
8,62,13,2,2,7,19,14
3.93548,64,13,14,10
3.41935,80,13,11,6
3.93548,64,13,18,6
5.54839,76,13,12,22,9
4.51613,108,13,4,1,4,5
2.96774,94,13,9,12
7.87097,66,13,12,3,16,5
2,62,13,10
5.41935,80,13,2,2,6,8
3.87097,66,13,4,13,16
6,62,13,2,3,20
2.64516,104,13,9,6
3.87097,66,13,14,5
5.67742,72,13,7,13,13,2,19
5.67742,72,13,13,8,1,12
5.80645,68,13,7,12,20
2,62,13,5
3.67742,72,13,19,4
6.83871,98,13,12,13,12,14,6,1
5.29032,84,13,13,17,22,11
6,62,13,22,14,11
2,62,13,10
4.83871,98,13,13,15,15,2,17
5.48387,78,13,11,13,2,15
5.16129,88,13,7,4,17
4,62,13,7,16
2.45161,110,13,16,20
5.16129,88,13,21,21,9,15
2,62,13,5
5.03226,92,13,7,1,2
3.87097,66,13,7,10
4.96774,94,13,11,9,12
2,62,13,5
5.80645,68,13,2,12,2,13,17
2.90323,96,13,9,21
5.29032,84,13,20,21,5
5.93548,64,13,2,7,7,3
3.80645,68,13,13,16,5
3.93548,64,13,7,9
5.93548,64,13,21,1,14
5.22581,86,13,9,16,15
5.48387,78,13,1,3,21
7.03226,92,13,6,6,18,19,20
7.93548,64,13,20,14,7,22
2.58065,106,13,1,13,5
5.35484,82,13,19,14,5
2.58065,106,13,16,6
5.41936,80,13,6,3,18
3.93548,64,13,18,13,7
3.41935,80,13,12,13,5
4,62,13,11,5
3.80645,68,13,17,16
4,62,13,6,11
4.96774,94,13,9,10,14
7.35484,82,13,7,15,21,9
3.80645,68,13,17,16
3.80645,68,13,16,5
2.19355,118,13,22,16,13
5.54839,76,13,11,12,8
3.87097,66,13,14,5
3.87097,66,13,13,19,17
7.54839,76,13,17,7,22,14
5.93548,64,13,15,22,15,1
3.6129,74,13,8,17
2,62,13,5
2,62,13,10
4,62,13,6,11
5.16129,88,13,22,8,6
5.93548,64,13,12,4,20
5.93548,64,13,15,17,7
7.54839,76,13,7,14,3,18
3.87097,66,13,1,18
5.35484,82,13,21,19,18,13
2,62,13,10
2,62,13,5
5.48387,78,13,15,14,10
5.74194,70,13,21,12,6
3.74194,70,13,9,1
5.03226,92,13,9,10,15
5.48387,78,13,19,1,12
6.83871,98,13,8,3,11,17
4.96774,94,13,12,12,17,2
3.48387,78,13,1,1,1,2
3.35484,82,13,17,20
3.80645,68,13,7,5
3.80645,68,13,18,2
5.87097,66,13,7,15,5
3.35484,82,13,17,3
2,62,13,5
2,62,13,5
3.16129,88,13,9,22
5.80645,68,13,8,11,16
3.93548,64,13,20,13,1
7.87097,66,13,12,22,7,19
5.35484,82,13,8,13,12,22
9.29032,84,13,2,2,21,12,19,9
3.03226,92,13,9,7
3.09677,90,13,16,3
4.77419,100,13,15,3,17
3.80645,68,13,17,19
3.6129,74,13,3,17
5.22581,86,13,2,4,10
3.54839,76,13,20,5
4.90323,96,13,11,12,9
2.06452,122,13,16,13,5
3.80645,68,13,17,6
3.74194,70,13,20,16
5.80645,68,13,1,11,12
5.09677,90,13,14,16,3
2,62,13,10
3.74194,70,13,11,2
3.16129,88,13,1,17
3.74194,70,13,17,9
5.93548,64,13,21,18,6
3.29032,84,13,16,8
3.80645,68,13,6,9
7.41935,80,13,15,19,18,18,9
5.16129,88,13,22,20,7
4,62,13,13,2,16
3.93548,64,13,15,10
5.74194,70,13,1,11,18
7.67742,72,13,2,21,20,14
4.70968,102,13,15,1,6
5.74194,70,13,12,9,1
3.80645,68,13,16,5
3.74194,70,13,9,1
3.22581,86,13,9,13,22
5.09677,90,13,6,3,9
5.29032,84,13,14,1,20
5.41935,80,13,21,6,20
5.54839,76,13,14,21,16
5.03226,92,13,15,12,17
5.74194,70,13,11,1,15
4,62,13,1,14
2,62,13,5
3.41935,80,13,16,11
5.29032,84,13,13,18,21,18,4
2,62,13,10
5.48387,78,13,2,19,4
5.41936,80,13,20,6,15
5.48387,78,13,22,17,8
3.67742,72,13,19,4
7.48387,78,13,2,3,19,19,17
2,62,13,10
3.93548,64,13,1,5
4.77419,100,13,15,4,11
5.67742,72,13,2,11,15
2,62,13,5
5.29032,84,13,6,3,2
3.29032,84,13,16,8
3.87097,66,13,19,17
4.58065,106,13,14,16,6
2.45161,110,13,16,20
5.87097,66,13,18,21,22
2,62,13,10
3.35484,82,13,17,20
3.87097,66,13,13,17,10
5.6129,74,13,4,1,21
5.29032,84,13,1,8,2
5.16129,88,13,21,11,6
3.93548,64,13,2,7,13
4,62,13,1,14
3.87097,66,13,19,17
3.87097,66,13,4,5
4,62,13,3,9
4,62,13,6,11
4,62,13,21,10
6,62,13,3,18,19
3.87097,66,13,19,17
3.48387,78,13,1,2
5.93548,64,13,22,6,4
3.93548,64,13,8,8,9
3.74194,70,13,19,2
7.22581,86,13,4,2,20,2,10
3.22581,86,13,1,4
5.74194,70,13,2,11,21
5.80645,68,13,1,19,14
4.90323,96,13,12,16,16,21
3.80645,68,13,17,16
5.03226,92,13,14,6,14,5
2,62,13,10
3.54839,76,13,7,20,13
5.74194,70,13,22,13,21,6
6,62,13,7,21,14,7
3.54839,76,13,1,13,15
3.67742,72,13,19,4
3.93548,64,13,13,21,22,13
9.87097,66,13,4,21,3,19,18
4,62,13,13,18,9
3.22581,86,13,1,6
4,62,13,16,9
5.35484,82,13,14,22,5
5.74194,70,13,14,3,20
3.41935,80,13,16,16,16,11
5.22581,86,13,8,18,18,18,8,4
5.03226,92,13,6,2,17
4.90323,96,13,17,7,5
3.80645,68,13,8,5
6,62,13,12,18,10
2.77419,100,13,19,13,10
2,62,13,13,5
5.16129,88,13,8,7,20
5.74194,70,13,2,8,10
3.80645,68,13,11,7
3.87097,66,13,3,5
3.48387,78,13,11,4
4.83871,98,13,2,6,5
7.67742,72,13,22,14,19,7
4,62,13,8,22
5.48387,78,13,18,7,11
3.93548,64,13,6,13,1
2,62,13,10
5.16129,88,13,1,13,2,18
3.93548,64,13,15,10
5.87097,66,13,19,15,17
5.54839,76,13,12,7,16
3.74194,70,13,11,2
2,62,13,5
5.48387,78,13,21,20,6
6,62,13,2,6,2,4
3.74194,70,13,8,20
2,62,13,5
3.80645,68,13,11,7
5.67742,72,13,22,22,14,20
5.67742,72,13,8,7,21
3.6129,74,13,1,7
3.74194,70,13,6,10
3.87097,66,13,3,10
5.6129,74,13,19,11,16
5.80645,68,13,19,8,7
5.41935,80,13,22,14,22,10
3.16129,88,13,16,17
5.22581,86,13,21,2,9
4,62,13,18,9
7.87097,66,13,20,2,7,14
5.87097,66,13,2,17,15
5.74194,70,13,14,15,16
5.93548,64,13,22,18,1
5.22581,86,13,6,3,15
5.22581,86,13,18,3,22
2.77419,100,13,1,13,9
5.35484,82,13,18,8,20
2,62,13,5
5.74194,70,13,6,2,12
3.74194,70,13,17,9
6,62,13,14,8,22
5.22581,86,13,6,3,20
5.29032,84,13,12,13,13,19,5
5.87097,66,13,19,22,18
7.67742,72,13,4,20,21,17
3.41935,80,13,1,20
3.6129,74,13,9,11
7.6129,74,13,17,22,7,19
7.16129,88,13,13,3,18,15,9
7.6129,74,13,8,19,15,17
2,62,13,5
2,62,13,10
3.41935,80,13,11,6
5.74194,70,13,1,19,19,18
7.80645,68,13,15,7,21,3
2,62,13,5
7.22581,86,13,22,17,15,9
5.67742,72,13,8,8,7,18
6,62,13,14,16,9
6,62,13,20,21,17
5.67742,72,13,6,7,9
3.35484,82,13,9,8
2,62,13,5
2,62,13,10
7.87097,66,13,6,21,7,14
4.51613,108,13,1,9,20
3.54839,76,13,17,8
6,62,13,22,7,3
5.16129,88,13,1,19,5
3.87097,66,13,6,16
4.58065,106,13,22,2,9
5.16129,88,13,11,13,2,13,8
6.90323,96,13,12,2,22,5
3.80645,68,13,16,5
5.54839,76,13,1,19,11
9.80645,68,13,4,19,15,7,21
4.64516,104,13,12,6,10
3.80645,68,13,17,14
9.80645,68,13,2,3,8,14,1
2,62,13,5
2,62,13,5
7.93548,64,13,4,3,14,7
4.70968,102,13,20,4,10
2,62,13,10
5.54839,76,13,7,6,19
7.80645,68,13,12,15,22,8
3.54839,76,13,20,10
2,62,13,5
3.74194,70,13,11,20
7.74194,70,13,2,19,3,19,15
3.48387,78,13,17,2
5.6129,74,13,8,21,6
3.74194,70,13,11,20
5.16129,88,13,15,6,12
5.74194,70,13,21,19,4
3.80645,68,13,22,13,11
5.6129,74,13,7,13,3,3,1
3.80645,68,13,18,2
5.80645,68,13,19,8,7
2.83871,98,13,16,16,21
4.70968,102,13,18,11,17
5.74194,70,13,11,12,14
2,62,13,10
5.80645,68,13,7,2,4
2,62,13,5
5.29032,84,13,19,22,3
5.80645,68,13,21,2,18
2,62,13,13,5
5.35484,82,13,21,16,18
4.58065,106,13,13,3,2,9
4,62,13,9,5
5.80645,68,13,4,15,15,5
3.16129,88,13,8,7,13
5.48387,78,13,14,3,5
3.29032,84,13,17,11
2,62,13,10
5.54839,76,13,9,16,1
2.96774,94,13,15,13,10
2,62,13,5
4.83871,98,13,14,6,11
4.90323,96,13,11,16,21
5.48387,78,13,7,21,16
5.03226,92,13,6,4,9
5.54839,76,13,20,18,16
5.48387,78,13,8,3,10
5.09677,90,13,7,11,2
3.67742,72,13,19,4
2,62,13,10
3.67742,72,13,6,5
7.74194,70,13,21,12,19,7
5.80645,68,13,7,17,18
5.74194,70,13,12,12,20,1
2.58065,106,13,16,6
2,62,13,5
3.09677,90,13,16,14
6.45161,110,13,11,1,16,2
5.74194,70,13,20,7,8
3.87097,66,13,2,6,13
4,62,13,13,3,22
3.93548,64,13,17,21
5.67742,72,13,15,17,21
2.77419,100,13,16,12
5.29032,84,13,12,17,6
4,62,13,3,4
4.3871,112,13,21,16,4
5.80645,68,13,6,15,1
3.93548,64,13,1,5
5.80645,68,13,18,21,18,12
4,62,13,3,9
5.93548,64,13,2,12,6
4,62,13,3,9
5.6129,74,13,21,6,8
5.74194,70,13,6,3,11
5.22581,86,13,13,14,7,6,14
3.29032,84,13,19,3,13
5.35484,82,13,19,3,9
2,62,13,10
5.48387,78,13,4,11,2
3.54839,76,13,17,4
5.29032,84,13,13,14,20,15
3.22581,86,13,9,14
5.41935,80,13,11,11,12,15
3.29032,84,13,16,16,16,8
5.67742,72,13,2,8,5
5.67742,72,13,21,20,19
3.6129,74,13,9,11
3.09677,90,13,3,15,13
4,62,13,2,16
5.80645,68,13,12,2,3,12
3.35484,82,13,9,18
5.35484,82,13,21,17,2
6,62,13,14,12,11
5.87097,66,13,22,15,10
3.87097,66,13,7,13,19
4,62,13,1,14
3.67742,72,13,1,15
3.93548,64,13,7,9
3.93548,64,13,18,6
5.54839,76,13,3,7,6
2.64516,104,13,9,9,6
4,62,13,22,22,9
5.41935,80,13,6,14,6,6,8
6,62,13,20,22,17
3.74194,70,13,11,20
5.87097,66,13,4,14,10
5.48387,78,13,14,16,14,16,1
5.41935,80,13,19,7,2
3.74194,70,13,1,21
5.67742,72,13,18,15,1
4.77419,100,13,22,20,6
4,62,13,20,17
7.29032,84,13,2,4,14,16
7.87097,66,13,6,19,8,3
6,62,13,13,6,18,8
3.54839,76,13,17,8
10,62,13,4,2,21,14,22
4.90323,96,13,14,4,11
5.74194,70,13,8,13,8,1,18
2.77419,100,13,16,12
5.48387,78,13,21,20,6
5.80645,68,13,20,8,21
7.74194,70,13,15,8,19,18
3.29032,84,13,9,15
5.6129,74,13,7,13,2,2,1
3.80645,68,13,1,12
3.67742,72,13,8,4
9.74194,70,13,2,15,22,15,19,3
7.16129,88,13,20,7,18,10
3.93548,64,13,4,10
3.87097,66,13,2,5
5.22581,86,13,20,8,4
5.29032,84,13,8,3,6
4,62,13,11,10
5.74194,70,13,2,8,10
5.16129,88,13,12,16,3
5.41935,80,13,21,17,17,4
7.41935,80,13,2,2,4,2,3,7
8,62,13,4,17,15,22
9.67742,72,13,2,14,15,18,18,12
7.22581,86,13,13,18,18,8,3,16
7.41936,80,13,14,18,3,2
2.83871,98,13,1,1,19,13
3.74194,70,13,11,2
3.74194,70,13,17,9
2.25806,116,13,14,9,13
2,62,13,10
7.03226,92,13,12,12,3,22,10
3.74194,70,13,17,9
5.54839,76,13,18,12,7
6,62,13,22,19,1
4.58065,106,13,3,2,16
5.48387,78,13,14,11,11,20
3.67742,72,13,19,4
5.74194,70,13,7,3,7,14
4,62,13,8,22
3.67742,72,13,6,15,13
3.22581,86,13,1,4
5.6129,74,13,19,18,9
3.87097,66,13,4,5
3.74194,70,13,17,9
5.54839,76,13,17,15,6
3.35484,82,13,9,8
5.16129,88,13,13,15,6,12
5.16129,88,13,18,11,7
4,62,13,22,22,11
9.93548,64,13,2,22,7,18,19
5.41935,80,13,6,8,9
5.67742,72,13,1,3,19
5.67742,72,13,1,3,19
2.90323,96,13,9,21
2.58065,106,13,16,6
6,62,13,7,13,22,15
5.48387,78,13,7,4,4,4,22
4,62,13,8,22
3.29032,84,13,13,21,17,13
2,62,13,10
3.35484,82,13,17,20
2,62,13,10
7.41935,80,13,2,7,14,8,7
3.87097,66,13,14,5
2.77419,100,13,16,12
5.29032,84,13,20,11,22
7.16129,88,13,4,18,11,15
3.16129,88,13,1,17
5.80645,68,13,2,20,13,7
5.74194,70,13,14,2,12
3.6129,74,13,8,17
7.74194,70,13,2,1,3,11
7.74194,70,13,21,18,7,8
5.22581,86,13,2,4,10
9.67742,72,13,13,4,21,21,3,12,11
4,62,13,20,17
4,62,13,22,1
2.58065,106,13,16,6
5.41935,80,13,12,17,18
4.96774,94,13,4,16,7
5.41935,80,13,2,13,8,5
5.16129,88,13,15,3,22
3.93548,64,13,22,10
3.93548,64,13,8,9
5.22581,86,13,11,16,22
2.3871,112,13,9,4
3.87097,66,13,8,8,10
3.87097,66,13,19,13,7
4,62,13,1,10
3.93548,64,13,8,9
4,62,13,20,20,17
4.90323,96,13,20,21,13,8
3.29032,84,13,1,1,13,17
3.48387,78,13,11,4
4,62,13,7,7,16
5.67742,72,13,17,7,6
3.29032,84,13,16,16,8
2,62,13,10
2,62,13,5
5.67742,72,13,14,6,4
7.80645,68,13,12,15,22,21,15
3.87097,66,13,11,15
3.29032,84,13,13,17,11
5.74194,70,13,18,21,20
5.80645,68,13,3,15,21
4,62,13,11,5
5.93548,64,13,14,19,10
2.90323,96,13,9,21
7.74194,70,13,21,8,8,3,7
4,62,13,12,5
2,62,13,5
2,62,13,10
3.87097,66,13,3,10
5.48387,78,13,22,16,11
6,62,13,14,1,3
3.29032,84,13,17,1
2.58065,106,13,9,20
4,62,13,1,14
3.93548,64,13,1,5
6,62,13,6,4,22
5.6129,74,13,21,4,4,21,16
7.74194,70,13,19,22,15,14
3.80645,68,13,16,10
5.35484,82,13,14,17,21
3.6129,74,13,8,17
5.22581,86,13,11,19,6
3.80645,68,13,17,14
6,62,13,12,11,5
2,62,13,10
4.64516,104,13,11,13,2,5
5.6129,74,13,4,14,7,13
3.09677,90,13,16,3
5.93548,64,13,19,1,8
3.67742,72,13,13,6,5
3.87097,66,13,8,10
7.6129,74,13,2,13,12,20,7
5.87097,66,13,2,21,16
6,62,13,4,15,11
5.93548,64,13,14,18,14,17
4,62,13,1,14
3.67742,72,13,6,5
5.09677,90,13,18,16,3
3.87097,66,13,1,18
3.74194,70,13,3,13,19
5.54839,76,13,15,11,19
2,62,13,10
4.51613,108,13,6,2,5
5.80645,68,13,3,11,21
5.22581,86,13,22,8,20
4.77419,100,13,2,13,1,17
2.32258,114,13,16,4
4.77419,100,13,4,4,16,12
7.22581,86,13,7,14,11,15
7.67742,72,13,11,8,19,22
2,62,13,10
3.93548,64,13,22,10
2.83871,98,13,16,21
4,62,13,4,9
7.16129,88,13,20,15,18,4
6,62,13,20,19,8
5.80645,68,13,2,11,10
3.80645,68,13,8,2
3.87097,66,13,11,15
3.48387,78,13,13,1,2
6,62,13,15,21,6
2,62,13,10
3.41935,80,13,18,13,1
5.93548,64,13,12,7,8
3.74194,70,13,1,21
2,62,13,10
5.67742,72,13,7,1,3
4.90323,96,13,14,20,20,6
3.67742,72,13,13,3,6
7.48387,78,13,7,21,18,1
5.54839,76,13,11,16,1
5.80645,68,13,9,10,16
3.93548,64,13,8,9
3.41935,80,13,16,13,6
5.80645,68,13,4,19,5
7.74194,70,13,3,14,21,19
5.29032,84,13,13,20,1,15
5.67742,72,13,18,12,11
3.6129,74,13,3,17
2,62,13,5
3.80645,68,13,16,5
5.35484,82,13,3,14,5
5.93548,64,13,8,11,14
3.54839,76,13,1,22
5.22581,86,13,15,4,22
3.74194,70,13,17,9
3.74194,70,13,9,1
3.48387,78,13,17,12
4,62,13,2,9
8,62,13,6,15,19,18
3.6129,74,13,1,7
3.41935,80,13,11,6
5.48387,78,13,20,13,8,15
3.35484,82,13,16,19
5.74194,70,13,6,19,12
5.29032,84,13,7,6,7,5
3.48387,78,13,22,18,13
3.16129,88,13,16,15
5.48387,78,13,8,12,12,4
5.48387,78,13,19,7,8
3.09677,90,13,16,3
5.80645,68,13,22,12,14
3.6129,74,13,12,8,13
5.74194,70,13,19,15,6
3.74194,70,13,7,12,13
4,62,13,7,7,16
2,62,13,10
5.93548,64,13,8,11,14
3.16129,88,13,16,15
5.67742,72,13,12,7,1
5.74194,70,13,18,7,18,11
3.29032,84,13,17,11
3.74194,70,13,11,22
2,62,13,10
5.29032,84,13,13,12,3,18,13
4.58065,106,13,7,2,5
4.83871,98,13,6,12,10
5.22581,86,13,15,9,18
5.87097,66,13,11,18,14
5.35484,82,13,20,1,21
5.22581,86,13,21,9,18
2.45161,110,13,16,20
5.87097,66,13,7,15,5
3.29032,84,13,17,17,1
5.48387,78,13,8,7,19
5.48387,78,13,6,8,16
3.80645,68,13,8,2
2,62,13,10
5.87097,66,13,2,19,16
3.16129,88,13,13,9,22
7.87097,66,13,4,13,12,8,16
3.93548,64,13,18,10
3.16129,88,13,9,22
6.77419,100,13,12,21,20,16
3.35484,82,13,13,9,8
7.54839,76,13,15,14,19,9
5.87097,66,13,14,18,14,16
3.54839,76,13,20,5
3.16129,88,13,1,17
3.93548,64,13,1,5
2,62,13,5
7.6129,74,13,4,19,14,20
2,62,13,13,5
3.87097,66,13,18,5
3.74194,70,13,13,11,11,20
2,62,13,5
5.54839,76,13,18,17,17,15
5.74194,70,13,20,1,3
2,62,13,5
4.58065,106,13,3,2,16
3.29032,84,13,16,18
5.80645,68,13,4,6,16
5.67742,72,13,6,18,16
