6,62,21,12,15,3
5.35484,82,21,22,13,11
3.87097,66,21,21,2,9
5.29032,84,21,4,13,10
5.35484,82,21,21,16,21,8,8,10
5.80645,68,21,18,7,5
5.93548,64,21,22,1,16
3.29032,84,21,11,16,21
7.6129,74,21,7,20,12,19
5.93548,64,21,2,13,18
3.29032,84,21,16,6
5.35484,82,21,17,16,3
3.6129,74,21,5,17
8.64516,104,21,8,3,16,9,20
4.96774,94,21,21,5,16,12
4.96774,94,21,22,4,16
4.70968,102,21,1,5,20
3.48387,78,21,16,12
6.25807,116,21,6,7,4,9
5.22581,86,21,13,19,5
3.6129,74,21,10,15
5.09677,90,21,18,4,1
4,62,21,17,12
5.87097,66,21,1,9,18
5.03226,92,21,6,8,13
3.74194,70,21,9,17
4,62,21,17,2
7.48387,78,21,1,11,16,22
7.6129,74,21,2,13,20,3
3.35484,82,21,5,14
3.41935,80,21,5,5,15
6,62,21,1,11,1,19,11
5.67742,72,21,9,1,14
5.74194,70,21,20,11,12
5.48387,78,21,3,4,15
4.90323,96,21,22,22,2,10
2.51613,108,21,5,5,13
3.87097,66,21,11,4
5.29032,84,21,10,5,7
3.93548,64,21,9,19
5.74194,70,21,2,12,9
5.54839,76,21,11,9,22
4.90323,96,21,10,9,20
7.22581,86,21,20,21,2,22,4
3.87097,66,21,2,9
7.87097,66,21,8,16,5,16,1
5.48387,78,21,19,5,15
5.80645,68,21,18,21,13,15
5.41935,80,21,18,12,20,18
5.22581,86,21,8,6,12
6.90323,96,21,5,9,5,10,12
5.09677,90,21,22,1,13
3.74194,70,21,9,3
5.80645,68,21,15,9,17
5.74194,70,21,17,21,7,16
4.90323,96,21,11,10,16,21
3.74194,70,21,10,8
9.6129,74,21,15,21,20,3,8,3,1
5.93548,64,21,12,15,2
3.93548,64,21,17,13
5.80645,68,21,14,13,22
2.70968,102,21,5,20
5.03226,92,21,8,21,8,9,20
5.09677,90,21,8,6,20
3.54839,76,21,5,8
7.87097,66,21,22,18,17,7
3.74194,70,21,1,13
7.93548,64,21,4,15,19,8
5.80645,68,21,17,8,14
5.35484,82,21,4,17,9
7.87097,66,21,7,12,13,2
5.6129,74,21,4,22,1
5.93548,64,21,14,17,16
5.6129,74,21,11,15,6
5.29032,84,21,18,17,1
3.41935,80,21,5,3
5.6129,74,21,3,12,5
5.87097,66,21,21,20,20,18,12
5.87097,66,21,12,12,6,4
4,62,21,16,18
8,62,21,8,19,11,18
7.48387,78,21,15,18,6,6,19
5.6129,74,21,2,18,9
4.90323,96,21,9,1,4
7.41935,80,21,1,3,12,3,4
4.64516,104,21,14,10,13
5.74194,70,21,4,15,3
5.03226,92,21,11,9,6
3.80645,68,21,16,3
4,62,21,16,8
6.19355,118,21,2,21,8,10,4
5.87097,66,21,2,14,14,4
3.41935,80,21,5,3
5.93548,64,21,15,1,14,21
5.48387,78,21,4,19,17
3.09677,90,21,5,12
3.6129,74,21,5,19
5.16129,88,21,11,22,3
5.54839,76,21,4,18,10
5.41935,80,21,8,20,11
5.48387,78,21,8,7,5
2.83871,98,21,5,6
5.35484,82,21,15,1,17
3.41935,80,21,5,15
6.25806,116,21,19,21,14,13,5
5.09677,90,21,12,17,2
3.74194,70,21,2,5
3.93548,64,21,5,21,20
5.29032,84,21,21,1,7,13
7.74194,70,21,1,8,12,18
4.96774,94,21,22,20,9
3.80645,68,21,17,11
5.54839,76,21,12,9,19
7.29032,84,21,14,2,22,12
3.87097,66,21,16,22
6.70968,102,21,7,4,13,16
7.6129,74,21,12,19,7,2
3.6129,74,21,10,15
3.87097,66,21,17,21,10
5.48387,78,21,17,10,18
7.48387,78,21,18,1,8,2
4.77419,100,21,21,3,16,20
3.80645,68,21,17,11
5.22581,86,21,21,8,13,15
3.09677,90,21,9,20
2.83871,98,21,10,2
4.70968,102,21,21,1,5,20
5.80645,68,21,21,17,14,22
5.6129,74,21,6,21,19,13
3.93548,64,21,17,13
3.54839,76,21,10,14
5.67742,72,21,18,2,14
5.29032,84,21,7,11,6
3.67742,72,21,9,22
4.96774,94,21,7,6,21,5
2.64516,104,21,10,13
5.35484,82,21,11,2,3
3.16129,88,21,9,6
5.03226,92,21,18,9,20
6,62,21,20,7,17
7.80645,68,21,7,20,12,14
6.90323,96,21,20,21,4,6,16
3.48387,78,21,9,12
5.67742,72,21,21,6,7,9
5.6129,74,21,14,6,3
5.54839,76,21,21,14,21,10,10,17
5.16129,88,21,16,10,12
9.74194,70,21,12,8,8,11,14,15
5.29032,84,21,8,21,17,11
7.6129,74,21,18,15,10,1
5.93548,64,21,3,9,1
5.93548,64,21,1,8,10
3.29032,84,21,4,1,21
6,62,21,15,17,4
5.80645,68,21,3,1,2
4.90323,96,21,12,4,5
4,62,21,4,21,5
3.54839,76,21,5,18
5.80645,68,21,4,17,7
4.70968,102,21,9,16,13
7.35484,82,21,15,17,18,20
6,62,21,14,14,20,7
3.87097,66,21,19,4,21
5.22581,86,21,7,2,9
7.93548,64,21,21,14,22,17,17,15,14
7.03226,92,21,11,1,9,6
5.35484,82,21,7,10,15
5.67742,72,21,1,14,14,17
3.93548,64,21,9,19
3.87097,66,21,16,22
5.29032,84,21,17,10,3
5.67742,72,21,22,13,7
5.03226,92,21,17,10,12
3.74194,70,21,10,18
7.35484,82,21,12,4,7,8
4.90323,96,21,8,6,16
3.54839,76,21,10,14
5.54839,76,21,6,8,7
5.87097,66,21,17,14,7
5.80645,68,21,21,13,8,1
3.74194,70,21,9,17
7.6129,74,21,14,11,10,5,11
5.35484,82,21,5,10,14
5.87097,66,21,12,11,22
4.77419,100,21,9,10,20
6.77419,100,21,3,2,4,11
5.54839,76,21,19,1,17
4.90323,96,21,9,16,4
5.80645,68,21,22,20,4
3.87097,66,21,2,9
5.6129,74,21,3,11,17
5.87097,66,21,4,4,21,11,10
8.70968,102,21,19,1,11,9,6
3.93548,64,21,12,1,21
6.77419,100,21,7,13,4,16
3.6129,74,21,20,10
5.09677,90,21,4,20,9
3.80645,68,21,10,19
7.09677,90,21,20,12,4,19
3.6129,74,21,10,15
5.80645,68,21,20,19,20,12
5.74194,70,21,21,8,22,3
5.67742,72,21,1,12,15
5.22581,86,21,3,10,15
5.80645,68,21,20,21,2,1
5.87097,66,21,11,19,9
5.22581,86,21,11,7,1
5.87097,66,21,1,15,19
5.74194,70,21,15,6,20
7.54839,76,21,15,18,2,22
3.87097,66,21,10,11
3.67742,72,21,9,22
9.48387,78,21,1,1,14,15,7,19
3.41935,80,21,5,15
3.54839,76,21,11,20,21
3.87097,66,21,6,16
5.48387,78,21,13,11,12
5.87097,66,21,12,18,13
4.58065,106,21,20,6,9
5.35484,82,21,17,21,4,1
7.22581,86,21,15,11,1,17
5.67742,72,21,20,18,1
2.77419,100,21,10,4
5.67742,72,21,1,19,1,21,7,19
3.54839,76,21,10,3
5.6129,74,21,21,4,22,9
3.87097,66,21,2,16
7.48387,78,21,22,13,22,18,1
5.48387,78,21,11,14,5
5.48387,78,21,18,10,14
8,62,21,22,21,19,18,11
3.54839,76,21,10,22
5.54839,76,21,12,6,14
5.35484,82,21,22,22,12,10
9.6129,74,21,2,20,2,4,13,7
3.74194,70,21,10,8
3.54839,76,21,10,3
7.87097,66,21,20,15,18,7
3.80645,68,21,21,20,20,16
7.54839,76,21,22,20,2,3
8,62,21,15,1,3,12
5.41935,80,21,17,7,5
9.41936,80,21,14,15,22,15,10,11
5.41935,80,21,18,16,12
6.25806,116,21,7,14,14,14,16,13
5.93548,64,21,22,17,2
6.70968,102,21,18,14,16,20
5.80645,68,21,20,1,9
5.67742,72,21,6,17,18
6,62,21,3,11,2
5.74194,70,21,6,2,12
2.83871,98,21,5,6
4.64516,104,21,5,16,2
5.80645,68,21,17,15,16
3.74194,70,21,10,18
5.6129,74,21,20,11,5
3.74194,70,21,11,17
5.16129,88,21,13,17,6
5.80645,68,21,17,15,4
5.29032,84,21,20,8,6
7.29032,84,21,1,10,1,8,8,2
5.6129,74,21,7,7,11,22
3.80645,68,21,20,16
3.93548,64,21,13,13,1
7.29032,84,21,2,7,17,19
3.54839,76,21,5,18
4,62,21,6,1
4.83871,98,21,15,21,16,20
5.41935,80,21,7,5,17
3.80645,68,21,20,9
6,62,21,22,12,4
7.67742,72,21,15,8,1,22
3.87097,66,21,17,3
3.29032,84,21,9,9,11,21
9.09677,90,21,22,19,15,14,5
5.48387,78,21,20,3,5
7.35484,82,21,19,8,20,3
7.6129,74,21,1,14,7,6
5.80645,68,21,6,18,3
4.3871,112,21,18,13,16
5.67742,72,21,2,11,5
5.22581,86,21,14,9,6
5.48387,78,21,17,7,10
9.22581,86,21,18,14,12,11,11,22
7.6129,74,21,18,16,10,17
6.3871,112,21,22,22,12,20,20,5
7.67742,72,21,17,7,7,19,3
5.48387,78,21,21,12,16,18
4.83871,98,21,20,1,1,13
2.90323,96,21,9,4
3.67742,72,21,2,10
6,62,21,22,21,8,20
7.41935,80,21,22,20,2,15
5.03226,92,21,19,19,16,5,21
5.48387,78,21,1,10,3
3.80645,68,21,6,9
3.6129,74,21,10,15
2.90323,96,21,9,9,9,13
7.03226,92,21,3,10,5,22
7.48387,78,21,3,19,10,1
2.51613,108,21,5,13
3.74194,70,21,21,9,17
3.80645,68,21,20,16
5.41935,80,21,12,1,6
7.03226,92,21,22,7,22,1,6
7.16129,88,21,3,15,14,13
7.22581,86,21,7,4,20,14
5.87097,66,21,4,2,1
8,62,21,21,11,8,7,22
3.16129,88,21,16,16,20
5.16129,88,21,12,12,5,5,18
5.74194,70,21,8,9,15
6.96774,94,21,15,22,9,6
7.09677,90,21,15,1,10,22
3.16129,88,21,16,20
6.70968,102,21,6,8,3,17
7.93548,64,21,22,8,11,14
2.90323,96,21,9,4
5.67742,72,21,14,17,4
5.48387,78,21,4,14,5
3.87097,66,21,16,16,17
5.09677,90,21,22,1,17
3.80645,68,21,1,6
7.16129,88,21,12,3,5,8
7.67742,72,21,7,22,17,21,3
6,62,21,19,22,13
5.35484,82,21,13,3,9
3.6129,74,21,5,19
6.70968,102,21,22,18,9,2
2.83871,98,21,16,13
3.41935,80,21,5,3
4.90323,96,21,21,10,9,2
3.87097,66,21,9,9,8
7.48387,78,21,18,9,18,22,22,8
3.80645,68,21,10,19
8,62,21,14,18,14,2,7
5.35484,82,21,19,17,12
6.96774,94,21,14,8,17,3
5.87097,66,21,4,20,20,3
7.67742,72,21,14,12,4,4,3
6.90323,96,21,19,14,6,16
5.54839,76,21,7,3,21,2
5.6129,74,21,7,6,21,1
9.6129,74,21,8,1,8,18,3,14
5.80645,68,21,18,1,7
5.29032,84,21,1,7,13
3.80645,68,21,20,16
8,62,21,8,18,7,14,18
3.74194,70,21,9,17
5.03226,92,21,6,2,17
5.29032,84,21,8,13,14
3.03226,92,21,21,8,5,21
3.74194,70,21,10,8
5.16129,88,21,14,4,4,16
3.54839,76,21,10,22
3.54839,76,21,9,7
11.6129,74,21,7,18,19,22,22,15,6
5.6129,74,21,1,16,14
5.22581,86,21,20,17,10
3.29032,84,21,16,6
5.54839,76,21,12,17,17,18
5.87097,66,21,21,6,15,21,18
5.09677,90,21,22,2,16
5.54839,76,21,12,19,12,5
9.35484,82,21,19,16,9,5,22
6.83871,98,21,19,21,13,2,9
5.35484,82,21,17,4,12
5.67742,72,21,7,3,18,7
5.93548,64,21,18,8,4
3.54839,76,21,10,3
7.35484,82,21,22,17,6,18
5.87097,66,21,20,13,7
3.67742,72,21,4,9
4.90323,96,21,6,7,12,6
5.48387,78,21,12,11,11,17
7.67742,72,21,15,5,10,19
7.16129,88,21,8,19,5,22
5.93548,64,21,14,15,17,14
5.6129,74,21,12,16,11
2.77419,100,21,10,4
5.35484,82,21,11,22,8
4,62,21,16,8
5.6129,74,21,9,5,17
5.54839,76,21,17,18,6
5.48387,78,21,3,9,15
3.87097,66,21,10,11
5.87097,66,21,21,15,16,17
5.41935,80,21,22,13,13,18
6.45161,110,21,2,20,22,20,5
7.6129,74,21,7,19,12,22
7.09677,90,21,1,3,1,9,9,1,9,7
3.87097,66,21,11,4
5.09677,90,21,18,16,2
5.87097,66,21,19,19,4,6
7.6129,74,21,7,7,12,14,6
6,62,21,8,8,16,19
7.54839,76,21,22,15,10,19
3.67742,72,21,6,6,17,21
5.41935,80,21,20,22,9
5.6129,74,21,20,8,16
7.6129,74,21,3,2,13,12
5.48387,78,21,7,13,19
3.6129,74,21,5,19
3.6129,74,21,20,5
5.29032,84,21,8,13,14
4.77419,100,21,20,13,21,10
3.54839,76,21,5,8
3.29032,84,21,10,12
6.32258,114,21,8,18,5,2
4.3871,112,21,3,6,6,5
3.67742,72,21,6,5
7.67742,72,21,18,16,1,9
3.6129,74,21,20,10
2.77419,100,21,10,4
5.80645,68,21,6,22,20
4.58065,106,21,11,12,21,5
5.41935,80,21,12,1,6
4.51613,108,21,8,4,10
7.16129,88,21,15,1,5,8
7.16129,88,21,18,12,4,4,8
5.54839,76,21,2,15,13
5.6129,74,21,7,12,9
3.67742,72,21,6,5
2.77419,100,21,5,2
5.03226,92,21,19,10,6
6.77419,100,21,6,4,12,4,1
3.09677,90,21,9,2
6.51613,108,21,7,10,5,20
5.48387,78,21,20,15,15,13
4.90323,96,21,1,9,4
7.22581,86,21,21,4,21,15,2,19
5.87097,66,21,17,21,20,4
5.67742,72,21,6,17,18
7.67742,72,21,1,11,14,4
3.03226,92,21,5,16,21
7.22581,86,21,2,14,11,11,7
5.54839,76,21,11,22,6
9.09677,90,21,15,18,7,13,3
3.6129,74,21,5,19
4.58065,106,21,11,16,13
4.77419,100,21,10,16,2
2.58065,106,21,5,4
6,62,21,3,20,12
5.93548,64,21,13,8,3
4,62,21,21,3,17
5.6129,74,21,4,18,9
5.41935,80,21,11,21,14,11,7
3.48387,78,21,9,12
5.54839,76,21,3,7,20
5.93548,64,21,18,8,6
7.22581,86,21,14,7,18,17,14
2.83871,98,21,5,6
3.16129,88,21,16,20
5.29032,84,21,13,20,13,13,13,1
3.54839,76,21,5,18
5.54839,76,21,17,16,18
3.93548,64,21,3,22,22,21
3.74194,70,21,6,10
8,62,21,22,18,12,11
7.48387,78,21,12,18,19,13
5.29032,84,21,20,20,7,10
5.54839,76,21,15,11,13
5.16129,88,21,14,5,12
3.87097,66,21,2,9
7.93548,64,21,21,22,22,8,7,15
5.54839,76,21,17,19,9
3.54839,76,21,10,3
9.54839,76,21,4,21,14,12,2,3
2.70968,102,21,5,20
7.74194,70,21,3,8,16,11
5.6129,74,21,3,3,15,11
3.74194,70,21,2,5
3.74194,70,21,6,8,21
5.93548,64,21,22,22,20,13
5.80645,68,21,3,19,4
4.90323,96,21,11,7,11,4
3.41935,80,21,10,7
2.90323,96,21,9,4
3.87097,66,21,17,20
7.67742,72,21,7,2,12,12,11
7.80645,68,21,13,12,11,3
3.03226,92,21,10,6
5.6129,74,21,21,15,9,7
5.54839,76,21,4,15,13
7.54839,76,21,10,5,16,8
9.09677,90,21,12,8,18,22,9
3.6129,74,21,5,19
7.93548,64,21,15,8,12,2
7.48387,78,21,18,14,5,1
5.41935,80,21,2,3,6
5.29032,84,21,22,13,17
5.09677,90,21,21,1,2,8
5.41935,80,21,8,22,21,1
3.6129,74,21,20,5
5.29032,84,21,21,22,12,5
10,62,21,22,7,15,3,1
3.74194,70,21,1,13
3.35484,82,21,13,5
7.48387,78,21,12,9,16,8
6,62,21,17,21,14,16
5.41935,80,21,19,10,7
4.64516,104,21,19,4,16
4.32258,114,21,20,6,20,10
3.80645,68,21,16,14
3.03226,92,21,10,6
5.67742,72,21,15,4,8
5.41936,80,21,6,3,18
7.09677,90,21,21,21,22,1,8,4
7.80645,68,21,8,14,7,1
8.96774,94,21,3,8,19,10,22
3.74194,70,21,9,3
6,62,21,7,2,22
6,62,21,17,19,18
5.80645,68,21,1,10,11
7.54839,76,21,15,14,9,19
7.54839,76,21,13,3,8,12
5.67742,72,21,3,18,20
7.87097,66,21,7,1,19,14
5.22581,86,21,9,9,1,22
7.09677,90,21,14,14,18,9,2
5.80645,68,21,20,13,22
3.54839,76,21,10,22
6.90323,96,21,22,9,22,17,12
5.41935,80,21,12,20,9
5.6129,74,21,20,20,11,10
4.77419,100,21,18,16,13
5.35484,82,21,18,17,20
3.74194,70,21,11,17
5.54839,76,21,19,6,17
8.58064,106,21,18,9,5,10,2
5.6129,74,21,16,5,17
3.74194,70,21,6,10
5.54839,76,21,1,15,12
5.74194,70,21,15,2,18
5.80645,68,21,11,16,19
4.70968,102,21,21,9,9,16,13
5.29032,84,21,1,22,4
3.74194,70,21,2,6,21
7.54839,76,21,6,15,19,9
5.54839,76,21,3,9,18
5.87097,66,21,7,6,7,10
5.35484,82,21,8,5,5,14
9.16129,88,21,14,11,14,19,17,16
5.48387,78,21,1,16,7
3.80645,68,21,11,6
4.83871,98,21,17,16,6
5.74194,70,21,6,7,16
5.80645,68,21,13,11,8
4.32258,114,21,16,19,16,4
5.29032,84,21,13,14,10
5.22581,86,21,20,18,13
5.16129,88,21,17,4,15
7.03226,92,21,19,7,19,1,4
5.48387,78,21,20,4,17
5.29032,84,21,21,4,21,17,1
4.83871,98,21,19,10,2
6.83871,98,21,16,10,5,16,10,12
7.35484,82,21,3,11,10,10,18
4.96774,94,21,3,6,2
5.16129,88,21,10,21,20,7
9.29032,84,21,19,11,8,1,22
7.09677,90,21,21,20,12,13,11
3.54839,76,21,10,22
11.4839,78,21,15,12,14,8,3,18
5.35484,82,21,15,11,17
5.48387,78,21,11,20,13
3.87097,66,21,6,16
6.77419,100,21,15,18,20,16
6.77419,100,21,7,21,12,13,9
5.03226,92,21,2,6,11
9.03226,92,21,12,2,14,18,4
5.54839,76,21,21,8,5,18
5.87097,66,21,14,13,7
2.83871,98,21,5,6
5.6129,74,21,14,21,16,17
5.80645,68,21,6,15,11
3.80645,68,21,10,19
7.80645,68,21,15,8,18,16
4,62,21,2,21,5
4.90323,96,21,18,13,1
3.41935,80,21,5,15
7.6129,74,21,18,21,7,2,2,7,8
7.6129,74,21,3,19,11,10
5.74194,70,21,17,18,1
5.6129,74,21,21,20,15,16
5.41936,80,21,6,12,7
5.74194,70,21,7,6,1
5.74194,70,21,11,12,7
7.6129,74,21,3,19,15,11
5.09677,90,21,11,22,11,2
4,62,21,4,21,5
7.6129,74,21,12,12,18,19,4
5.80645,68,21,18,1,7
7.22581,86,21,14,22,1,7
3.74194,70,21,10,8
7.29032,84,21,1,8,15,15,20
5.67742,72,21,18,3,21,8
6.96774,94,21,3,21,2,20,9
5.6129,74,21,11,1,17
3.80645,68,21,11,6
7.6129,74,21,2,12,12,8,16
5.35484,82,21,13,22,9
5.03226,92,21,1,2,11
5.80645,68,21,4,19,7
5.41936,80,21,13,6,20
5.48387,78,21,6,2,7
5.54839,76,21,19,6,17
3.93548,64,21,13,1
3.09677,90,21,9,9,20
3.6129,74,21,4,10
6,62,21,14,2,8
3.74194,70,21,17,21,21,5
5.6129,74,21,15,6,21,17
2.83871,98,21,10,20
5.67742,72,21,2,4,11
5.6129,74,21,21,11,5,5,9,11
7.09677,90,21,7,17,5,3
4.45161,110,21,12,21,9,4
3.80645,68,21,1,4
6,62,21,12,20,11
3.16129,88,21,16,2
5.6129,74,21,13,14,2
7.22581,86,21,4,14,22,16
5.93548,64,21,18,6,18,3
5.48387,78,21,13,15,3
5.93548,64,21,1,18,12
3.74194,70,21,2,5
7.35484,82,21,19,15,20,20,20,3
2.70968,102,21,21,5,5,20
3.6129,74,21,11,2,21
5.22581,86,21,1,2,22
4.70968,102,21,3,7,21,10
4.77419,100,21,10,16,2
5.67742,72,21,12,20,17
3.6129,74,21,11,2,21
7.09677,90,21,12,18,21,18,12,3,10
7.16129,88,21,12,7,14,5
3.67742,72,21,16,7
2.83871,98,21,10,20
3.67742,72,21,6,5
5.74194,70,21,11,14,21,3
7.54839,76,21,3,12,2,8
5.80645,68,21,2,1,16
7.87097,66,21,7,18,16,1
4.96774,94,21,19,6,16
3.74194,70,21,10,18
7.87097,66,21,8,14,20,12
3.54839,76,21,10,3
5.6129,74,21,1,12,7
5.74194,70,21,22,20,14
5.67742,72,21,18,9,17
4.90323,96,21,4,17,11
5.87097,66,21,11,3,16
3.6129,74,21,5,17
5.87097,66,21,22,6,2
5.48387,78,21,2,1,15
5.54839,76,21,18,11,13
7.09677,90,21,15,3,11,17
5.16129,88,21,4,2,10
5.41935,80,21,17,17,16,16,22
5.74194,70,21,11,5,1
5.67742,72,21,19,2,3
5.09677,90,21,4,17,2
5.22581,86,21,11,12,16
2.83871,98,21,10,2
3.74194,70,21,10,8
4.96774,94,21,19,19,6,16
5.16129,88,21,2,11,4
7.67742,72,21,22,19,18,2
3.09677,90,21,9,2
5.54839,76,21,7,20,1
7.16129,88,21,7,6,18,18,2
5.54839,76,21,18,5,8
5.54839,76,21,18,20,7
5.87097,66,21,3,1,19,21
5.09677,90,21,19,12,12,4,19
7.48387,78,21,14,21,11,16,16,8
2.83871,98,21,21,16,13
3.93548,64,21,13,1
5.09677,90,21,22,5,7
7.6129,74,21,3,5,9,1
4.77419,100,21,12,9,6
5.67742,72,21,19,19,13,12
3.6129,74,21,10,15
9.22581,86,21,7,14,19,8,14,5
5.6129,74,21,13,20,19
5.67742,72,21,18,4,7
7.74194,70,21,18,14,11,2
5.87097,66,21,3,4,2
5.80645,68,21,7,17,13
3.35484,82,21,13,5
3.6129,74,21,5,19
7.93548,64,21,14,16,14,21,3,8
5.48387,78,21,18,20,18,5
6.83871,98,21,19,19,11,14,21,10
5.54839,76,21,19,7,12,19
3.35484,82,21,13,10
5.35484,82,21,13,8,8,16
5.16129,88,21,2,13,16
5.80645,68,21,1,10,10,11
3.87097,66,21,10,11
4.83871,98,21,19,5,2
5.6129,74,21,17,21,2,6
7.6129,74,21,7,2,3,19
3.87097,66,21,16,22
5.54839,76,21,13,14,4
3.87097,66,21,16,16,17
5.29032,84,21,7,10,14
5.35484,82,21,19,20,8
6,62,21,6,18,8
7.35484,82,21,7,15,19,21,19,13
5.87097,66,21,12,12,7,3
5.09677,90,21,20,19,13
5.74194,70,21,7,16,18
4.3871,112,21,3,6,5
7.41935,80,21,8,1,7,2
4.90323,96,21,19,6,9
4.77419,100,21,12,12,19,10,10,12
3.6129,74,21,4,10
5.16129,88,21,5,21,14,10
7.67742,72,21,19,11,14,2
3.87097,66,21,11,4
3.67742,72,21,9,22
6,62,21,18,21,2,12,21
8,62,21,14,12,19,12,7
5.35484,82,21,10,21,8,16
5.93548,64,21,22,2,3
3.54839,76,21,4,5
3.67742,72,21,4,4,9
7.09677,90,21,19,12,1,22
3.74194,70,21,10,8
3.80645,68,21,1,6
5.87097,66,21,19,14,10,14,21
3.87097,66,21,2,16
5.6129,74,21,6,8,15
6.70968,102,21,3,8,6,1
3.6129,74,21,5,17
5.09677,90,21,12,10,14
7.80645,68,21,15,19,11,7
6.96774,94,21,4,13,6,5
6.32258,114,21,18,8,5,2
6.96774,94,21,19,3,22,10
5.67742,72,21,3,2,15
3.41935,80,21,13,16
7.35484,82,21,4,15,18,5
7.6129,74,21,19,8,7,3
3.93548,64,21,9,9,19
5.74194,70,21,22,17,17,11
5.87097,66,21,7,20,14
3.09677,90,21,9,2
3.67742,72,21,9,22
9.35484,82,21,22,2,13,4,20
7.41935,80,21,15,18,6,8
3.87097,66,21,16,15
4,62,21,6,11
4,62,21,6,1
3.67742,72,21,2,10
5.87097,66,21,17,8,3
7.35484,82,21,4,13,3,3,7
9.29032,84,21,14,3,1,12,7
5.67742,72,21,6,8,12
7.93548,64,21,2,19,14,8
4.58065,106,21,18,5,4
6.83871,98,21,20,21,13,4,16
7.09677,90,21,15,2,15,17,4
5.93548,64,21,22,13,6
3.22581,86,21,5,7
3.93548,64,21,21,21,11,13
9.22581,86,21,22,22,18,3,19,10
3.87097,66,21,17,20
9.03226,92,21,15,18,18,19,2,11
5.67742,72,21,2,15,4
3.29032,84,21,10,12
4,62,21,6,1
5.41935,80,21,2,7,5
7.22581,86,21,15,17,15,2,11
8,62,21,7,7,16,10,16,5
9.29032,84,21,22,18,7,19,17
3.87097,66,21,16,22
5.6129,74,21,20,6,7
5.41935,80,21,13,15,9
5.74194,70,21,17,22,10
7.35484,82,21,14,2,14,20,4
5.6129,74,21,20,14,16
7.41935,80,21,8,11,5,18
4.58065,106,21,8,4,9
5.67742,72,21,21,1,7,17
5.48387,78,21,6,18,5
5.54839,76,21,4,12,17
5.29032,84,21,18,13,18,2
3.87097,66,21,2,2,16
7.35484,82,21,22,11,8,9
7.6129,74,21,7,22,7,21,11,2
3.87097,66,21,5,1
7.35484,82,21,19,15,8,6
5.67742,72,21,20,18,1
3.35484,82,21,13,5
6,62,21,13,12,12,7
4.64516,104,21,22,5,2
3.54839,76,21,10,3
5.48387,78,21,20,14,10
3.35484,82,21,13,13,5
7.48387,78,21,13,14,18,1
5.87097,66,21,21,13,18,19
4.70968,102,21,11,21,4,5
5.74194,70,21,17,8,11
7.93548,64,21,22,22,17,19,18
7.16129,88,21,1,21,19,8,13
3.16129,88,21,9,6
7.35484,82,21,2,14,2,14,11,14,4
3.80645,68,21,1,4
5.22581,86,21,20,6,17
7.29032,84,21,11,19,18,2
5.22581,86,21,1,15,13
7.80645,68,21,3,19,12,18
5.54839,76,21,2,14,5
4.70968,102,21,18,10,10,4
5.54839,76,21,17,18,10
7.35484,82,21,8,11,5,5,11,2
5.29032,84,21,4,11,15
9.48387,78,21,7,8,19,1,5
5.74194,70,21,14,10,8
3.54839,76,21,4,5
2.90323,96,21,11,5,21
2.83871,98,21,10,2
5.54839,76,21,21,10,9,3
5.22581,86,21,19,13,3
3.87097,66,21,17,20
5.48387,78,21,22,2,17
3.09677,90,21,5,12
6.90323,96,21,3,3,8,5,7
4.64516,104,21,21,3,16,4
3.67742,72,21,16,21,16,7
5.54839,76,21,18,6,4,21
3.80645,68,21,9,15
5.6129,74,21,17,18,9
7.29032,84,21,7,21,11,12,22
3.29032,84,21,16,6
5.41935,80,21,20,18,5
7.48387,78,21,21,11,1,3,10
3.67742,72,21,6,5
3.74194,70,21,11,17
5.93548,64,21,6,22,2
8.25806,116,21,22,22,9,5,10,13
5.67742,72,21,1,3,13
3.80645,68,21,11,6
3.87097,66,21,10,21,17
5.48387,78,21,2,22,5
7.35484,82,21,13,15,18,11
5.80645,68,21,15,16,14
6.58065,106,21,15,8,9,20
5.29032,84,21,19,13,14
7.09677,90,21,12,2,22,10
5.54839,76,21,13,12,9
3.80645,68,21,19,21,6,19
5.03226,92,21,2,4,5
5.29032,84,21,4,21,10,17
5.54839,76,21,13,13,11,9
5.93548,64,21,2,1,9
3.6129,74,21,5,19
9.22581,86,21,6,15,17,15,22,2
7.48387,78,21,2,20,3,7
8,62,21,8,11,3,15
6,62,21,12,18,18,20
3.74194,70,21,9,3
3.16129,88,21,21,9,6
5.35484,82,21,9,1,15
4.70968,102,21,22,16,13
4.83871,98,21,1,2,17
5.09677,90,21,13,20,20,16
3.6129,74,21,19,13,21
3.74194,70,21,9,17
5.67742,72,21,1,18,17
4,62,21,3,17
7.74194,70,21,22,18,6,4
5.03226,92,21,17,8,20
3.87097,66,21,4,8,21
5.93548,64,21,4,6,19
7.22581,86,21,19,3,1,6
5.54839,76,21,4,1,10
7.48387,78,21,3,7,22,12
4.96774,94,21,10,9,6
5.16129,88,21,19,21,6,5
5.03226,92,21,14,21,11,10,14
5.41935,80,21,13,22,20
7.67742,72,21,12,14,21,18,11
3.67742,72,21,4,9
7.74194,70,21,21,8,7,15,1
5.74194,70,21,6,18,11
5.54839,76,21,16,21,21,20,13
5.87097,66,21,14,10,11
3.87097,66,21,16,15
5.22581,86,21,6,8,20
6,62,21,12,20,8
3.87097,66,21,10,11
3.03226,92,21,10,6
5.67742,72,21,11,18,16
5.41935,80,21,11,7,7,2
5.87097,66,21,1,9,18
7.93548,64,21,3,21,15,18,15,21,1
3.93548,64,21,19,2,21
5.41935,80,21,22,12,16
4.70968,102,21,9,16,13
3.6129,74,21,4,10
5.29032,84,21,5,16,3
5.48387,78,21,18,6,8
5.48387,78,21,6,19,10
5.74194,70,21,2,22,16
5.93548,64,21,11,8,10
5.74194,70,21,3,3,3,2,22
5.54839,76,21,4,1,16
5.48387,78,21,15,11,4
5.48387,78,21,18,20,18,5
7.87097,66,21,6,22,14,12
5.6129,74,21,8,7,21,17
5.41935,80,21,7,20,6
4.96774,94,21,16,19,20
3.03226,92,21,10,6
3.80645,68,21,20,20,16
3.74194,70,21,6,10
5.74194,70,21,11,19,5
7.87097,66,21,21,2,3,12,18
7.80645,68,21,15,21,14,16,11
3.41935,80,21,5,15
5.87097,66,21,13,18,19
5.67742,72,21,4,11,14
5.67742,72,21,11,7,17
7.74194,70,21,2,11,1,14
5.48387,78,21,6,2,14
5.6129,74,21,12,2,3,21
5.16129,88,21,16,21,3,4
4.12903,120,21,17,17,4,5
7.6129,74,21,19,12,2,3
2.83871,98,21,10,2
3.22581,86,21,5,7
6.58065,106,21,14,21,8,6,9
5.6129,74,21,19,11,6
3.93548,64,21,17,13
3.48387,78,21,16,12
7.6129,74,21,7,4,12,2
7.16129,88,21,2,11,8,5
5.41935,80,21,1,7,2
7.41935,80,21,8,19,5,17
3.54839,76,21,5,18
3.6129,74,21,10,15
6.3871,112,21,19,19,11,10,2
5.74194,70,21,4,3,2
3.87097,66,21,10,10,11
7.87097,66,21,15,16,5,1
5.80645,68,21,3,19,4
4.90323,96,21,2,17,20
8,62,21,11,3,12,18
5.74194,70,21,6,18,1
5.41935,80,21,1,7,4
5.29032,84,21,2,8,13
4,62,21,6,1
3.80645,68,21,10,17
5.80645,68,21,19,10,17
5.6129,74,21,8,20,3
5.6129,74,21,2,20,16
2.77419,100,21,5,2
3.54839,76,21,9,7
5.54839,76,21,18,5,8
2.83871,98,21,10,2
5.74194,70,21,18,11,22
5.93548,64,21,12,19,2
6.64516,104,21,15,5,10,4
5.80645,68,21,8,16,15
3.29032,84,21,16,6
4,62,21,16,8
4,62,21,3,17
5.22581,86,21,17,6,2
3.80645,68,21,20,9
7.54839,76,21,15,14,14,11,13
4,62,21,17,2
4.51613,108,21,7,5,20
3.87097,66,21,16,15
5.80645,68,21,17,7,20
7.16129,88,21,13,12,12,15,2
3.35484,82,21,13,10
5.54839,76,21,3,22,4
9.93548,64,21,19,15,7,8,11
7.35484,82,21,22,19,1,20
4.51613,108,21,11,2,16
3.41935,80,21,10,7
2.90323,96,21,9,4
4.64516,104,21,21,13,17,1
3.35484,82,21,13,10
7.93548,64,21,15,22,1,14
7.67742,72,21,17,7,15,11
3.41935,80,21,13,16
5.54839,76,21,19,1,13
3.54839,76,21,4,5
8.12903,120,21,8,3,13,4,5
5.29032,84,21,21,14,20,16
5.16129,88,21,13,17,16
6.64516,104,21,14,10,16,4
3.74194,70,21,9,14
5.6129,74,21,19,2,22
2.64516,104,21,10,13
