3.74194,70,12,9,22
4,62,12,16,19
9.54839,76,12,1,10,9,16,15
5.41935,80,12,14,12,9,17
3.6129,74,12,17,8
7.80645,68,12,3,16,1,8
7.35484,82,12,14,18,2,11
5.03226,92,12,18,9,20
4.83871,98,12,7,11,17
4.51613,108,12,18,13,9
7.35484,82,12,15,21,13,14
5.54839,76,12,1,14,10
5.35484,82,12,20,19,19,2
5.48387,78,12,1,14,5
7.67742,72,12,12,1,11,19,5
7.54839,76,12,7,19,18,16
7.87097,66,12,20,15,21,7
2.64516,104,12,10,13
3.16129,88,12,12,6,5
6.96774,94,12,18,6,4,19
3.29032,84,12,10,1,12
7.29032,84,12,21,20,13,20,18
2.64516,104,12,10,13
7.22581,86,12,15,18,3,12,22
4,62,12,16,12,15
5.54839,76,12,19,10,15
9.67742,72,12,14,18,8,19,8,20
5.93548,64,12,12,18,15,12,18,12,12,8
7.93548,64,12,2,1,11,3
3.87097,66,12,10,11
4,62,12,17,21
7.35484,82,12,2,7,19,9
5.35484,82,12,21,20,9
3.41935,80,12,17,20
7.67742,72,12,15,6,22,18
5.22581,86,12,7,16,15
3.41935,80,12,4,10
3.22581,86,12,6,10
5.35484,82,12,13,8,9
4.96774,94,12,16,5,21
5.67742,72,12,7,14,10
5.09677,90,12,19,16,20
4,62,12,9,12,7
3.48387,78,12,6,11
5.41935,80,12,2,20,10
3.29032,84,12,5,7
3.67742,72,12,20,20,5
5.87097,66,12,12,2,13,11
6.96774,94,12,18,15,4,1
3.54839,76,12,12,6,20
7.41935,80,12,4,7,22,13
3.35484,82,12,4,5
5.22581,86,12,22,6,11
5.22581,86,12,4,8,5
5.48387,78,12,8,5,18
3.54839,76,12,10,10,3
4,62,12,9,19
4,62,12,6,14
7.41935,80,12,14,18,21,5
6.45161,110,12,15,12,4,13,16
9.41936,80,12,19,14,14,3,8,6
5.29032,84,12,8,13,7
4,62,12,6,14
3.41935,80,12,13,5
3.16129,88,12,9,20
5.67742,72,12,14,13,22
6.3871,112,12,3,19,10,13
5.87097,66,12,21,13,15
7.87097,66,12,14,21,7,16
3.54839,76,12,10,22
7.09677,90,12,11,1,22,1,2
3.48387,78,12,9,21
4.96774,94,12,20,17,4
5.93548,64,12,21,17,10
3.48387,78,12,16,21
7.54839,76,12,20,3,11,5
3.35484,82,12,22,1,1,12
3.09677,90,12,16,20
3.74194,70,12,6,2
3.48387,78,12,5,15
3.54839,76,12,6,20
5.93548,64,12,21,12,5,9
7.54839,76,12,12,20,18,15,15,8
2.90323,96,12,5,6
5.41935,80,12,17,22,3
5.29032,84,12,3,6,8
3.6129,74,12,17,8
5.54839,76,12,15,5,1
5.09677,90,12,5,16,21
3.41935,80,12,5,14
7.6129,74,12,8,14,18,11,12
5.54839,76,12,12,10,9,14
5.74194,70,12,3,13,7
5.48387,78,12,9,16,21
3.6129,74,12,10,10,15
7.09677,90,12,12,14,12,4,7,4,18
7.54839,76,12,20,13,6,21
7.74194,70,12,22,14,3,1
3.41935,80,12,17,3
5.93548,64,12,18,22,5
5.54839,76,12,14,16,7
5.54839,76,12,13,15,3
5.16129,88,12,1,18,7,1
5.41935,80,12,14,4,1
5.29032,84,12,10,10,5,7
5.48387,78,12,4,15,20
3.6129,74,12,10,15
7.67742,72,12,11,1,7,19
7.16129,88,12,13,2,20,16
5.41935,80,12,3,3,16,16,3,6
4,62,12,16,12,16,19
2.83871,98,12,5,2
3.80645,68,12,16,15
4.90323,96,12,22,20,6
9.48387,78,12,11,19,8,21,20
5.22581,86,12,13,22,13,19
5.87097,66,12,3,20,3,3,22
3.6129,74,12,16,7
5.54839,76,12,15,4,22
3.80645,68,12,11,11,20,12
5.09677,90,12,1,2,19
3.87097,66,12,1,6
5.80645,68,12,8,9,19
5.16129,88,12,7,9,15
5.03226,92,12,8,9,6
5.93548,64,12,4,22,19
4.83871,98,12,20,11,20,9
5.16129,88,12,6,22,10
4.96774,94,12,19,19,20,17
3.16129,88,12,9,2
3.48387,78,12,6,1
2.64516,104,12,21,21,21,12,5,21
5.03226,92,12,19,6,11
2.83871,98,12,12,10,2
6,62,12,15,15,3,19
3.93548,64,12,9,18
3.6129,74,12,17,8
5.93548,64,12,3,17,22
3.87097,66,12,12,20,9
5.48387,78,12,21,11,13
7.74194,70,12,22,17,22,15,11
3.80645,68,12,5,12,12,1
3.80645,68,12,16,22
7.22581,86,12,11,18,19,4
3.93548,64,12,6,18
6.51613,108,12,19,15,9,20
3.35484,82,12,4,4,5
5.74194,70,12,8,7,11
5.67742,72,12,20,15,1
4.64516,104,12,22,22,16,2
5.67742,72,12,14,5,11
5.48387,78,12,13,18,18,16
5.93548,64,12,21,12,5,9
3.48387,78,12,5,15
4.77419,100,12,8,6,9
9.74194,70,12,3,11,19,1,14
4.45161,110,12,8,4,10
5.35484,82,12,13,12,16,8
3.93548,64,12,9,8
3.87097,66,12,17,6
5.93548,64,12,11,22,17
5.93548,64,12,7,13,2
5.87097,66,12,8,18,12,19
5.22581,86,12,22,11,15
3.74194,70,12,6,8
6.70968,102,12,14,8,9,4
7.48387,78,12,14,22,22,2,3
5.09677,90,12,18,20,17
6,62,12,21,11,18
4.96774,94,12,2,1,17
5.22581,86,12,13,18,20
5.54839,76,12,20,6,13
5.54839,76,12,2,18,6
5.6129,74,12,18,20,18,9
5.74194,70,12,18,17,9
6.83871,98,12,12,18,16,9,4
5.74194,70,12,15,18,12,7
7.74194,70,12,19,9,11,3
7.93548,64,12,3,2,22,15
2.96774,94,12,9,13
5.54839,76,12,16,5,17
3.74194,70,12,6,2
3.35484,82,12,4,5
4.96774,94,12,7,3,17
3.87097,66,12,2,16
5.87097,66,12,20,19,21
4.77419,100,12,15,16,20
6.96774,94,12,7,22,16,21
5.29032,84,12,2,13,12,17
3.80645,68,12,1,13
5.09677,90,12,22,12,4,1
2.64516,104,12,10,13
3.54839,76,12,17,2
5.35484,82,12,20,22,5
5.93548,64,12,2,2,11,14
5.16129,88,12,7,16,3
7.41935,80,12,11,1,11,15,4
7.93548,64,12,3,14,11,5
7.54839,76,12,11,15,19,21
3.80645,68,12,5,11
5.09677,90,12,1,22,10
3.48387,78,12,16,21
6.90323,96,12,11,9,5,6
3.93548,64,12,12,9,8
5.93548,64,12,3,16,8
5.16129,88,12,22,20,18
7.6129,74,12,1,8,22,19
4.90323,96,12,19,12,6,1
5.03226,92,12,22,20,1
6.96774,94,12,14,8,4,11
7.54839,76,12,18,3,14,6
7.16129,88,12,7,18,16,22
7.93548,64,12,12,20,15,19,19,14
5.6129,74,12,21,6,20
3.41935,80,12,5,14
3.54839,76,12,6,7,12
5.29032,84,12,1,15,13
7.41935,80,12,7,22,4,14
5.29032,84,12,21,10,18
5.41935,80,12,8,16,5,8
3.48387,78,12,17,13
9.54839,76,12,3,11,14,11,19,14,22
5.48387,78,12,15,10,11
5.54839,76,12,18,2,15
5.41935,80,12,3,22,3,6
4.51613,108,12,19,4,9
5.35484,82,12,4,15,13
5.22581,86,12,3,20,9
3.87097,66,12,17,17,14
4.77419,100,12,18,5,2
3.41935,80,12,9,16,12
7.09677,90,12,21,14,4,1
4,62,12,6,14
7.87097,66,12,1,8,16,5
5.29032,84,12,3,6,8
5.87097,66,12,11,21,6
5.67742,72,12,7,6,19
3.93548,64,12,6,17
9.48387,78,12,12,19,14,22,17,18
6.3871,112,12,12,13,7,13,13,4,5
5.87097,66,12,11,4,4,13
3.80645,68,12,12,16,17
7.74194,70,12,2,20,3,18
7.35484,82,12,18,19,3,17
5.54839,76,12,11,4,2
3.93548,64,12,6,6,17
7.41935,80,12,3,8,3,4,19
5.48387,78,12,2,11,7
5.29032,84,12,3,6,2
7.87097,66,12,3,14,18,13
5.03226,92,12,20,13,9
5.09677,90,12,3,3,17,2
7.6129,74,12,15,7,13,21
3.22581,86,12,6,10
2.64516,104,12,5,4
5.93548,64,12,21,20,11
7.41935,80,12,12,19,18,7,5
3.87097,66,12,1,6
5.74194,70,12,3,9,14
5.03226,92,12,8,9,6
5.41935,80,12,2,18,4
3.93548,64,12,16,12,7
7.29032,84,12,3,12,14,12,17,18
3.35484,82,12,5,12,17
7.54839,76,12,22,15,20,21
3.93548,64,12,6,18
7.67742,72,12,8,11,15,15,17
7.48387,78,12,21,22,2,7
7.16129,88,12,14,10,5,7
9.67742,72,12,11,9,5,10,17
5.22581,86,12,15,20,1
3.54839,76,12,10,14
3.29032,84,12,10,21
5.80645,68,12,21,9,1
7.74194,70,12,8,1,21,2
5.80645,68,12,22,21,18,22
5.6129,74,12,14,2,17
4.96774,94,12,7,14,14,12,5
3.93548,64,12,9,8
5.22581,86,12,7,3,10
3.80645,68,12,9,14
4.64516,104,12,21,9,20
5.93548,64,12,7,13,2
5.67742,72,12,4,6,8
7.41935,80,12,1,11,20,13
5.48387,78,12,13,17,13,20
5.6129,74,12,22,17,4
5.6129,74,12,7,4,14
5.48387,78,12,1,18,4
5.29032,84,12,12,18,13,3
4.3871,112,12,7,16,4
9.35484,82,12,1,8,15,7,4
5.48387,78,12,14,20,6
5.09677,90,12,13,3,6
3.93548,64,12,17,10
4.70968,102,12,19,5,20
4.70968,102,12,22,2,16
5.48387,78,12,12,2,18,5
5.16129,88,12,17,15,5
3.80645,68,12,16,22
3.41935,80,12,13,10
5.6129,74,12,14,2,4,12
7.48387,78,12,18,8,15,2
9.74194,70,12,1,3,8,8,18,7
7.29032,84,12,14,8,22,14,2
5.29032,84,12,21,9,14
5.6129,74,12,15,16,18
5.87097,66,12,1,21,4
7.67742,72,12,13,12,1,14,15
3.6129,74,12,5,18
3.16129,88,12,9,2
3.67742,72,12,2,10
4,62,12,22,5
4.96774,94,12,3,16,4
7.35484,82,12,14,19,21,6,14
5.35484,82,12,6,15,3
5.54839,76,12,8,20,20,3
4.96774,94,12,12,22,10,3
3.41935,80,12,13,10
3.74194,70,12,10,18
5.54839,76,12,17,22,2
4.83871,98,12,18,2,16
5.29032,84,12,13,2,14,13
3.54839,76,12,6,3
5.35484,82,12,15,3,5
4,62,12,7,10
3.67742,72,12,2,10
7.22581,86,12,14,1,15,15,20
7.35484,82,12,18,16,9,16,1,18
7.29032,84,12,11,1,20,4
3.87097,66,12,12,2,9
5.67742,72,12,16,5,11
3.35484,82,12,17,1
5.22581,86,12,11,4,22
5.54839,76,12,5,16,18
5.03226,92,12,16,12,19,4
4.90323,96,12,8,17,20
3.87097,66,12,17,19
3.87097,66,12,2,9
7.48387,78,12,19,7,19,18,4
5.54839,76,12,21,6,1
7.48387,78,12,14,18,17,18,13
6.64516,104,12,11,5,5,10,4
3.87097,66,12,12,17,16
8,62,12,7,15,15,18,7,14
5.93548,64,12,18,4,2
3.41935,80,12,10,7
3.87097,66,12,1,4
2.64516,104,12,10,13
3.74194,70,12,6,8
5.6129,74,12,6,21,20
5.54839,76,12,5,16,18
5.35484,82,12,2,17,5
7.48387,78,12,12,18,18,8,15,11
4,62,12,17,17,18
7.54839,76,12,8,14,12,18,11
5.74194,70,12,20,18,11
3.93548,64,12,9,18
5.54839,76,12,13,3,15
3.87097,66,12,12,17,14
3.74194,70,12,6,2
7.6129,74,12,9,10,16,18
7.48387,78,12,14,18,20,15
7.16129,88,12,7,21,8,17
3.67742,72,12,5,17
5.22581,86,12,22,13,14
3.74194,70,12,9,22
3.80645,68,12,10,17
5.87097,66,12,18,11,15
3.74194,70,12,10,18
4.70968,102,12,12,10,1,4
7.54839,76,12,1,8,8,19,19,4
5.6129,74,12,18,12,20,17
5.54839,76,12,12,22,19,20
9.09677,90,12,3,8,14,15,8,4
3.35484,82,12,17,11
4.51613,108,12,12,7,20,5
4,62,12,13,1
5.67742,72,12,20,3,9
3.6129,74,12,6,13,12
2.58065,106,12,5,13
5.80645,68,12,19,16,16,17
3.6129,74,12,16,7
4.3871,112,12,21,10,2
7.48387,78,12,2,15,7,11
5.93548,64,12,5,9,1
4.96774,94,12,15,1,17
5.16129,88,12,7,20,1
3.87097,66,12,1,6
5.54839,76,12,16,10,18
5.48387,78,12,3,17,10
5.67742,72,12,8,22,20
5.41935,80,12,3,17,6
5.09677,90,12,15,12,17,9
4.96774,94,12,19,18,4,19
2.77419,100,12,5,20
3.35484,82,12,17,1
4.77419,100,12,18,10,20
6,62,12,1,16,11
3.67742,72,12,20,10
3.93548,64,12,7,5
4.70968,102,12,8,10,20
7.54839,76,12,19,18,3,7
5.93548,64,12,8,12,4,20
3.54839,76,12,10,14
5.22581,86,12,14,6,9
5.16129,88,12,22,10,18
5.41935,80,12,8,11,7,8
7.93548,64,12,4,2,20,21
4,62,12,9,19
6,62,12,15,3,19
3.87097,66,12,10,12,7
8,62,12,12,3,22,7,19
3.09677,90,12,16,2
3.74194,70,12,10,8
7.41936,80,12,3,21,2,6
5.67742,72,12,21,9,11
5.80645,68,12,21,6,2
5.22581,86,12,8,4,19
3.22581,86,12,16,6
7.6129,74,12,3,21,18,6
3.87097,66,12,2,15,12
5.35484,82,12,1,18,13
3.80645,68,12,16,15
6.70968,102,12,14,19,10,20
6.96774,94,12,15,19,10,14
5.22581,86,12,11,14,12,9
5.29032,84,12,8,4,18
7.22581,86,12,11,19,9,18
4.90323,96,12,14,1,12,1,1,4
4,62,12,16,19
7.35484,82,12,19,1,18,9
3.87097,66,12,8,20,12
3.16129,88,12,9,2
5.41935,80,12,2,11,2,19
5.41935,80,12,4,22,1
2.58065,106,12,5,13
7.09677,90,12,11,1,2,19
6,62,12,7,9,16
5.09677,90,12,22,3,10
6,62,12,21,8,20
5.93548,64,12,4,12,1,10
9.54839,76,12,8,19,15,18,5
3.09677,90,12,16,2
3.67742,72,12,5,19
3.67742,72,12,5,17
5.41935,80,12,21,16,15
5.35484,82,12,4,15,13
6.96774,94,12,13,11,1,2
7.54839,76,12,22,7,8,16
2.96774,94,12,12,9,4
5.87097,66,12,12,18,17,10
3.67742,72,12,20,5
7.93548,64,12,19,3,1,14
5.48387,78,12,4,22,20
5.80645,68,12,9,10,17
5.22581,86,12,20,8,13
3.54839,76,12,10,3
3.80645,68,12,9,14
3.93548,64,12,5,1
3.41935,80,12,10,7
7.48387,78,12,18,14,2,19
6,62,12,19,3,9
3.93548,64,12,16,8
5.22581,86,12,8,2,17
7.80645,68,12,21,6,22,14
5.35484,82,12,7,4,19
5.35484,82,12,21,10,21,1
5.87097,66,12,3,9,18
3.48387,78,12,5,15
3.93548,64,12,16,12,1
7.87097,66,12,19,15,22,9
7.22581,86,12,21,7,17,11
7.87097,66,12,15,19,11,19,1
4.70968,102,12,10,1,6
9.03226,92,12,9,5,10,16,21
5.80645,68,12,21,3,10
5.35484,82,12,12,18,10,7
3.93548,64,12,11,12,5
3.48387,78,12,6,11
3.87097,66,12,9,15
5.41935,80,12,7,6,20
6,62,12,22,15,13
7.35484,82,12,7,19,11,5
2.83871,98,12,12,5,2
8.70968,102,12,19,8,15,21,5
5.93548,64,12,22,21,17
5.67742,72,12,4,8,21
5.35484,82,12,11,22,3
7.22581,86,12,19,8,20,7
5.35484,82,12,8,20,18
5.6129,74,12,3,4,8
6.96774,94,12,12,2,19,19,18,13
4.64516,104,12,16,5,5,20
4.64516,104,12,10,5,4
4.77419,100,12,13,11,17
9.03226,92,12,21,11,21,22,15,5
3.80645,68,12,6,19
5.48387,78,12,13,22,20
8.70968,102,12,20,12,11,9,16,6
3.80645,68,12,9,3
4.77419,100,12,22,1,4
5.67742,72,12,14,13,22
5.67742,72,12,4,6,8
5.6129,74,12,15,16,18
6,62,12,22,17,18
6.77419,100,12,21,20,21,11,6
8.96774,94,12,3,8,7,19,13
5.74194,70,12,22,6,14
4,62,12,9,19
5.80645,68,12,1,14,4
5.67742,72,12,14,1,4
3.87097,66,12,15,20,12
5.22581,86,12,18,16,6
7.74194,70,12,14,21,14,1,22
3.67742,72,12,12,2,10
5.41935,80,12,8,2,11
6.3871,112,12,21,19,16,13
3.80645,68,12,1,17
3.87097,66,12,17,5
3.67742,72,12,20,10
7.16129,88,12,1,14,22,3
5.16129,88,12,16,11,15
5.87097,66,12,17,15,14
3.74194,70,12,10,8
9.35484,82,12,21,15,19,3,13
3.48387,78,12,16,21
5.29032,84,12,11,20,18
7.16129,88,12,3,19,2,11
3.35484,82,12,4,4,5
5.29032,84,12,8,5,14
3.93548,64,12,17,10
7.67742,72,12,21,8,2,13
4,62,12,16,19
7.09677,90,12,22,21,19,20
4.58065,106,12,18,5,4
4.70968,102,12,13,7,13,9
4,62,12,7,10
3.09677,90,12,16,2
3.6129,74,12,5,8
5.67742,72,12,16,10,10,11
5.54839,76,12,8,20,3
3.6129,74,12,8,4,12
3.09677,90,12,5,12,5,21
6.96774,94,12,3,9,1,9,9,21
6,62,12,4,21,17
5.48387,78,12,7,9,9,11
7.29032,84,12,7,21,21,2,19
5.93548,64,12,7,11,3
7.29032,84,12,8,5,10,22
5.74194,70,12,1,11,6
3.41935,80,12,4,10
7.93548,64,12,22,18,18,21,15
5.93548,64,12,11,8,6
5.09677,90,12,2,17,4
7.54839,76,12,19,7,14,6
5.54839,76,12,19,4,4,7
4,62,12,16,19
6,62,12,11,12,11,9,19
7.74194,70,12,11,8,19,6
5.80645,68,12,11,9,17
5.48387,78,12,18,6,2
5.54839,76,12,1,18,5
7.74194,70,12,10,9,16,19
5.6129,74,12,8,7,16
3.93548,64,12,6,18
5.35484,82,12,15,4,18
3.93548,64,12,11,17
3.03226,92,12,10,6
7.41935,80,12,14,14,3,15,1
5.87097,66,12,3,1,4
7.41935,80,12,15,14,19,13
5.74194,70,12,19,17,18
7.41935,80,12,18,15,2,15,1
5.80645,68,12,19,16,15
8,62,12,14,11,3,2
5.16129,88,12,9,1,20
9.09677,90,12,12,22,18,8,3,13
3.48387,78,12,1,7,12
6.3871,112,12,18,10,16,13
7.87097,66,12,22,18,18,15,8
5.74194,70,12,6,22,22,14
5.29032,84,12,12,22,7,1,12
6,62,12,19,15,13
5.22581,86,12,13,8,13,22
5.87097,66,12,21,17,16
2.64516,104,12,10,13
4.58065,106,12,22,20,9
6,62,12,11,21,2
4.77419,100,12,11,10,20
7.54839,76,12,21,18,3,15
4.96774,94,12,11,20,17
3.93548,64,12,4,1
6.96774,94,12,2,12,21,17,13
5.93548,64,12,4,13,18
3.93548,64,12,9,8
7.87097,66,12,8,1,8,1,16,11
7.03226,92,12,14,12,13,22,1
5.6129,74,12,2,8,8,10
3.41935,80,12,9,16,12
3.41935,80,12,4,10
5.29032,84,12,19,22,17,12
5.09677,90,12,7,9,3
5.74194,70,12,22,8,15
5.29032,84,12,20,6,20,15
4.32258,114,12,18,13,10
7.93548,64,12,8,3,14,4
4.64516,104,12,9,10,13
7.09677,90,12,22,14,21,9
5.41935,80,12,11,15,13
5.54839,76,12,19,22,2,12
5.6129,74,12,20,12,7,16
4.83871,98,12,20,13,10
5.6129,74,12,13,22,4
3.54839,76,12,6,20
5.93548,64,12,14,16,19
7.54839,76,12,14,22,17,4
7.35484,82,12,14,7,7,6,3
9.22581,86,12,22,15,7,15,17,4
5.87097,66,12,4,19,18
3.80645,68,12,10,19
5.22581,86,12,21,16,7
5.74194,70,12,8,16,22
6.77419,100,12,12,16,9,5,6
5.35484,82,12,12,8,17,6
5.6129,74,12,18,20,20,3
4.83871,98,12,20,4,10
5.22581,86,12,15,5,8
3.93548,64,12,7,5
5.29032,84,12,8,13,7
5.22581,86,12,20,17,6
6.83871,98,12,2,4,13,16
5.48387,78,12,18,2,8
7.09677,90,12,11,15,14,9
5.48387,78,12,7,11,10
6.96774,94,12,18,13,4,4,17
6.83871,98,12,1,9,5,2
3.80645,68,12,9,3
4.96774,94,12,4,3,17
5.35484,82,12,15,18,12,3,15
7.74194,70,12,2,7,19,15
6,62,12,14,12,22,19,14
5.74194,70,12,8,15,13
2.77419,100,12,5,20
3.80645,68,12,6,19
5.41935,80,12,22,20,4
4.83871,98,12,20,4,10
2.96774,94,12,16,4
3.67742,72,12,20,10
5.41935,80,12,9,12,11,18
3.48387,78,12,5,15
5.54839,76,12,20,8,10
5.80645,68,12,18,14,10,14,12
5.09677,90,12,15,6,9
5.03226,92,12,1,16,20
7.80645,68,12,15,12,7,22,6
5.41935,80,12,22,4,15
5.41935,80,12,18,20,8
5.41935,80,12,4,18,4,14
3.93548,64,12,9,8
10,62,12,15,7,21,8,19
7.09677,90,12,7,16,9,17
4,62,12,17,18
8.32258,114,12,14,5,16,9,4
5.93548,64,12,21,19,19,4
3.93548,64,12,11,17
6.77419,100,12,19,8,10,10,5,12
5.48387,78,12,9,12,2,14
3.87097,66,12,20,9
5.48387,78,12,21,17,13
7.87097,66,12,19,12,13,4,7
3.54839,76,12,6,12,16
5.67742,72,12,4,20,3
3.80645,68,12,10,19
5.54839,76,12,14,5,19
3.93548,64,12,16,18
3.87097,66,12,17,19
5.48387,78,12,15,21,5
3.67742,72,12,20,10
5.09677,90,12,7,7,9,14
5.29032,84,12,11,12,11,4,20
5.80645,68,12,8,4,2
2.64516,104,12,12,10,13
6,62,12,4,18,15
5.6129,74,12,22,11,19
4.58065,106,12,10,5,5,13
5.41935,80,12,7,7,2,11
3.6129,74,12,10,15
5.35484,82,12,1,18,13
7.6129,74,12,11,11,18,14,4
5.74194,70,12,8,17,7
5.74194,70,12,11,10,19
5.16129,88,12,4,6,10
5.48387,78,12,13,6,20
7.54839,76,12,7,1,11,9
5.29032,84,12,11,21,21,16
5.29032,84,12,22,6,3
3.93548,64,12,9,18
5.93548,64,12,6,15,18
5.93548,64,12,4,4,4,7,19
5.93548,64,12,20,12,4,22
3.03226,92,12,10,6
3.93548,64,12,6,17
5.87097,66,12,15,8,16
3.93548,64,12,9,9,8
5.29032,84,12,15,13,22
3.35484,82,12,4,5
4.96774,94,12,9,16,4
5.67742,72,12,15,1,18
7.93548,64,12,7,15,14,2
5.87097,66,12,13,15,17
5.54839,76,12,8,4,20
5.22581,86,12,9,16,6
5.22581,86,12,4,17,5
4.58065,106,12,15,9,13
5.22581,86,12,7,15,12,6
3.80645,68,12,16,22
7.29032,84,12,18,15,17,17,11
5.29032,84,12,6,22,3
3.80645,68,12,16,17
7.93548,64,12,2,13,4,3
5.35484,82,12,22,17,11
5.35484,82,12,18,12,10,11
5.41935,80,12,18,7,1,18
5.93548,64,12,1,14,12,3
5.80645,68,12,21,15,12,4
4,62,12,6,14
3.93548,64,12,4,1
3.16129,88,12,6,5
7.54839,76,12,20,18,15,6
3.48387,78,12,9,21
3.80645,68,12,10,19
3.16129,88,12,6,5
5.41935,80,12,21,17,3
5.48387,78,12,8,6,14
5.6129,74,12,7,19,2
3.29032,84,12,6,9
3.35484,82,12,4,5
3.80645,68,12,1,17
5.6129,74,12,20,7,7,1
9.09677,90,12,14,12,2,15,22,20
3.93548,64,12,11,17
3.80645,68,12,10,17
5.87097,66,12,15,17,6
4.83871,98,12,7,1,13
5.09677,90,12,2,6,20
3.48387,78,12,16,21
5.29032,84,12,4,4,19,5
4,62,12,16,19
5.48387,78,12,14,5,18
9.67742,72,12,15,21,15,7,18,15,17
5.87097,66,12,4,13,11
3.74194,70,12,10,8
7.35484,82,12,8,8,3,20,18
4.32258,114,12,7,13,5
5.74194,70,12,2,1,5
5.93548,64,12,19,19,1,7
3.03226,92,12,10,6
7.16129,88,12,2,15,17,19
3.67742,72,12,20,5
7.29032,84,12,14,15,1,22
5.80645,68,12,6,6,21,7
5.67742,72,12,18,4,18,16
3.29032,84,12,5,7
3.93548,64,12,16,8
2.96774,94,12,16,4
3.48387,78,12,17,13
5.41935,80,12,14,13,13,11
5.6129,74,12,1,18,6
5.87097,66,12,4,3,19
3.74194,70,12,2,5
7.6129,74,12,21,22,14,16
5.48387,78,12,12,13,20,6
5.29032,84,12,4,13,9
5.74194,70,12,18,6,14
3.87097,66,12,2,9
5.87097,66,12,15,11,14
5.87097,66,12,19,22,19,2
5.74194,70,12,18,10,19
3.48387,78,12,5,3
9.16129,88,12,8,3,11,18,2
5.87097,66,12,1,9,15
2.58065,106,12,12,5,13
3.03226,92,12,10,6
7.41935,80,12,18,19,9,3
5.87097,66,12,15,4,2
5.80645,68,12,1,15,17
3.6129,74,12,16,7
5.22581,86,12,7,3,5
5.35484,82,12,21,12,10,17
6.58065,106,12,14,3,16,20
7.09677,90,12,22,15,3,5
5.22581,86,12,7,3,10
3.48387,78,12,17,13
5.35484,82,12,19,14,2,19
7.22581,86,12,12,2,1,11,20
5.22581,86,12,2,12,12,10,10,8
3.6129,74,12,12,17,4
6,62,12,21,2,11
7.03226,92,12,17,15,7,16
8,62,12,14,19,8,4
7.87097,66,12,21,18,12,14,14,19
5.93548,64,12,14,16,19
7.35484,82,12,11,3,7,4
7.74194,70,12,20,14,11,14,15
5.67742,72,12,20,4,18
2.96774,94,12,9,13
7.41935,80,12,3,11,5,14
5.67742,72,12,19,9,3
3.93548,64,12,9,18
7.22581,86,12,12,15,12,14,12,19,4
5.22581,86,12,4,17,5
7.54839,76,12,11,20,2,21
4.70968,102,12,10,9,13
7.54839,76,12,11,3,3,22,14
3.41935,80,12,5,14
5.74194,70,12,8,12,19,4
5.09677,90,12,3,16,20
3.41935,80,12,5,14
4,62,12,22,5
6,62,12,21,7,9
5.93548,64,12,18,6,15
3.80645,68,12,16,22
5.54839,76,12,8,9,22
4.51613,108,12,1,2,16
5.80645,68,12,18,17,14
3.93548,64,12,16,8
7.29032,84,12,19,12,18,1,15
3.41935,80,12,13,5
7.87097,66,12,19,14,3,12,12,2
7.6129,74,12,19,8,19,22,1
7.80645,68,12,20,20,7,15,8
5.67742,72,12,7,3,21
5.29032,84,12,1,15,13
5.80645,68,12,10,12,19,19,8
4.83871,98,12,12,3,4,10
7.16129,88,12,2,20,12,18,4
3.93548,64,12,6,17
5.16129,88,12,17,15,5
3.41935,80,12,13,10
4,62,12,16,19
7.54839,76,12,19,19,11,3,13
6,62,12,19,15,10
3.87097,66,12,1,6
5.74194,70,12,20,12,15,10
5.29032,84,12,15,13,22
3.29032,84,12,10,21
3.54839,76,12,6,20
3.54839,76,12,6,3
6.83871,98,12,21,20,3,6
4.25806,116,12,22,13,16
3.67742,72,12,20,10
3.87097,66,12,17,6
3.87097,66,12,1,4
4.64516,104,12,7,16,6
6,62,12,22,15,10
4.90323,96,12,15,5,7
5.22581,86,12,3,10,21
3.22581,86,12,9,6
5.48387,78,12,19,11,17
3.03226,92,12,20,6,12
5.35484,82,12,8,10,8,17
9.29032,84,12,18,14,21,19,13
7.35484,82,12,15,21,20,11
5.74194,70,12,4,7,4,20
3.93548,64,12,6,17
7.03226,92,12,19,15,4,8
9.22581,86,12,7,22,14,11,14,6
5.74194,70,12,14,9,15
3.29032,84,12,6,9
5.93548,64,12,12,20,4,7
3.54839,76,12,4,16
5.16129,88,12,6,15,6,19
8,62,12,1,16,9,11
4,62,12,19,12,5
5.03226,92,12,13,3,17
3.41935,80,12,10,7
7.29032,84,12,14,19,10,7
6.90323,96,12,18,22,22,13,8
4.45161,110,12,16,5,13
7.41935,80,12,11,3,18,5
3.80645,68,12,9,14
5.29032,84,12,21,21,1,17
3.6129,74,12,10,15
5.35484,82,12,13,4,10
7.48387,78,12,1,11,11,14,14,14,10
7.35484,82,12,8,22,14,2
4.51613,108,12,7,12,6,9
5.09677,90,12,21,21,10,14
5.35484,82,12,20,4,1
3.54839,76,12,17,15,12
5.16129,88,12,4,14,4,11
3.80645,68,12,9,17
3.80645,68,12,10,19
5.67742,72,12,19,7,9
7.54839,76,12,15,14,3,7
3.87097,66,12,22,3,12
6,62,12,18,11,10
3.6129,74,12,17,12,6
3.35484,82,12,4,5
5.35484,82,12,7,2,6
5.93548,64,12,3,2,8
4.58065,106,12,6,4,16
7.87097,66,12,19,12,3,15,14
7.48387,78,12,21,15,2,22
3.74194,70,12,16,16,14
3.93548,64,12,17,10
7.29032,84,12,18,21,17,6
6.70968,102,12,22,18,1,4
3.54839,76,12,7,6,12
7.67742,72,12,11,5,10,19
3.87097,66,12,20,9
3.16129,88,12,9,2
6.70968,102,12,19,8,5,21
4,62,12,7,10
3.6129,74,12,12,19,13,12
2.83871,98,12,10,20
3.93548,64,12,16,18
3.87097,66,12,20,9
7.74194,70,12,2,13,4,17
5.87097,66,12,22,8,21
3.67742,72,12,5,19
7.29032,84,12,22,18,3,18,9
3.93548,64,12,16,18
5.87097,66,12,22,17,19
4.96774,94,12,18,6,10
7.22581,86,12,3,12,10,9,17
5.35484,82,12,13,18,10
5.67742,72,12,6,21,19
3.22581,86,12,9,6
2.83871,98,12,10,2
5.67742,72,12,6,12,20,13
4.77419,100,12,9,16,13
4,62,12,15,12,16
3.87097,66,12,2,16
3.35484,82,12,17,11
5.22581,86,12,15,1,1,20
3.09677,90,12,5,21
3.41935,80,12,10,7
3.67742,72,12,5,17
6.58065,106,12,8,14,16,2
4.96774,94,12,12,20,1,4
5.41935,80,12,4,7,16
7.74194,70,12,2,13,2,7,19
5.35484,82,12,16,12,2,22
2.77419,100,12,16,13
5.54839,76,12,8,22,10
5.09677,90,12,18,16,2
7.09677,90,12,14,7,6,9
5.48387,78,12,12,4,3,3,3,15
5.48387,78,12,1,15,3
5.80645,68,12,16,9,18
7.09677,90,12,4,13,3,13,14
7.29032,84,12,8,21,2,1
7.80645,68,12,15,15,6,15,21,2
7.41935,80,12,20,22,18,11
3.93548,64,12,9,12,22
5.74194,70,12,9,1,14
2.83871,98,12,5,2
6.64516,104,12,11,16,5,20
3.87097,66,12,9,15
5.67742,72,12,11,5,17
3.41935,80,12,4,10
5.93548,64,12,18,7,9
5.41935,80,12,14,7,17,12
5.41935,80,12,21,16,22
3.74194,70,12,6,8
7.74194,70,12,20,2,20,8,18
3.67742,72,12,20,10
4.45161,110,12,6,4,10
8,62,12,21,12,11,16,5
3.35484,82,12,17,1
7.6129,74,12,19,14,22,1
2.96774,94,12,16,4
7.93548,64,12,2,20,8,14
3.93548,64,12,9,8
5.35484,82,12,6,15,3
4.19355,118,12,15,5,13
5.67742,72,12,19,10,9,19
5.67742,72,12,22,19,22,3
3.93548,64,12,16,16,18
3.54839,76,12,10,3
4.83871,98,12,14,13,9
4,62,12,17,18
2.77419,100,12,16,16,13
3.03226,92,12,10,6
3.74194,70,12,16,14
3.80645,68,12,10,19
3.93548,64,12,5,1
4.70968,102,12,22,1,1,17
5.6129,74,12,15,6,19
5.41935,80,12,4,6,1
2.77419,100,12,10,4
7.67742,72,12,14,13,13,4,7
3.16129,88,12,9,2
5.80645,68,12,18,16,22
5.35484,82,12,18,1,17
5.35484,82,12,14,5,3
3.74194,70,12,6,2
3.87097,66,12,10,11
