5.35484,82,14,9,5,21
7.29032,84,14,3,1,14,18,20
3.87097,66,14,17,12
7.35484,82,14,4,7,22,16
4.90323,96,14,13,6,16
7.22581,86,14,19,20,21,1
5.87097,66,14,21,16,11
9.67742,72,14,15,18,8,3,13
5.09677,90,14,9,15,10
4.96774,94,14,19,2,5
7.09677,90,14,7,5,9,3
5.48387,78,14,2,15,3
3.80645,68,14,6,1
3.80645,68,14,4,1
3.16129,88,14,5,6
5.35484,82,14,12,10,8
4.90323,96,14,11,5,20
7.87097,66,14,21,14,1,9,8
6,62,14,14,18,1,21,14
5.6129,74,14,5,9,22
5.22581,86,14,11,11,2,17
5.87097,66,14,1,3,10
5.54839,76,14,16,18,1
7.67742,72,14,12,3,7,8
3.29032,84,14,10,6
7.16129,88,14,22,15,11,3,22
5.35484,82,14,12,10,18
3.41935,80,14,5,12
7.67742,72,14,21,12,15,11
5.67742,72,14,20,15,7,14
5.29032,84,14,2,7,9
5.74194,70,14,1,9,12
7.03226,92,14,15,20,13,20,18
8.70968,102,14,18,15,17,5,5,12
5.87097,66,14,17,22,2
3.80645,68,14,10,3
3.41935,80,14,16,2
5.74194,70,14,6,18,12
5.87097,66,14,20,7,21
5.41935,80,14,22,11,2
5.41935,80,14,18,20,17
7.16129,88,14,21,3,21,13,17
3.35484,82,14,20,5
9.41936,80,14,11,14,14,20,14,18,15,18,17
5.74194,70,14,19,9,9,12
4,62,14,1,17
6,62,14,1,9,3
5.87097,66,14,16,14,1,8,14
3.93548,64,14,5,14,17
5.22581,86,14,9,16,4
5.67742,72,14,5,14,12,1
3.22581,86,14,13,9
5.41935,80,14,21,6,5
5.54839,76,14,6,4,19
5.54839,76,14,14,21,6,9
7.6129,74,14,19,3,13,6
7.35484,82,14,19,3,10,3,15
6.64516,104,14,18,18,2,4,2,9
4.51613,108,14,4,15,4,16
4.70968,102,14,10,17,20
3.41935,80,14,5,12
7.41935,80,14,17,14,15,18,2
3.80645,68,14,9,12
8,62,14,21,7,16,5
5.67742,72,14,9,18,21
5.74194,70,14,8,21,5
7.80645,68,14,14,1,11,21,3
5.87097,66,14,22,11,8,14
5.09677,90,14,12,15,6,12
5.67742,72,14,15,4,18
5.67742,72,14,1,9,21
5.48387,78,14,8,6,12
7.35484,82,14,7,15,14,12,16
3.03226,92,14,13,5
7.35484,82,14,21,22,4,8
5.41935,80,14,4,15,3
7.22581,86,14,8,2,21,2,18
5.74194,70,14,6,21,17
3.6129,74,14,2,16
3.74194,70,14,17,20
7.29032,84,14,12,14,8,14,5,19
3.03226,92,14,5,20
7.22581,86,14,18,15,15,18,20,6
5.09677,90,14,12,12,22,14,5
7.74194,70,14,3,14,15,17,5
7.41935,80,14,10,5,9,12
8.32258,114,14,21,8,8,16,10,4
4.64516,104,14,9,17,11
7.03226,92,14,17,18,15,10
5.74194,70,14,9,19,11
6.90323,96,14,9,16,11,17
4.64516,104,14,11,6,16
9.22581,86,14,15,18,19,16,7
7.48387,78,14,11,7,18,3
3.80645,68,14,13,19
4.90323,96,14,17,10,12
5.87097,66,14,20,20,15,15,19
5.6129,74,14,11,12,9
7.6129,74,14,18,1,5,16,1
7.87097,66,14,8,14,21,2,20,14
3.35484,82,14,20,10
5.80645,68,14,13,4,18
7.41935,80,14,21,3,11,11,14,4
3.54839,76,14,20,16
9.09678,90,14,19,19,1,5,9,9,21
3.48387,78,14,6,5
4.32258,114,14,17,9,4
6,62,14,2,22,17
7.54839,76,14,11,1,15,4
7.35484,82,14,12,1,10,8
5.74194,70,14,1,10,3
5.29032,84,14,3,13,8
5.67742,72,14,2,19,19,11
3.29032,84,14,4,10
3.87097,66,14,10,15
5.6129,74,14,3,10,19
7.41935,80,14,14,18,6,15,3
3.67742,72,14,10,7
5.87097,66,14,6,8,3
5.09677,90,14,16,22,1
5.80645,68,14,17,21,8
3.67742,72,14,6,16
3.87097,66,14,6,3
5.87097,66,14,6,21,3
6,62,14,21,19,13
5.54839,76,14,22,11,15
7.09677,90,14,15,12,21,10
5.54839,76,14,9,17,15
3.41935,80,14,16,20
5.93548,64,14,19,9,22
7.03226,92,14,1,11,1,7,5
6,62,14,6,15,17
6.96774,94,14,12,20,3,6
3.87097,66,14,17,12
9.16129,88,14,16,9,5,16,10,22
4,62,14,6,12
5.16129,88,14,1,7,5
7.74194,70,14,22,6,21,8
9.80645,68,14,8,18,8,11,1,22
5.54839,76,14,21,17,1
7.48387,78,14,11,18,22,16
6,62,14,7,1,10
5.48387,78,14,17,21,11
7.54839,76,14,12,18,4,2
5.54839,76,14,2,13,17
5.54839,76,14,10,5,7
7.09677,90,14,8,22,4,22,22,1
7.74194,70,14,9,10,5,15
5.29032,84,14,20,11,21
3.54839,76,14,20,16
5.35484,82,14,2,19,10
3.41935,80,14,9,20
4.96774,94,14,6,2,1
7.54839,76,14,18,15,6,1
6.96774,94,14,11,21,4,17
7.29032,84,14,22,7,10,19
5.93548,64,14,22,6,22,13
3.09677,90,14,10,20
7.16129,88,14,19,15,11,4
5.35484,82,14,21,4,10
3.6129,74,14,10,11,14
9.6129,74,14,18,19,16,19,11,12
5.22581,86,14,4,22,10
3.41935,80,14,16,20
7.16129,88,14,16,10,5,16,12
5.74194,70,14,13,4,19
2.90323,96,14,5,4
5.16129,88,14,7,5,3
3.48387,78,14,15,10,14
5.48387,78,14,20,11,16
6.64516,104,14,11,7,21,5
5.67742,72,14,11,15,1
5.87097,66,14,14,3,2,15
5.87097,66,14,14,9,19,15
3.22581,86,14,4,5
7.22581,86,14,7,10,16,10,17
4.83871,98,14,8,5,4
5.16129,88,14,16,8,6
5.35484,82,14,1,14,1,9,2
5.22581,86,14,5,11,21
5.67742,72,14,15,9,15,10
5.6129,74,14,15,14,10,8
3.29032,84,14,22,22,10,14
7.48387,78,14,18,1,19,20
5.54839,76,14,12,5,1
5.22581,86,14,6,21,9
3.67742,72,14,5,10,14
5.80645,68,14,12,22,13
8,62,14,18,3,3,2,13
8.83871,98,14,19,12,8,1,17
3.41935,80,14,16,16,20
5.29032,84,14,13,6,8
5.03226,92,14,10,17,17,10,15
5.93548,64,14,19,13,13,12
3.41935,80,14,16,20
5.6129,74,14,2,3,20
6.77419,100,14,5,10,16,4
5.09677,90,14,15,9,20
4.3871,112,14,14,1,6,5
7.54839,76,14,19,7,22,14,9
3.80645,68,14,16,21
5.48387,78,14,7,14,11,9,14
3.6129,74,14,11,10,14
5.22581,86,14,1,22,5
5.41935,80,14,22,11,20
5.6129,74,14,19,17,12
4.64516,104,14,20,4,16
7.16129,88,14,19,1,16,6
7.54839,76,14,1,11,19,13
6.12903,120,14,12,19,5,13
5.80645,68,14,19,2,15
7.80645,68,14,1,11,7,15,14
5.87097,66,14,14,6,17,22
5.87097,66,14,1,22,19
4.64516,104,14,1,14,9,13
3.03226,92,14,13,10
9.29032,84,14,14,19,18,9,16,21
7.22581,86,14,13,21,15,3
3.09677,90,14,10,2
3.22581,86,14,4,5
7.74194,70,14,7,21,3,2
5.67742,72,14,18,10,7
5.74194,70,14,4,20,13
5.22581,86,14,9,19,6
5.41935,80,14,10,11,11,18
3.87097,66,14,17,12
5.09677,90,14,11,8,20,11
7.67742,72,14,18,2,2,12,13
6,62,14,22,6,18
5.93548,64,14,4,22,17
3.22581,86,14,4,5
3.54839,76,14,10,21
5.93548,64,14,15,11,10
2.83871,98,14,5,13
5.80645,68,14,18,20,22
5.35484,82,14,22,13,18
2.83871,98,14,5,13
3.93548,64,14,2,15,15,14
7.6129,74,14,7,4,6,13
5.74194,70,14,7,6,20
4.25806,116,14,12,10,13
3.87097,66,14,14,4,4,11
7.35484,82,14,21,6,19,16
7.22581,86,14,18,12,15,14,13
4.90323,96,14,17,10,12
5.6129,74,14,3,20,19
3.54839,76,14,20,16
7.6129,74,14,18,6,21,13
5.54839,76,14,1,22,12
5.67742,72,14,22,11,5
5.48387,78,14,18,20,2,18
7.87097,66,14,21,22,3,1
3.03226,92,14,13,10
5.09677,90,14,10,11,20
4.90323,96,14,6,4,16
7.67742,72,14,19,16,10,22
7.54839,76,14,7,15,10,17
3.22581,86,14,13,9
5.41935,80,14,20,12,9
7.87097,66,14,19,10,5,8
5.87097,66,14,22,20,13
6,62,14,22,9,1
6.58065,106,14,19,11,10,4
7.35484,82,14,2,3,12,7
3.6129,74,14,22,16,14
5.80645,68,14,12,16,12,12,2
5.54839,76,14,15,4,17
5.6129,74,14,16,15,17
3.03226,92,14,13,10
7.41935,80,14,16,14,12,8,15
5.74194,70,14,10,14,19,17
5.09677,90,14,18,10,20
4,62,14,10,18
6,62,14,14,8,5,11
5.80645,68,14,17,22,17,5
5.67742,72,14,15,6,3
5.87097,66,14,22,12,1
4,62,14,16,8,14
5.16129,88,14,3,2,9
3.6129,74,14,2,9
6,62,14,8,22,20
5.03226,92,14,16,8,13
3.54839,76,14,16,6
7.87097,66,14,18,21,8,10
5.6129,74,14,18,17,11
8.96774,94,14,7,15,18,17,1
5.80645,68,14,13,4,4,18
5.35484,82,14,15,1,4
5.54839,76,14,3,22,1
5.48387,78,14,9,15,6
5.74194,70,14,18,1,6
7.22581,86,14,10,1,11,7
6,62,14,8,14,20,15
5.03226,92,14,13,6,1
5.67742,72,14,17,22,11
5.54839,76,14,6,2,21
5.22581,86,14,16,15,1
6,62,14,8,22,3
4,62,14,1,17
3.87097,66,14,5,18
7.48387,78,14,10,16,5,19
7.48387,78,14,7,3,8,2
6,62,14,16,1,9
7.41935,80,14,13,14,18,18,22,11
6,62,14,8,1,17
4,62,14,14,10,18
5.35484,82,14,21,5,19
3.03226,92,14,10,4
4.90323,96,14,2,4,9
5.80645,68,14,18,6,8
7.74194,70,14,3,2,4,21
5.93548,64,14,7,7,7,11,16
5.03226,92,14,17,10,7
5.80645,68,14,15,4,15,16
5.67742,72,14,15,3,10
5.09677,90,14,17,6,2
5.54839,76,14,16,11,11,21
7.67742,72,14,19,5,5,16,17
5.35484,82,14,4,18,16
5.6129,74,14,6,19,22
5.67742,72,14,15,11,2
3.41935,80,14,9,20
5.80645,68,14,17,21,8
7.54839,76,14,8,16,1,21
5.93548,64,14,13,4,15
5.16129,88,14,11,11,15,11,17
5.67742,72,14,14,10,5,22
3.87097,66,14,13,18
7.41935,80,14,8,8,14,3,1,17
3.93548,64,14,16,7
5.41935,80,14,7,7,7,13,8
3.80645,68,14,13,11
5.22581,86,14,1,14,19,1,17
6.77419,100,14,13,4,7,4,11
3.93548,64,14,17,8
7.54839,76,14,12,22,7,16
3.16129,88,14,5,6
5.22581,86,14,12,13,9
5.74194,70,14,14,3,2,19
5.74194,70,14,19,20,7
6,62,14,1,19,17
5.74194,70,14,14,15,9,3
5.54839,76,14,6,22,22,11
3.93548,64,14,5,17
7.03226,92,14,15,16,9,20
5.48387,78,14,2,8,16
3.93548,64,14,5,17
5.6129,74,14,6,22,13
7.09677,90,14,11,18,1,7
3.87097,66,14,10,15
5.29032,84,14,17,7,5
5.87097,66,14,3,7,2
5.80645,68,14,3,12,5
3.48387,78,14,9,6
5.67742,72,14,22,14,9,18
8,62,14,21,18,1,1,19
5.22581,86,14,13,13,7,20
5.09677,90,14,5,1,2
3.67742,72,14,5,22
3.87097,66,14,5,8
7.48387,78,14,21,12,13,19
7.22581,86,14,3,10,5,22
7.41935,80,14,18,21,13,11
6.32258,114,14,3,3,19,2,5
6,62,14,16,14,7,18,14
5.54839,76,14,5,14,22,8
6.90323,96,14,15,21,20,10
4.70968,102,14,16,3,17
4.96774,94,14,15,10,6
5.93548,64,14,15,4,7
6.32258,114,14,19,13,4,13,5
3.6129,74,14,13,1
7.6129,74,14,7,18,8,6
5.67742,72,14,12,22,10
3.03226,92,14,13,5
5.6129,74,14,8,5,22
9.22581,86,14,21,7,15,2,1
6.58065,106,14,21,19,6,10
5.6129,74,14,22,8,4
7.35484,82,14,7,3,1,21
4.70968,102,14,10,16,13
4.70968,102,14,7,13,16
7.29032,84,14,6,15,18,5
3.54839,76,14,10,12
5.09677,90,14,21,14,20,5
4.90323,96,14,17,6,3
5.54839,76,14,22,9,15
3.41935,80,14,16,20
5.41935,80,14,19,16,20
7.48387,78,14,12,18,9,19
5.41935,80,14,15,5,3
5.67742,72,14,5,1,19
5.35484,82,14,6,6,18,6,17
7.29032,84,14,7,21,11,22
5.74194,70,14,7,11,21
7.93548,64,14,8,21,6,15
5.74194,70,14,20,18,7
5.80645,68,14,8,5,18
6,62,14,11,21,6
5.93548,64,14,3,13,12
3.87097,66,14,13,18
3.87097,66,14,5,18
5.16129,88,14,2,20,5
5.87097,66,14,19,4,20
5.67742,72,14,22,9,19
4,62,14,9,22
3.41935,80,14,9,2
4.96774,94,14,9,3,10
6.77419,100,14,11,16,10,2
8,62,14,18,12,22,21
5.67742,72,14,12,19,19,12,10
4,62,14,20,1
5.35484,82,14,20,15,4
3.09677,90,14,10,20
3.41935,80,14,5,12
3.87097,66,14,5,8
5.87097,66,14,19,13,20
5.93548,64,14,6,4,12
5.09677,90,14,8,20,16
5.54839,76,14,21,20,4,14
5.54839,76,14,2,12,6
5.54839,76,14,10,19,21
3.87097,66,14,4,11
5.48387,78,14,6,15,10
5.87097,66,14,8,1,14,13
5.41935,80,14,11,20,18
6.58065,106,14,21,18,5,6
5.6129,74,14,15,4,8
5.54839,76,14,1,2,3
7.80645,68,14,7,2,12,21
5.93548,64,14,6,7,8
7.6129,74,14,21,13,21,12,2,21
7.29032,84,14,19,11,12,16
4.51613,108,14,17,6,5
5.74194,70,14,5,1,9
5.67742,72,14,1,7,12
5.35484,82,14,4,20,18
7.54839,76,14,19,16,10,10,7
5.41935,80,14,4,7,11
7.41935,80,14,14,18,3,15,9
3.80645,68,14,13,19
3.41935,80,14,16,20
7.41936,80,14,21,18,10,8
5.03226,92,14,7,10,7,5
7.6129,74,14,22,21,18,6
5.48387,78,14,1,20,4
7.29032,84,14,11,5,1,12
3.80645,68,14,13,19
5.16129,88,14,14,18,18,20,20,9
5.87097,66,14,19,2,22
5.67742,72,14,7,21,5
5.03226,92,14,6,14,17,2
3.93548,64,14,7,4,14
3.54839,76,14,16,6
4.83871,98,14,13,2,10
5.93548,64,14,22,20,21
7.6129,74,14,15,10,9,8
8.12903,120,14,12,8,19,16,13
5.29032,84,14,16,22,22,4
4.58065,106,14,1,6,16
9.09677,90,14,19,17,19,7,22,11
3.93548,64,14,5,19
3.09677,90,14,13,16
5.35484,82,14,19,4,11
5.6129,74,14,20,19,3
6.58065,106,14,19,1,5,13
5.54839,76,14,22,10,19
3.29032,84,14,16,4
3.22581,86,14,4,5
3.87097,66,14,6,20
3.09677,90,14,16,13
3.35484,82,14,5,21
5.87097,66,14,21,9,11
5.87097,66,14,22,8,9
5.09677,90,14,21,13,5
5.29032,84,14,4,8,16
5.03226,92,14,10,5,20
3.22581,86,14,9,4
5.80645,68,14,12,2,12,16
4.83871,98,14,18,5,13
5.48387,78,14,9,18,1
5.87097,66,14,22,19,20
5.87097,66,14,3,18,4
5.41935,80,14,4,2,17
7.03226,92,14,12,18,18,2,11
5.74194,70,14,3,18,13
9.16129,88,14,19,11,22,7,13
3.03226,92,14,5,20
5.35484,82,14,1,22,22,11
5.67742,72,14,11,9,12
7.03226,92,14,5,9,16,5,7
5.16129,88,14,4,19,17
6.06452,122,14,22,12,13,10
5.74194,70,14,7,7,2,11
4.45161,110,14,12,5,2
5.54839,76,14,3,22,11
4.70968,102,14,7,10,6
6.83871,98,14,21,3,16,12
5.54839,76,14,12,6,18
5.29032,84,14,9,17,21
5.74194,70,14,3,1,6
5.93548,64,14,17,17,5,16
5.80645,68,14,11,2,11,16
7.67742,72,14,15,8,22,19
3.41935,80,14,9,2
5.29032,84,14,7,5,8
5.16129,88,14,21,16,21,10
5.54839,76,14,4,22,8
4.70968,102,14,16,1,16,4
3.29032,84,14,4,10
5.41935,80,14,14,7,13,11
7.03226,92,14,9,10,19,2
9.80645,68,14,21,4,13,13,12,12,12,11
6.96774,94,14,15,19,15,1,6
7.54839,76,14,1,19,12,7
5.80645,68,14,17,21,19
5.87097,66,14,20,2,11
6,62,14,8,8,5,11
6.70968,102,14,3,11,5,2
4.96774,94,14,8,6,5
3.87097,66,14,17,12
3.35484,82,14,14,20,5
7.74194,70,14,20,12,19,18
3.48387,78,14,6,5
5.80645,68,14,15,17,13
3.41935,80,14,9,20
5.74194,70,14,3,1,6
5.54839,76,14,10,19,22
5.80645,68,14,7,4,3
5.16129,88,14,16,9,4
5.09677,90,14,16,1,6
6.64516,104,14,15,5,10,20
3.22581,86,14,4,4,5
9.48387,78,14,19,11,12,21,3
5.54839,76,14,13,20,3
6,62,14,18,7,14,9
5.74194,70,14,7,6,3
6.90323,96,14,3,19,6,12
6.77419,100,14,3,22,17,1
5.35484,82,14,6,17,19
5.74194,70,14,7,6,3
7.67742,72,14,16,5,1,3
3.74194,70,14,17,17,17,20
3.48387,78,14,9,9,6
5.93548,64,14,11,18,9
3.80645,68,14,6,1
5.35484,82,14,14,7,5,17
3.87097,66,14,10,15
5.67742,72,14,11,19,14,11,22
3.41935,80,14,9,2
5.48387,78,14,2,22,16
7.67742,72,14,6,14,19,9,1
8.32258,114,14,15,2,13,4,9
3.74194,70,14,5,3
5.80645,68,14,12,17,12,19
6,62,14,12,20,19
5.09677,90,14,11,11,22,11,6
3.48387,78,14,9,6
3.87097,66,14,17,12
8.90323,96,14,21,3,19,7,9
7.74194,70,14,21,12,20,18
5.80645,68,14,22,10,1
3.41935,80,14,9,20
5.29032,84,14,1,1,20,22
5.29032,84,14,20,8,9
3.22581,86,14,9,4
3.48387,78,14,9,6
4,62,14,10,8
7.29032,84,14,1,18,3,2
3.87097,66,14,5,8
4.90323,96,14,17,6,3
4,62,14,20,1
5.22581,86,14,16,3,20
7.80645,68,14,8,19,5,11
3.80645,68,14,4,1
7.80645,68,14,8,18,10,1
4,62,14,13,15
5.09677,90,14,16,22,11
3.93548,64,14,14,5,17
5.67742,72,14,1,7,2
6.96774,94,14,7,8,21,10
5.87097,66,14,12,21,22,12
5.41935,80,14,1,22,13
5.41935,80,14,9,8,16
6.70968,102,14,21,20,13,9
5.74194,70,14,8,2,11
7.48387,78,14,18,17,5,1
5.09677,90,14,14,10,11,2
5.87097,66,14,17,14,19,14,9
6.32258,114,14,11,19,5,2
7.35484,82,14,19,18,17,13
3.41935,80,14,14,5,12
3.87097,66,14,10,15
5.6129,74,14,7,4,17
4,62,14,9,19,14
7.93548,64,14,19,7,21,11
7.16129,88,14,2,4,6,19
4,62,14,10,18
5.87097,66,14,21,21,9,11
4.3871,112,14,1,6,5
5.54839,76,14,7,16,17
5.03226,92,14,12,13,10
7.09677,90,14,1,1,18,3,22
5.87097,66,14,2,22,19
5.16129,88,14,7,11,17
7.41935,80,14,22,18,19,19,19,22,4
5.22581,86,14,14,16,3,15
5.74194,70,14,12,13,17
3.67742,72,14,5,22
3.67742,72,14,6,16
3.74194,70,14,14,5,15
5.87097,66,14,17,22,22,12
3.22581,86,14,9,13
3.35484,82,14,20,10
7.54839,76,14,7,22,16,3
7.29032,84,14,4,22,15,20
3.80645,68,14,16,21
5.74194,70,14,9,5,3
3.03226,92,14,13,5
3.87097,66,14,1,16,14
3.87097,66,14,5,18
5.03226,92,14,19,20,9
6.83871,98,14,14,15,18,6,10
5.09677,90,14,14,15,7,5,5,15
7.22581,86,14,22,12,2,15
3.80645,68,14,13,19
5.41935,80,14,2,15,9
3.87097,66,14,17,12
3.41935,80,14,16,16,2
5.74194,70,14,8,12,5
3.74194,70,14,16,12
5.74194,70,14,6,21,17
6.77419,100,14,14,18,12,9,21
6,62,14,16,1,9
9.35484,82,14,3,12,3,8,16,22
5.54839,76,14,15,9,7
5.16129,88,14,20,7,16
5.6129,74,14,21,6,16
3.80645,68,14,20,17
5.09677,90,14,1,15,1,13
6,62,14,15,21,9
7.67742,72,14,21,15,17,12
5.22581,86,14,1,16,20
5.35484,82,14,16,8,10
5.35484,82,14,7,11,3,7
3.29032,84,14,4,10
3.16129,88,14,5,5,6
5.74194,70,14,11,8,16,11
5.74194,70,14,16,1,18
5.03226,92,14,14,19,20,16
3.80645,68,14,13,11
3.74194,70,14,5,15
3.6129,74,14,2,9
6,62,14,17,5,9
5.74194,70,14,12,22,9
5.03226,92,14,7,2,5
5.80645,68,14,3,7,3,3,20
4.83871,98,14,2,6,3
7.87097,66,14,14,11,16,19,8
5.29032,84,14,13,6,8
3.80645,68,14,13,19
3.80645,68,14,13,11
3.80645,68,14,6,1
3.54839,76,14,5,7
8,62,14,22,15,8,7
5.80645,68,14,2,13,3
5.87097,66,14,2,21,11
6.96774,94,14,18,19,13,4,19
3.41935,80,14,9,2
4.58065,106,14,22,5,2
7.22581,86,14,15,14,22,16,3
7.87097,66,14,8,15,12,3,8
5.74194,70,14,6,22,12
7.16129,88,14,15,7,16,21
5.6129,74,14,8,4,18
7.41935,80,14,16,14,19,8,6
5.6129,74,14,19,17,2
7.29032,84,14,10,16,5,15
7.29032,84,14,7,12,19,17
7.67742,72,14,21,22,2,7
3.80645,68,14,8,6,6,14
4,62,14,20,1
3.09677,90,14,13,16
3.93548,64,14,5,17
3.87097,66,14,9,7
5.6129,74,14,4,15,8
5.87097,66,14,19,5,8
3.54839,76,14,16,6
4,62,14,6,12
3.22581,86,14,9,4
7.41935,80,14,15,13,15,22,9
5.93548,64,14,1,12,15
3.22581,86,14,9,13
3.93548,64,14,5,19
3.6129,74,14,20,11,14
5.80645,68,14,3,15,2
3.6129,74,14,6,9
4,62,14,10,8
5.80645,68,14,5,16,8
5.09677,90,14,8,9,13
7.22581,86,14,2,20,12,17
3.87097,66,14,5,8
5.67742,72,14,13,13,22,18
5.6129,74,14,2,12,3,2
3.03226,92,14,13,5
7.35484,82,14,3,2,13,15
6.51613,108,14,22,15,15,10,2
3.41935,80,14,9,2
9.09677,90,14,1,21,15,22,9
7.87097,66,14,19,14,20,2,7
7.41935,80,14,7,19,14,8,20
4.90323,96,14,18,10,13
3.22581,86,14,4,5
4,62,14,14,19,9,14
5.54839,76,14,1,4,6
6.96774,94,14,1,16,9,13
5.35484,82,14,20,15,9
5.67742,72,14,17,15,4
5.48387,78,14,2,22,16
5.16129,88,14,5,1,22
7.35484,82,14,3,12,7,16
3.09677,90,14,5,2
3.87097,66,14,17,2
8.12903,120,14,12,3,2,13,5
5.29032,84,14,18,6,10
7.29032,84,14,11,8,15,14,4
5.80645,68,14,5,16,16,18
5.6129,74,14,6,19,21
3.87097,66,14,17,2
3.87097,66,14,17,12
7.80645,68,14,12,4,13,7
5.6129,74,14,2,8,15
3.35484,82,14,4,9
5.87097,66,14,1,11,11,17
5.6129,74,14,19,6,8
3.80645,68,14,4,1
5.09677,90,14,16,15,10
5.93548,64,14,15,11,10
5.6129,74,14,1,15,9
5.29032,84,14,10,14,12,12,17
5.67742,72,14,19,17,8
5.80645,68,14,14,21,17,4
5.67742,72,14,8,2,1
5.67742,72,14,18,1,1,13
7.35484,82,14,15,21,17,8
5.74194,70,14,12,22,1
5.48387,78,14,22,8,13
3.09677,90,14,10,2
3.93548,64,14,4,18,14
5.67742,72,14,1,7,12
3.41935,80,14,12,9,14
10,62,14,7,15,11,3,8
7.09677,90,14,21,4,17,9
4.77419,100,14,2,1,4
3.6129,74,14,6,9
3.67742,72,14,17,11
5.67742,72,14,2,15,8
5.03226,92,14,13,7,16
5.54839,76,14,2,1,16
5.48387,78,14,17,16,19
3.41935,80,14,16,20
5.87097,66,14,20,18,15
5.48387,78,14,2,22,16
4.83871,98,14,14,13,2,10
3.41935,80,14,16,2
5.87097,66,14,20,3,1
3.87097,66,14,14,20,6
3.80645,68,14,20,19,14
3.80645,68,14,16,21
3.80645,68,14,16,21
5.93548,64,14,12,21,16
3.80645,68,14,20,17
5.29032,84,14,3,13,11
3.09677,90,14,5,2
5.35484,82,14,9,19,17
5.22581,86,14,16,15,1
5.03226,92,14,6,17,2
6.96774,94,14,9,9,10,1,6
5.87097,66,14,14,6,14,8,20
3.87097,66,14,5,8
5.35484,82,14,1,4,4,4,12
5.93548,64,14,15,21,10
5.48387,78,14,2,3,22
5.93548,64,14,16,18,19
5.6129,74,14,11,4,11,9
7.74194,70,14,7,11,8,21
5.16129,88,14,7,16,12
2.83871,98,14,5,13
5.87097,66,14,6,18,22
5.67742,72,14,5,9,17
5.03226,92,14,12,17,3
7.80645,68,14,14,7,19,12,13
4,62,14,14,6,12
9.54839,76,14,15,16,15,19,8,19,22
5.67742,72,14,2,19,1
3.35484,82,14,20,5
5.03226,92,14,1,6,19
5.87097,66,14,19,11,6
5.48387,78,14,3,13,15
5.41935,80,14,1,2,15
3.41935,80,14,4,16
5.03226,92,14,4,20,17
7.48387,78,14,19,12,11,22
6.70968,102,14,18,16,17,11
4.77419,100,14,5,1,13
5.6129,74,14,6,13,7
7.6129,74,14,12,19,1,15
5.29032,84,14,22,12,10
5.54839,76,14,16,18,11
5.16129,88,14,1,6,1,15
5.80645,68,14,20,22,17
5.74194,70,14,2,7,8
3.54839,76,14,20,9
7.67742,72,14,18,22,21,9
5.67742,72,14,7,4,8
5.48387,78,14,14,21,2,5
6.64516,104,14,3,20,2,10
3.87097,66,14,4,11
5.67742,72,14,18,2,1
7.93548,64,14,22,7,12,11
3.80645,68,14,9,12
7.03226,92,14,9,16,8,17
3.48387,78,14,9,6
5.09677,90,14,8,9,13
3.41935,80,14,4,16
7.80645,68,14,8,21,20,3
7.48387,78,14,19,15,17,20
7.09677,90,14,1,9,18,20
6,62,14,11,9,15
7.16129,88,14,18,7,11,4
3.03226,92,14,5,20
3.67742,72,14,10,7
3.80645,68,14,4,1
5.67742,72,14,8,17,5
3.74194,70,14,14,16,12
5.80645,68,14,8,3,22,8
5.93548,64,14,1,8,17
3.74194,70,14,5,15
6.64516,104,14,11,15,17,1
6.51613,108,14,15,16,1,16,2
5.29032,84,14,10,16,10,21
3.35484,82,14,5,21
5.16129,88,14,3,5,5,7
5.6129,74,14,3,13,7
5.35484,82,14,5,9,21
5.09677,90,14,14,21,18,5,14
5.48387,78,14,8,13,3
7.67742,72,14,12,8,11,2
6.83871,98,14,12,3,1,12,17
5.67742,72,14,18,11,17
9.67742,72,14,19,7,21,7,22,13
5.93548,64,14,9,1,5
7.93548,64,14,22,2,4,13
6,62,14,2,4,12
5.80645,68,14,18,9,7
5.29032,84,14,8,6,1
3.80645,68,14,10,3
7.6129,74,14,21,11,1,20
7.93548,64,14,8,9,10,17
5.29032,84,14,6,18,5
7.54839,76,14,14,7,18,5,18,3
4.96774,94,14,16,5,20
5.80645,68,14,10,14,8,9
8,62,14,11,18,22,17
6.32258,114,14,8,22,4,9
7.87097,66,14,1,19,21,4
5.35484,82,14,1,9,2
3.03226,92,14,10,4
5.6129,74,14,8,6,19
9.48387,78,14,9,10,5,9,16,7
3.87097,66,14,6,20
5.35484,82,14,16,9,20
9.09677,90,14,8,19,18,1,6
3.80645,68,14,10,3
8.70968,102,14,21,12,20,2,10
3.80645,68,14,13,8
7.22581,86,14,11,21,2,15
7.41935,80,14,4,21,14,8,7
7.03226,92,14,3,1,9,20
7.35484,82,14,18,2,20,1
7.41935,80,14,19,22,9,16,19
5.41935,80,14,13,20,13,22
5.22581,86,14,3,17,9
5.74194,70,14,21,16,18
5.03226,92,14,5,5,11,22
5.67742,72,14,11,4,2
3.87097,66,14,10,15
5.41935,80,14,4,21,16
5.67742,72,14,12,10,1
5.6129,74,14,5,9,5,9,22
4,62,14,9,22
4,62,14,10,10,8
5.74194,70,14,18,2,11
3.80645,68,14,6,1
2.90323,96,14,10,13
3.80645,68,14,10,3
6.58065,106,14,19,19,3,16,4
5.6129,74,14,6,15,4
5.6129,74,14,7,17,1
5.6129,74,14,4,14,3,10
3.29032,84,14,4,10
3.74194,70,14,14,5,3
7.22581,86,14,1,3,11,17
5.22581,86,14,11,13,15
4.32258,114,14,17,9,4
5.74194,70,14,19,5,3
7.80645,68,14,7,18,11,16
5.03226,92,14,3,5,12
7.48387,78,14,7,21,12,17
4.25806,116,14,16,16,16,14,9,13
7.03226,92,14,14,21,17,19,2
4,62,14,10,18
5.29032,84,14,20,7,11
7.35484,82,14,21,19,2,22
3.54839,76,14,20,16
4.70968,102,14,19,13,9
7.09677,90,14,3,18,3,1,6
4,62,14,10,14,17
7.74194,70,14,7,6,4,20
5.54839,76,14,20,4,22
6,62,14,12,4,15
5.16129,88,14,10,16,6
5.16129,88,14,8,18,5,14
11.0968,90,14,15,22,22,10,16,9,17
5.87097,66,14,13,21,8
9.48387,78,14,8,11,21,14,19,7
6.90323,96,14,11,3,5,22
5.80645,68,14,16,11,9
3.74194,70,14,17,20
3.54839,76,14,20,16
5.09677,90,14,10,11,22
5.87097,66,14,1,12,7
5.87097,66,14,19,5,18
5.67742,72,14,6,21,11
5.74194,70,14,22,2,15
5.93548,64,14,12,9,1
7.16129,88,14,18,6,22,5
4.45161,110,14,2,14,9,13
3.09677,90,14,16,13
8.83871,98,14,3,22,15,21,9
6,62,14,11,14,8,13
5.74194,70,14,13,7,21
4.83871,98,14,17,6,11
11.6129,74,14,16,5,10,9,1,19
5.48387,78,14,6,14,1,1,2
5.54839,76,14,1,22,2
7.74194,70,14,7,18,14,12,22
6.25806,116,14,19,2,4,5
5.29032,84,14,8,6,11
3.48387,78,14,2,5
5.6129,74,14,2,1,19
7.29032,84,14,14,2,13,13,20,15
6,62,14,19,14,20,7
5.67742,72,14,20,20,4,12
6.96774,94,14,7,12,13,11
5.54839,76,14,2,7,13
5.93548,64,14,13,12,12,18
3.80645,68,14,17,13
3.87097,66,14,6,3
5.54839,76,14,18,5,7
5.93548,64,14,19,19,9,22
5.87097,66,14,22,8,9
5.41935,80,14,7,4,1
6.90323,96,14,16,9,16,10,20
3.6129,74,14,6,9
5.87097,66,14,11,10,19
4.90323,96,14,17,14,14,17,6,20
3.09677,90,14,10,20
7.54839,76,14,19,18,5,17
9.16129,88,14,15,17,15,18,14,21,15,9
3.80645,68,14,13,19
7.54839,76,14,18,7,13,22
5.6129,74,14,11,10,22
5.6129,74,14,4,2,18
6,62,14,1,8,6
3.09677,90,14,16,13
5.22581,86,14,13,20,1
7.03226,92,14,18,16,1,17
3.09677,90,14,13,16
5.35484,82,14,20,19,16
5.87097,66,14,6,7,2
5.74194,70,14,15,10,19
5.35484,82,14,8,3,10,14
5.54839,76,14,4,2,6
3.29032,84,14,3,17,14
5.22581,86,14,1,20,11
3.80645,68,14,10,3
5.87097,66,14,13,12,19
3.03226,92,14,5,20
7.35484,82,14,17,14,9,16,19
3.16129,88,14,17,9,14
4.90323,96,14,15,9,4
7.35484,82,14,12,4,2,18
5.74194,70,14,11,11,9,7
3.93548,64,14,16,7
3.09677,90,14,10,2
3.87097,66,14,5,8
5.93548,64,14,22,1,19
5.09677,90,14,14,15,5,12
5.54839,76,14,10,14,6,4
