3.54839,76,20,6,12
3.87097,66,20,4,1
5.80645,68,20,14,8,6
5.48387,78,20,14,7,10
4,62,20,22,20,22,11
6.83871,98,20,2,9,16,21
3.48387,78,20,9,9,15
5.74194,70,20,14,3,16
3.54839,76,20,5,1
5.29032,84,20,3,21,21,16
5.74194,70,20,22,18,6
3.93548,64,20,9,1
3.6129,74,20,6,8
5.80645,68,20,3,19,17
5.35484,82,20,12,17,16
5.93548,64,20,7,21,17
3.29032,84,20,10,10,18
3.74194,70,20,17,16
3.6129,74,20,6,8
2.83871,98,20,10,21
5.74194,70,20,17,22,14
3.29032,84,20,17,3
4.77419,100,20,7,1,6
7.74194,70,20,12,19,14,17
3.6129,74,20,10,1
3.93548,64,20,22,10
7.41935,80,20,13,7,7,21,6
5.48387,78,20,8,19,13
5.09677,90,20,3,16,7
3.48387,78,20,17,4
7.48387,78,20,7,18,19,17
5.6129,74,20,4,8,21
7.16129,88,20,15,21,3,4
5.41935,80,20,11,19,19,6
5.41935,80,20,18,16,8
2.51613,108,20,5,6
7.74194,70,20,18,20,2,13,12
5.6129,74,20,15,12,7
5.93548,64,20,21,16,10
3.93548,64,20,7,9
6,62,20,17,7,15
4,62,20,5,9
3.16129,88,20,10,15
5.29032,84,20,18,9,8
2.64516,104,20,16,4
2.3871,112,20,11,10,20
3.41935,80,20,16,14
5.67742,72,20,20,6,15,6,15,14
5.41935,80,20,6,15,8
9.03226,92,20,11,1,9,5,22
5.48387,78,20,11,14,16
4,62,20,18,5
4.12903,120,20,5,10,13
7.03226,92,20,2,13,13,19,4
3.16129,88,20,6,9
5.22581,86,20,8,22,3
3.67742,72,20,11,4
5.54839,76,20,19,16,11
5.6129,74,20,3,11,13
3.87097,66,20,22,5
7.67742,72,20,3,11,18,8
5.29032,84,20,18,1,7
5.41935,80,20,9,16,22
5.22581,86,20,16,5,19
5.41935,80,20,1,3,4
2.3871,112,20,20,10,2
2.77419,100,20,5,12
3.74194,70,20,6,20,22
5.35484,82,20,13,6,11
4.32258,114,20,3,5,2
3.35484,82,20,6,1
5.22581,86,20,4,15,5
3.67742,72,20,20,11,4
5.54839,76,20,19,7,4
2.83871,98,20,9,6
7.09677,90,20,19,11,3,22
5.35484,82,20,1,8,17
3.67742,72,20,17,9
3.80645,68,20,7,5
3.41935,80,20,16,3
5.87097,66,20,20,13,12,2,13
5.48387,78,20,20,14,18,8,20
5.87097,66,20,22,3,8
5.41935,80,20,11,16,17
5.87097,66,20,15,7,16
7.16129,88,20,1,11,1,11,16,22
7.80645,68,20,21,14,4,6
5.80645,68,20,4,3,1
5.35484,82,20,16,9,3
3.74194,70,20,17,5
4.3871,112,20,2,20,20,16,4
6.58065,106,20,2,2,7,2,13,10
3.16129,88,20,20,16,21
7.16129,88,20,11,16,5,19
6,62,20,15,18,9
5.22581,86,20,18,12,17
7.35484,82,20,3,15,18,18,1
5.80645,68,20,21,11,14,21
3.93548,64,20,18,2
5.80645,68,20,22,6,13
5.67742,72,20,6,4,4,2
5.16129,88,20,20,18,10,8
4.70968,102,20,14,16,6
6.58065,106,20,21,14,4,16
5.35484,82,20,7,14,15,20
5.16129,88,20,11,10,15
4,62,20,14,5
5.48387,78,20,18,18,6,22
3.87097,66,20,20,19,6
5.29032,84,20,8,8,1,6
4.83871,98,20,15,1,6
3.80645,68,20,16,1
5.93548,64,20,1,19,15
6,62,20,19,3,14
2.58065,106,20,16,20,5
5.35484,82,20,18,18,18,1,15
3.6129,74,20,6,2
3.93548,64,20,11,11,2
7.80645,68,20,2,12,2,13,12,21
5.03226,92,20,6,13,3
5.29032,84,20,15,16,17
5.54839,76,20,14,12,17
5.93548,64,20,1,3,14
3.93548,64,20,20,2,10
5.22581,86,20,7,2,6
5.29032,84,20,14,11,6
5.87097,66,20,11,19,12
5.16129,88,20,15,16,15,10
5.80645,68,20,15,19,15,1
5.35484,82,20,3,2,19
5.16129,88,20,22,2,11
3.35484,82,20,10,17
5.54839,76,20,2,7,18,20
5.41935,80,20,13,13,15,11
5.16129,88,20,4,18,2
3.41935,80,20,17,2
5.93548,64,20,14,11,14,14,11,18
6,62,20,12,13,7
5.74194,70,20,7,19,9
3.67742,72,20,19,13
3.41935,80,20,15,15,8,20
2.3871,112,20,10,2
2.96774,94,20,10,7
6,62,20,5,10,9
7.16129,88,20,7,8,14,9
3.54839,76,20,20,20,14,13,20
3.16129,88,20,6,9
4.70968,102,20,15,10,21
9.41936,80,20,12,21,3,8,16
7.41935,80,20,2,14,21,9
5.74194,70,20,2,14,18,20
3.29032,84,20,5,17
5.16129,88,20,7,4,17
2.3871,112,20,10,20,5
3.22581,86,20,5,18
3.93548,64,20,2,10
5.48387,78,20,2,17,17,2,11
2.45161,110,20,16,13
6.96774,94,20,18,15,6,8
7.48387,78,20,8,7,15,6
5.22581,86,20,20,7,17,3
5.87097,66,20,8,12,2
6.90323,96,20,2,21,6,5
7.67742,72,20,15,8,19,1
3.87097,66,20,20,17,20,4
4.90323,96,20,18,1,4
5.03226,92,20,19,21,10
4.83871,98,20,20,13,11,4
3.41935,80,20,16,3
4.64516,104,20,15,13,1
5.35484,82,20,17,22,16
7.87097,66,20,1,3,8,11
2.45161,110,20,16,13
4.96774,94,20,8,9,7
4.83871,98,20,14,17,11
5.29032,84,20,18,17,16
3.48387,78,20,16,15
7.67742,72,20,20,7,22,19,9
5.54839,76,20,14,16,11
5.54839,76,20,14,22,10
3.03226,92,20,5,14
3.22581,86,20,6,16
3.67742,72,20,20,18,18,7,7,20
6,62,20,6,4,13
5.80645,68,20,22,2,13
7.29032,84,20,21,3,19,2
3.54839,76,20,6,12
3.48387,78,20,16,15
3.93548,64,20,1,15
7.35484,82,20,3,15,22,12
3.87097,66,20,17,21
5.67742,72,20,4,2,18
2.45161,110,20,5,2
5.67742,72,20,8,9,1
5.6129,74,20,13,19,21
5.87097,66,20,3,2,12
3.6129,74,20,9,19
3.29032,84,20,5,19
7.67742,72,20,2,19,7,14
3.22581,86,20,5,18
5.74194,70,20,20,19,19,11,16
2.77419,100,20,5,5,12
5.80645,68,20,4,19,18
7.16129,88,20,21,13,2,17
5.29032,84,20,1,14,16
7.22581,86,20,15,21,2,18
3.41935,80,20,14,1,20
2.77419,100,20,5,12
5.80645,68,20,11,3,15
3.93548,64,20,5,16
5.41935,80,20,20,22,13,6
3.41935,80,20,16,14
2.25806,116,20,5,4
5.41935,80,20,6,15,8
5.80645,68,20,1,19,11
3.16129,88,20,9,12
3.74194,70,20,16,11
3.87097,66,20,1,7
4.96774,94,20,20,7,12,10
9.41936,80,20,2,11,3,8,22
5.35484,82,20,13,8,16
3.22581,86,20,5,18
5.41935,80,20,4,18,16
3.48387,78,20,16,17
6,62,20,7,19,22
7.29032,84,20,15,8,1,8,9
5.80645,68,20,14,22,2
3.93548,64,20,11,22
7.54839,76,20,4,3,8,21
3.41935,80,20,9,14
4,62,20,7,16
5.74194,70,20,11,12,13
3.6129,74,20,9,19
4.51613,108,20,3,12,20,5
5.74194,70,20,21,7,17,21
3.41935,80,20,20,10,11
3.74194,70,20,17,6
2.90323,96,20,5,7
6.96774,94,20,2,2,14,6,12
2.45161,110,20,16,13
5.80645,68,20,2,20,6,21
3.09677,90,20,10,3
3.54839,76,20,6,12
4.77419,100,20,13,21,20,17
7.41935,80,20,20,13,7,15,16
7.48387,78,20,7,22,6,6,18
4,62,20,11,7
4.90323,96,20,18,16,12
3.22581,86,20,9,7
4,62,20,15,5
6,62,20,1,16,5
5.87097,66,20,15,13,4
5.22581,86,20,14,6,2
3.93548,64,20,18,2
3.54839,76,20,13,9
5.80645,68,20,4,19,18
5.41935,80,20,4,20,3,16
4,62,20,8,5
5.41935,80,20,21,3,17
3.16129,88,20,10,10,15
5.93548,64,20,11,15,22
3.22581,86,20,5,18
7.74194,70,20,2,19,7,18
5.6129,74,20,14,4,12
3.48387,78,20,9,15
5.6129,74,20,13,12,6
4.83871,98,20,12,18,17,20
5.80645,68,20,18,1,3
5.74194,70,20,20,12,7,1
3.80645,68,20,6,18
3.80645,68,20,20,19,4
3.03226,92,20,20,6,5
5.22581,86,20,2,17,13
5.67742,72,20,11,19,14,11
5.67742,72,20,3,4,21
5.54839,76,20,14,12,17
3.80645,68,20,17,10
5.93548,64,20,7,8,18
4,62,20,15,20,19
5.54839,76,20,7,18,13
9.48387,78,20,2,12,3,1,7
3.41935,80,20,15,4,20
4.45161,110,20,10,5,6
4,62,20,7,16
5.54839,76,20,18,6,4
5.29032,84,20,1,12,7
3.93548,64,20,1,1,15
6,62,20,19,21,7
5.03226,92,20,19,1,6
3.93548,64,20,2,10
2.19355,118,20,20,10,13
4.70968,102,20,16,9,2
3.29032,84,20,4,5
5.22581,86,20,8,12,6
5.48387,78,20,1,1,12,8
3.09677,90,20,6,10
5.6129,74,20,1,9,19
5.22581,86,20,22,17,11
4.25806,116,20,15,13,9
4.90323,96,20,5,10,7
3.87097,66,20,6,14
7.6129,74,20,15,3,8,18
5.22581,86,20,22,3,15
4.25806,116,20,8,10,10,2
8,62,20,22,15,19,11
7.93548,64,20,12,1,8,18
5.22581,86,20,15,3,3,13
5.09677,90,20,3,4,19
3.54839,76,20,5,1
2.58065,106,20,10,6
7.6129,74,20,7,19,3,1
4.90323,96,20,4,19,13
3.80645,68,20,16,1
3.09677,90,20,10,3
2.25806,116,20,5,4
3.87097,66,20,6,14
5.67742,72,20,8,18,9
4.77419,100,20,22,6,5
3.87097,66,20,16,20,12
5.22581,86,20,19,16,14
3.16129,88,20,6,9
5.22581,86,20,11,15,3
3.93548,64,20,11,22
4,62,20,19,5
3.54839,76,20,9,18
5.35484,82,20,3,14,11,14,20
6.90323,96,20,15,22,2,17
3.74194,70,20,17,6
3.80645,68,20,8,17
3.35484,82,20,6,11
3.09677,90,20,10,22
5.54839,76,20,18,22,18,2
7.48387,78,20,2,13,2,14,10
5.29032,84,20,6,7,13
3.41935,80,20,9,9,17
5.22581,86,20,16,10,18
3.74194,70,20,16,11
3.48387,78,20,17,8
5.22581,86,20,22,4,3
7.87097,66,20,18,3,18,14,19
3.93548,64,20,20,4,11
3.80645,68,20,16,1
3.54839,76,20,7,13,20
3.87097,66,20,19,2
3.80645,68,20,3,17
7.80645,68,20,4,13,14,19
3.80645,68,20,1,22
5.48387,78,20,12,4,11
3.87097,66,20,7,10
5.87097,66,20,3,1,21
3.74194,70,20,17,16
5.48387,78,20,22,13,12
4,62,20,18,20,22
3.87097,66,20,17,17,18
3.35484,82,20,17,13
3.93548,64,20,22,10
8,62,20,2,13,12,7
5.35484,82,20,12,2,9
2.58065,106,20,9,13
3.74194,70,20,1,2
7.22581,86,20,12,11,12,2,1
4,62,20,18,5
3.48387,78,20,1,4
5.74194,70,20,1,12,3
3.93548,64,20,18,4
7.54839,76,20,7,8,14,1
2.90323,96,20,16,16,6
3.48387,78,20,20,16,17
3.48387,78,20,9,15
5.29032,84,20,8,15,13
8,62,20,19,14,15,18
5.80645,68,20,3,3,18,1
2.77419,100,20,16,2
3.29032,84,20,7,20,10
9.6129,74,20,2,21,1,8,18
4.77419,100,20,1,9,2
7.41936,80,20,13,12,8,16
3.22581,86,20,5,18
5.22581,86,20,3,22,13
3.29032,84,20,10,8
5.16129,88,20,22,16,3
5.35484,82,20,13,22,9
6,62,20,15,22,3
7.35484,82,20,7,18,21,1
5.93548,64,20,18,21,8
7.22581,86,20,3,12,19,6
3.41935,80,20,16,3
5.6129,74,20,13,11,19
3.54839,76,20,19,18,20
2.70968,102,20,5,21
4,62,20,1,21
5.93548,64,20,22,20,21,8
2.77419,100,20,16,2
5.22581,86,20,14,9,9,3
3.54839,76,20,18,19,20
3.67742,72,20,16,19
5.03226,92,20,19,10,15
7.35484,82,20,13,14,8,16
7.80645,68,20,14,3,12,8
3.87097,66,20,17,18
7.80645,68,20,21,14,6,7
4.3871,112,20,3,5,6
3.41935,80,20,10,11
5.16129,88,20,17,22,10
5.22581,86,20,17,15,16
7.29032,84,20,13,6,4,15
4,62,20,7,16
5.48387,78,20,7,20,8,12
5.16129,88,20,9,10,3
3.35484,82,20,3,20,5
5.41935,80,20,4,15,11
5.41935,80,20,20,12,5,12,11
3.22581,86,20,17,1
5.6129,74,20,13,15,12
3.80645,68,20,18,13
3.67742,72,20,19,13
3.80645,68,20,1,22
3.35484,82,20,13,10
5.16129,88,20,7,12,6
3.74194,70,20,1,2
5.54839,76,20,20,9,16,18
5.41935,80,20,19,16,8
7.6129,74,20,2,19,12,18
4.58065,106,20,3,9,2
4.19355,118,20,21,10,4
3.16129,88,20,16,21
3.54839,76,20,6,6,12
3.6129,74,20,9,19
3.80645,68,20,19,4
5.29032,84,20,4,12,14,20
3.6129,74,20,10,1
4.70968,102,20,7,11,17
11.871,66,20,21,14,19,22,7,18
7.29032,84,20,12,1,1,9,3
5.22581,86,20,19,7,16
3.35484,82,20,6,1
3.22581,86,20,6,16
3.22581,86,20,6,16
5.41935,80,20,17,15,12
3.35484,82,20,4,10
5.16129,88,20,22,8,6
3.41935,80,20,17,12
5.67742,72,20,3,22,14
3.87097,66,20,3,20,6
3.80645,68,20,9,20,21
7.6129,74,20,2,8,3,16
3.67742,72,20,16,19
5.87097,66,20,12,15,11
5.41936,80,20,20,13,18,16
5.41935,80,20,18,6,13
7.16129,88,20,13,21,2,11
5.67742,72,20,19,8,2
4,62,20,22,9
2.19355,118,20,5,13
3.74194,70,20,17,16
5.74194,70,20,21,12,17
7.29032,84,20,14,8,11,4
3.41935,80,20,9,3
4,62,20,11,7
4,62,20,2,5
5.41935,80,20,15,17,8
2.45161,110,20,16,13
5.74194,70,20,16,9,11
5.03226,92,20,18,11,13
3.87097,66,20,1,7
5.09677,90,20,7,11,22
5.22581,86,20,21,17,1
5.41935,80,20,13,20,13,4,16
5.54839,76,20,1,8,5
3.35484,82,20,6,1
3.35484,82,20,6,1
5.54839,76,20,6,21,2
5.41935,80,20,22,3,3,21
5.09677,90,20,20,7,3,10
3.16129,88,20,2,17,20
5.29032,84,20,8,7,1
5.6129,74,20,21,4,11
3.35484,82,20,17,20,6
2.77419,100,20,5,12
3.35484,82,20,6,1
3.41935,80,20,9,14
6,62,20,2,8,16
3.54839,76,20,6,12
6,62,20,12,11,21
3.93548,64,20,7,9
4.45161,110,20,6,4,16
4.25806,116,20,15,4,5
5.54839,76,20,1,1,19,9
3.54839,76,20,4,7,20
5.80645,68,20,8,10,8,19
5.22581,86,20,6,4,3
5.6129,74,20,12,22,22,1
4.96774,94,20,21,21,10,3
3.16129,88,20,16,21
3.22581,86,20,3,22,20
3.41935,80,20,16,3
2.77419,100,20,5,12
4.3871,112,20,11,10,2
6,62,20,12,4,7
5.80645,68,20,15,2,13
5.41935,80,20,8,15,9
5.41935,80,20,22,14,14,10
7.16129,88,20,14,7,18,13
7.6129,74,20,2,12,15,7,12
5.35484,82,20,17,22,22,16
3.41935,80,20,20,1,13
3.67742,72,20,16,19
5.80645,68,20,14,7,13
3.6129,74,20,10,1
7.80645,68,20,20,12,14,15,2
5.29032,84,20,4,3,22
3.87097,66,20,19,2
7.41935,80,20,22,14,18,6
4,62,20,14,5
3.93548,64,20,11,2
3.48387,78,20,16,15
3.80645,68,20,3,17
5.29032,84,20,15,3,22
5.22581,86,20,2,6,7,20
3.29032,84,20,5,17
3.35484,82,20,18,20,16
5.93548,64,20,20,2,15,1
6,62,20,20,22,8,19
5.41935,80,20,19,22,3
3.29032,84,20,10,18
2.90323,96,20,16,6
3.93548,64,20,11,2
4.70968,102,20,20,12,6,10
6,62,20,7,22,7,1
3.80645,68,20,9,11
5.22581,86,20,4,8,10
3.29032,84,20,10,20,7
3.54839,76,20,13,9
5.87097,66,20,13,13,6,14
3.93548,64,20,5,20,2
5.48387,78,20,14,2,15
3.41935,80,20,16,3
7.22581,86,20,1,10,5,8
9.48387,78,20,14,21,15,19,16
3.41935,80,20,1,13
5.41935,80,20,15,11,10
3.87097,66,20,19,20,18
2.70968,102,20,5,5,21
3.41935,80,20,20,6,3
5.35484,82,20,1,11,6
7.74194,70,20,12,21,6,15
3.41935,80,20,16,3
5.29032,84,20,22,4,15
4,62,20,22,9
5.16129,88,20,15,20,4,17
3.22581,86,20,10,20,22
3.67742,72,20,17,9
2.58065,106,20,10,6
3.29032,84,20,19,20,16
3.80645,68,20,17,17,20,3
2.58065,106,20,10,6
5.74194,70,20,19,12,8
4.70968,102,20,13,20,6,11
4.12903,120,20,13,17,13,16
3.41935,80,20,9,3
5.41935,80,20,13,12,10
3.80645,68,20,6,18
3.93548,64,20,5,16
5.54839,76,20,7,2,3
3.87097,66,20,4,1
3.48387,78,20,9,15
3.93548,64,20,1,15
5.80645,68,20,18,15,4
3.09677,90,20,16,12
4.32258,114,20,16,10,2
5.74194,70,20,1,14,22
3.09677,90,20,5,3
5.48387,78,20,8,15,7,8
3.74194,70,20,17,19
5.67742,72,20,13,7,12
5.41935,80,20,22,2,14
5.54839,76,20,22,16,1
4,62,20,22,1
4.96774,94,20,14,17,13
4,62,20,2,5
4.96774,94,20,18,17,12
5.16129,88,20,19,9,14
4.32258,114,20,8,9,13
6.90323,96,20,12,7,12,19,13
2.77419,100,20,9,9,2
7.35484,82,20,8,14,8,8,18,18,6
9.48387,78,20,21,3,19,8,12
3.80645,68,20,8,17
7.87097,66,20,3,20,2,14,21
3.03226,92,20,20,5,22
5.16129,88,20,15,13,7
3.93548,64,20,18,14,20
5.16129,88,20,4,17,5
7.48387,78,20,20,15,19,1,18
5.93548,64,20,18,14,4
5.93548,64,20,3,16,5
2.83871,98,20,10,21
3.29032,84,20,5,19
5.6129,74,20,14,14,22,11
5.41935,80,20,22,4,7
3.48387,78,20,16,17
2.83871,98,20,10,12
3.48387,78,20,20,16,15
7.6129,74,20,19,8,3,15
2.58065,106,20,9,13
5.54839,76,20,13,12,9
5.22581,86,20,7,8,17
4,62,20,1,21
3.09677,90,20,5,5,3
5.29032,84,20,5,10,17
3.80645,68,20,7,12,20
5.35484,82,20,13,3,4
5.74194,70,20,3,9,1
3.22581,86,20,9,9,7
5.80645,68,20,18,8,7
3.6129,74,20,10,1
5.6129,74,20,3,16,1
5.41935,80,20,12,16,8
5.35484,82,20,13,19,9
5.09677,90,20,15,13,14
5.80645,68,20,15,12,13
5.35484,82,20,20,15,1,21
5.09677,90,20,20,4,19,2
3.35484,82,20,6,11
3.87097,66,20,6,14
3.41935,80,20,9,17
4.90323,96,20,1,1,5,7
5.29032,84,20,14,20,19,9
3.41935,80,20,17,2
5.74194,70,20,1,8,16
5.16129,88,20,15,10,18
5.48387,78,20,13,18,11
3.54839,76,20,6,12
5.41935,80,20,15,6,19
5.67742,72,20,8,21,17
5.54839,76,20,13,12,13,8
4.96774,94,20,7,6,10
5.87097,66,20,20,2,3,10
5.41935,80,20,22,2,14
2.58065,106,20,9,13
3.09677,90,20,10,3
3.41935,80,20,16,16,3
5.35484,82,20,13,2,9
3.80645,68,20,3,17
3.22581,86,20,5,8
5.80645,68,20,21,3,4
2.58065,106,20,9,13
3.93548,64,20,21,5
3.87097,66,20,7,10
7.35484,82,20,11,1,10,8
3.74194,70,20,8,13
7.80645,68,20,11,11,1,1,19,21
5.03226,92,20,4,13,10
3.87097,66,20,4,1
6,62,20,18,18,22,6
6,62,20,21,19,17
3.93548,64,20,19,20,22
3.80645,68,20,8,17
7.41935,80,20,2,19,2,12,7
5.87097,66,20,15,8,12
3.93548,64,20,7,9
5.67742,72,20,14,19,13
5.29032,84,20,1,18,9
7.29032,84,20,20,11,1,11,16,22
2.77419,100,20,16,2
2.58065,106,20,9,13
5.22581,86,20,15,9,17
5.54839,76,20,20,14,14,13,6
3.48387,78,20,4,16
3.35484,82,20,9,22
5.80645,68,20,8,11,21
5.54839,76,20,20,4,7,3
5.80645,68,20,15,3,19
3.93548,64,20,7,9
5.6129,74,20,15,19,4
5.93548,64,20,14,7,4
5.6129,74,20,1,3,2
3.41935,80,20,16,3
3.41935,80,20,16,14
3.80645,68,20,3,17
3.54839,76,20,7,13,20
5.35484,82,20,8,22,4
3.09677,90,20,6,10
4.96774,94,20,14,6,1
3.41935,80,20,6,6,3
3.74194,70,20,1,2
3.16129,88,20,16,21
3.93548,64,20,18,4
2.45161,110,20,5,2
3.87097,66,20,3,6
4.96774,94,20,19,16,21
7.35484,82,20,7,8,19,9
5.29032,84,20,11,21,1
3.93548,64,20,20,4,11
4,62,20,22,1
7.22581,86,20,17,22,15,4
3.09677,90,20,10,14
4,62,20,8,5
2.3871,112,20,10,2
5.41935,80,20,22,12,7
5.35484,82,20,2,17,8
2.45161,110,20,5,2
5.54839,76,20,21,12,5
5.29032,84,20,13,18,10
4.83871,98,20,1,9,6
3.09677,90,20,16,12
4.96774,94,20,12,16,21
3.48387,78,20,16,22
2.83871,98,20,10,12
2.83871,98,20,10,21
5.80645,68,20,14,7,13
5.93548,64,20,13,14,3
3.6129,74,20,5,20,21
5.48387,78,20,13,8,15
5.09677,90,20,8,9,22
3.54839,76,20,9,9,18
2.19355,118,20,5,13
6,62,20,12,10,9
5.74194,70,20,22,3,11
4.96774,94,20,12,16,21
3.54839,76,20,13,9
3.41935,80,20,9,3
4.3871,112,20,1,10,4
3.6129,74,20,6,2
5.80645,68,20,12,8,4
5.6129,74,20,4,4,3,21
3.35484,82,20,13,10
7.80645,68,20,12,14,15,9
4,62,20,22,22,11
3.22581,86,20,9,7
3.74194,70,20,17,14
5.74194,70,20,11,19,16
3.41935,80,20,13,16
3.87097,66,20,8,4
3.74194,70,20,1,2
6,62,20,8,18,21
5.54839,76,20,16,9,19
7.29032,84,20,13,21,8,10
5.6129,74,20,19,15,9
5.6129,74,20,13,19,11
5.67742,72,20,12,8,13
2.58065,106,20,10,6
5.74194,70,20,22,18,6
3.93548,64,20,1,15
3.74194,70,20,16,11
5.93548,64,20,14,10,9
7.16129,88,20,14,7,18,13
3.93548,64,20,5,20,2
4,62,20,7,16
3.80645,68,20,9,11
5.35484,82,20,12,17,5
3.80645,68,20,8,17
7.80645,68,20,12,3,5,5,16
7.67742,72,20,2,1,11,21
7.16129,88,20,14,4,13,22
4,62,20,1,21
3.35484,82,20,6,11
3.48387,78,20,1,6
5.09677,90,20,3,4,8
5.22581,86,20,2,9,15
4.06452,122,20,3,10,13
3.54839,76,20,9,18
4.90323,96,20,6,7,5
9.29032,84,20,12,19,8,18,10
3.35484,82,20,6,11
6.70968,102,20,8,1,1,10,12
3.87097,66,20,19,2
4,62,20,15,5
4.64516,104,20,4,17,1
3.54839,76,20,9,8
4.77419,100,20,7,13,1
5.87097,66,20,21,18,12,20
7.09677,90,20,12,2,21,10
7.22581,86,20,13,2,3,16
5.93548,64,20,18,19,16
3.48387,78,20,16,17
3.29032,84,20,5,19
5.93548,64,20,13,2,20,4
5.93548,64,20,14,8,5
5.87097,66,20,4,6,14
7.41935,80,20,2,1,19,1,18
4,62,20,14,5
3.93548,64,20,5,16
3.48387,78,20,16,17
3.48387,78,20,9,15
3.41935,80,20,10,11
5.93548,64,20,12,11,15
3.41935,80,20,16,14
5.03226,92,20,3,10,15
5.87097,66,20,18,8,15
5.22581,86,20,12,14,20,18
3.03226,92,20,6,5
5.03226,92,20,15,12,10
3.93548,64,20,11,22
5.74194,70,20,1,14,22
6,62,20,4,14,15
6,62,20,22,14,11
3.16129,88,20,6,9
5.80645,68,20,21,10,16
5.54839,76,20,19,18,4
2.77419,100,20,16,2
3.80645,68,20,19,4
3.87097,66,20,1,7
9.54839,76,20,2,13,21,7,12
5.87097,66,20,2,18,9
4,62,20,18,5
5.35484,82,20,3,9,8
3.48387,78,20,1,4
5.6129,74,20,15,14,10
3.87097,66,20,6,20,3
5.6129,74,20,14,22,1
7.74194,70,20,13,2,7,14
3.16129,88,20,18,20,10
5.6129,74,20,8,12,7
5.6129,74,20,21,11,7
3.6129,74,20,11,6
5.22581,86,20,6,21,11
3.16129,88,20,10,15
3.93548,64,20,22,20,19
5.6129,74,20,2,2,20,20,6,14
3.09677,90,20,10,3
3.74194,70,20,13,20,16
4.77419,100,20,15,1,13
3.41935,80,20,1,17
6.96774,94,20,18,14,12,12,5
5.35484,82,20,11,15,12
3.35484,82,20,10,17
4.70968,102,20,3,16,6
3.93548,64,20,22,22,10
5.87097,66,20,20,15,12,2
4.32258,114,20,12,10,2
3.41935,80,20,16,14
6.96774,94,20,3,11,10,14
4.96774,94,20,14,20,8,17
3.35484,82,20,17,13
5.93548,64,20,7,20,3,11
3.29032,84,20,10,18
6,62,20,12,5,10
7.67742,72,20,2,11,12,14
5.67742,72,20,4,2,11
5.09677,90,20,22,22,3,9
7.03226,92,20,12,21,6,1
5.74194,70,20,7,3,19
5.29032,84,20,22,19,13
5.35484,82,20,22,17,13
3.80645,68,20,7,5
5.6129,74,20,14,22,1
7.80645,68,20,21,18,14,17
7.48387,78,20,18,21,15,21,13
7.03226,92,20,2,13,6,5
5.80645,68,20,18,7,4
3.87097,66,20,4,1
4,62,20,14,5
4.12903,120,20,15,13,16
6,62,20,13,20,14,22
3.16129,88,20,10,15
4,62,20,14,5
5.29032,84,20,11,5,19
3.16129,88,20,9,12
7.09677,90,20,8,8,1,14,16
5.16129,88,20,7,13,3
3.74194,70,20,17,16
3.67742,72,20,19,13
3.87097,66,20,4,1
5.48387,78,20,4,2,17
4,62,20,11,7
4,62,20,15,5
4.45161,110,20,21,10,6
3.93548,64,20,8,3,20
5.80645,68,20,13,11,3
5.48387,78,20,15,8,5
5.16129,88,20,13,14,13,11
3.22581,86,20,5,18
5.87097,66,20,11,3,3,2
3.16129,88,20,10,10,15
4.90323,96,20,3,13,19
3.41935,80,20,10,11
6.77419,100,20,18,21,7,5
6.96774,94,20,12,1,5,3
4,62,20,22,9
4.64516,104,20,15,13,1
7.54839,76,20,2,21,17,5
9.87097,66,20,2,13,2,8,19,14
3.35484,82,20,6,1
3.74194,70,20,8,13
3.22581,86,20,5,8
5.54839,76,20,20,21,4,1
7.41935,80,20,12,18,6,15
5.6129,74,20,4,19,22
3.41935,80,20,1,17
3.22581,86,20,6,16
8,62,20,8,14,18,21
3.48387,78,20,16,20,7
3.41935,80,20,9,3
6,62,20,12,14,10
5.09677,90,20,20,2,17,1
3.22581,86,20,20,17,1
5.35484,82,20,13,11,5
5.67742,72,20,7,17,5
5.48387,78,20,1,10,11
5.35484,82,20,6,4,22
5.87097,66,20,14,22,8
3.29032,84,20,5,20,15
4.96774,94,20,6,7,10
5.16129,88,20,15,3,5
3.67742,72,20,17,9
7.16129,88,20,15,14,14,1,7
4.96774,94,20,15,11,13
3.35484,82,20,10,17
5.6129,74,20,22,8,15
7.29032,84,20,2,12,8,12,10
3.6129,74,20,10,1
5.93548,64,20,4,12,13
3.41935,80,20,5,11
3.74194,70,20,17,6
5.03226,92,20,16,10,14
3.80645,68,20,17,10
7.93548,64,20,14,20,14,18,9,5
3.93548,64,20,4,11
5.80645,68,20,13,6,17
5.80645,68,20,3,18,11
2.83871,98,20,9,6
3.74194,70,20,11,13
3.22581,86,20,5,8
5.80645,68,20,1,18,19
3.80645,68,20,1,1,22
5.03226,92,20,2,20,19,20,9
6.51613,108,20,9,5,10,6
5.74194,70,20,8,7,17
6.77419,100,20,3,11,5,7
5.93548,64,20,8,3,15
3.80645,68,20,6,17
6.90323,96,20,19,11,1,6
3.87097,66,20,19,2
3.41935,80,20,1,17
5.87097,66,20,8,11,10
5.22581,86,20,2,1,17
5.22581,86,20,4,8,10
7.87097,66,20,8,3,1,11,8
5.87097,66,20,13,22,19
2.77419,100,20,5,12
9.6129,74,20,12,3,3,8,18,10
5.22581,86,20,6,21,21,11
5.09677,90,20,22,22,2,6
5.74194,70,20,2,15,2,6
4.96774,94,20,8,9,7
7.6129,74,20,14,4,14,8,18
5.16129,88,20,14,9,22
5.22581,86,20,18,21,15,20
3.29032,84,20,17,3
3.29032,84,20,10,8
5.35484,82,20,3,20,22,22,12
5.03226,92,20,18,3,6
5.29032,84,20,4,3,3,22
3.48387,78,20,17,4
5.35484,82,20,14,4,14,13
3.16129,88,20,10,15
6,62,20,21,10,5
5.6129,74,20,21,13,18
3.74194,70,20,17,19
5.35484,82,20,2,13,5
7.67742,72,20,21,12,3,22
3.87097,66,20,8,6
3.41935,80,20,17,12
3.48387,78,20,16,15
5.6129,74,20,1,16,11
5.29032,84,20,7,8,6
5.29032,84,20,2,1,4
5.87097,66,20,2,1,2,14
5.48387,78,20,11,14,9
3.54839,76,20,11,17
5.22581,86,20,8,21,8,13
6,62,20,8,3,2
3.80645,68,20,9,11
7.22581,86,20,12,18,16,14
4.90323,96,20,19,12,5
5.87097,66,20,2,8,10
2.83871,98,20,9,6
3.6129,74,20,10,1
3.87097,66,20,19,2
3.80645,68,20,15,18,18,20
3.48387,78,20,9,15
2.83871,98,20,10,21
5.80645,68,20,13,11,3
5.03226,92,20,2,20,16,7
5.29032,84,20,13,7,13,18
3.80645,68,20,19,4
5.09677,90,20,6,22,11
5.41935,80,20,7,6,12
5.80645,68,20,8,19,17
8,62,20,3,19,8,18
5.35484,82,20,19,11,2
6,62,20,15,8,18
3.03226,92,20,5,22
2.90323,96,20,16,6
2.96774,94,20,10,7
4,62,20,22,1
3.03226,92,20,20,20,6,5
2.45161,110,20,16,13
3.80645,68,20,1,22
