5.03226,92,1,8,9,4
5.41935,80,1,18,12,12,10
5.80645,68,1,3,15,4
3.67742,72,1,13,7
3.93548,64,1,5,12
5.6129,74,1,14,2,2,19
6,62,1,16,3,14
5.54839,76,1,12,6,7
5.48387,78,1,5,10,20
3.74194,70,1,4,15
3.87097,66,1,2,18
3.48387,78,1,20,17
3.93548,64,1,6,1,18
7.54839,76,1,9,15,22,20
4.77419,100,1,7,3,17
6.96774,94,1,1,8,3,9,1,2
6.64516,104,1,19,10,9,1,17
4,62,1,22,3
5.16129,88,1,15,2,11
2.70968,102,1,20,4,1
5.29032,84,1,15,17,13
6.32258,114,1,14,2,13,16
7.87097,66,1,8,11,8,19,12,11
5.41935,80,1,1,1,16,5,2
5.16129,88,1,17,7,3
5.16129,88,1,15,15,20,18
7.6129,74,1,12,11,8,15
7.29032,84,1,3,22,17,16
5.80645,68,1,18,3,15
5.6129,74,1,9,7,4
3.93548,64,1,20,7
3.93548,64,1,9,2
7.35484,82,1,11,19,9,12
3.03226,92,1,20,10
7.6129,74,1,15,7,15,14,9
7.54839,76,1,7,18,19,9
3.93548,64,1,2,8
7.48387,78,1,5,11,8,22
3.80645,68,1,4,22
5.09677,90,1,19,9,2
5.35484,82,1,1,9,17,9,12
5.6129,74,1,21,7,9
5.16129,88,1,17,7,20
5.35484,82,1,5,22,2
5.35484,82,1,7,6,12
5.6129,74,1,14,17,6
2.96774,94,1,6,5
3.22581,86,1,20,16
2.90323,96,1,4,16
3.48387,78,1,16,13
5.67742,72,1,21,22,9
5.16129,88,1,9,9,19,9,20
3.93548,64,1,21,16
3.87097,66,1,4,20
7.6129,74,1,1,8,8,8,10,16,5,1
4,62,1,6,13
4.83871,98,1,7,20,6
5.6129,74,1,7,14,9
5.41935,80,1,1,10,8,4
5.54839,76,1,2,21,11
5.87097,66,1,18,16,11
3.93548,64,1,22,9
2.77419,100,1,4,10
5.80645,68,1,21,8,9
2.90323,96,1,4,16
3.80645,68,1,6,14
3.54839,76,1,4,8
4,62,1,13,12
3.6129,74,1,6,19
3.87097,66,1,2,19
2.90323,96,1,4,16
5.54839,76,1,10,12,20
5.16129,88,1,12,12,12,6,17
4.64516,104,1,3,21,21,1,17
5.93548,64,1,14,20,13
5.54839,76,1,7,20,21
3.87097,66,1,22,10
4.70968,102,1,18,6,5
5.03226,92,1,17,22,22,5
4.58065,106,1,3,10,4
5.67742,72,1,7,17,10
5.67742,72,1,7,18,18,5
5.87097,66,1,21,7,3
9.03226,92,1,1,11,22,11,1,16,9,7
3.48387,78,1,16,13
3.35484,82,1,17,2
6.83871,98,1,8,10,9,13
5.54839,76,1,18,11,22
5.29032,84,1,11,12,1,20
9.74194,70,1,9,1,19,18,8,21
5.03226,92,1,22,2,6
5.41935,80,1,6,7,8
5.93548,64,1,8,5,11
5.6129,74,1,1,20,2,8
5.22581,86,1,14,6,4,14
3.80645,68,1,10,6
3.74194,70,1,9,13
3.87097,66,1,22,10
5.6129,74,1,19,19,7,5
5.16129,88,1,17,7,13
5.74194,70,1,11,10,12
5.54839,76,1,19,9,7
5.93548,64,1,10,22,17
4.64516,104,1,14,9,13
3.80645,68,1,1,17,1,12
3.93548,64,1,12,16
5.41935,80,1,10,21,6
7.03226,92,1,18,7,2,6
5.6129,74,1,12,15,9
5.41935,80,1,16,21,17
5.74194,70,1,3,4,14
5.29032,84,1,16,17,12
5.6129,74,1,8,5,3
5.54839,76,1,21,17,10
4.70968,102,1,11,4,10
5.48387,78,1,3,5,18
3.93548,64,1,21,15,1
5.67742,72,1,21,22,11
7.09677,90,1,12,14,1,11,20
3.6129,74,1,5,2
7.6129,74,1,8,15,19,6
3.74194,70,1,1,6,18
5.67742,72,1,7,7,12,8
3.93548,64,1,9,2
5.41935,80,1,12,6,21
9.41936,80,1,18,18,15,19,8,2
5.29032,84,1,3,13,19
5.74194,70,1,22,7,16
3.35484,82,1,13,19
3.74194,70,1,17,10
3.29032,84,1,6,1,4
5.29032,84,1,18,6,2
3.93548,64,1,9,2
4.96774,94,1,21,6,9
5.35484,82,1,3,10,14
7.67742,72,1,14,7,17,21
5.67742,72,1,14,3,6
3.29032,84,1,2,9
4.77419,100,1,3,9,4
5.80645,68,1,19,5,11
6.19355,118,1,3,8,13,16
5.54839,76,1,1,15,8,10
3.03226,92,1,20,5
9.29032,84,1,19,14,12,18,20
4,62,1,6,15
5.6129,74,1,11,4,3
3.80645,68,1,16,20
7.80645,68,1,18,12,21,2
4.51613,108,1,4,2,9
3.41935,80,1,17,8
4.70968,102,1,12,13,16
7.35484,82,1,5,9,16,4
3.54839,76,1,4,19
5.29032,84,1,5,10,13
3.54839,76,1,4,19
3.93548,64,1,4,12
5.87097,66,1,3,13,6
9.16129,88,1,11,8,21,12,5
4,62,1,17,1,14
7.35484,82,1,3,7,15,7,9
7.35484,82,1,8,5,16,7
4.83871,98,1,7,3,6
5.6129,74,1,22,14,4
4.90323,96,1,18,5,12
2.58065,106,1,13,5
3.87097,66,1,4,7
3.80645,68,1,6,14
7.93548,64,1,14,22,15,3
5.41935,80,1,10,8,4
3.6129,74,1,10,20
3.93548,64,1,4,12
3.35484,82,1,17,12
3.93548,64,1,2,8
5.6129,74,1,9,15,13
3.93548,64,1,20,15
3.74194,70,1,9,4
3.09677,90,1,6,9
5.29032,84,1,10,21,17
7.74194,70,1,3,19,22,4
3.16129,88,1,6,6,16
5.93548,64,1,21,8,7
5.29032,84,1,22,17,13
3.67742,72,1,17,16
5.22581,86,1,6,22,12
3.48387,78,1,6,12
4.45161,110,1,6,7,6,5
5.87097,66,1,15,21,19,15
3.93548,64,1,9,2
3.74194,70,1,6,18
7.6129,74,1,11,14,16,18
9.48387,78,1,19,18,15,14,18,9
6,62,1,20,21,14
5.93548,64,1,1,12,3,9
5.87097,66,1,12,8,22
7.54839,76,1,19,22,12,8
5.09677,90,1,18,15,17,1
3.54839,76,1,13,15
3.74194,70,1,6,18
5.29032,84,1,1,19,13,22
5.16129,88,1,12,6,18
6,62,1,16,22,14
5.35484,82,1,5,15,2
3.41935,80,1,13,18
3.67742,72,1,17,6
5.41935,80,1,18,9,18,2
3.80645,68,1,4,4,14
2.83871,98,1,4,9
5.74194,70,1,3,1,1,15,2
3.67742,72,1,4,3
11.2258,86,1,11,21,15,19,8,9
5.93548,64,1,9,8,22
2.83871,98,1,4,9
5.16129,88,1,16,5,13
5.48387,78,1,22,14,14,13
4.90323,96,1,21,6,10
5.80645,68,1,6,1,16,10
4.58065,106,1,3,6,5
3.67742,72,1,16,4
3.93548,64,1,20,15
5.35484,82,1,22,8,9
3.41935,80,1,1,17,1,20
7.6129,74,1,11,12,15,16
3.6129,74,1,10,2
5.41935,80,1,21,21,1,19,13
5.74194,70,1,14,14,17,18
7.80645,68,1,16,9,21,14
3.67742,72,1,22,21,1
3.74194,70,1,6,6,18
5.87097,66,1,14,2,3
3.93548,64,1,7,16
3.67742,72,1,17,5
7.41935,80,1,3,2,13,14
7.09677,90,1,9,14,22,13
2.77419,100,1,13,9
5.16129,88,1,15,4,18
6.90323,96,1,17,22,7,9
5.54839,76,1,2,22,14
6,62,1,22,8,3
5.29032,84,1,8,22,12,1
5.80645,68,1,21,15,13
5.87097,66,1,1,11,2,8
3.03226,92,1,20,5
3.03226,92,1,14,14,13,1
5.41935,80,1,5,8,2
3.6129,74,1,5,5,2
5.87097,66,1,8,13,12
3.93548,64,1,1,13,21
5.41935,80,1,5,15,3
7.93548,64,1,19,15,3,12
7.87097,66,1,8,21,18,7,21
5.48387,78,1,22,14,16
7.35484,82,1,8,17,8,3,9
5.67742,72,1,12,1,19,6
7.22581,86,1,19,12,21,12,17
5.67742,72,1,3,22,16
5.54839,76,1,2,20,19
3.67742,72,1,13,7
3.67742,72,1,2,17
3.03226,92,1,20,5
6,62,1,11,18,18,13
3.29032,84,1,13,17
5.29032,84,1,4,4,2,22
5.74194,70,1,22,6,13
5.29032,84,1,15,16,22
4,62,1,17,1,14
6.51613,108,1,1,14,15,9,9,20
7.87097,66,1,11,18,17,7
5.48387,78,1,18,4,20
3.87097,66,1,21,9
7.93548,64,1,8,11,14,11,15
7.54839,76,1,8,14,1,12,2
5.41935,80,1,8,16,6
5.6129,74,1,10,11,20
3.41935,80,1,10,13
5.54839,76,1,9,15,5
3.74194,70,1,1,17,10
5.93548,64,1,8,11,12,1
5.93548,64,1,21,15,19,21
5.03226,92,1,16,7,5
7.6129,74,1,18,19,3,7
2.77419,100,1,4,10
9.48387,78,1,3,8,22,15,22,20
3.03226,92,1,6,10
5.93548,64,1,14,22,20
3.74194,70,1,17,10
3.80645,68,1,12,5
3.87097,66,1,4,20
4.45161,110,1,15,16,4
3.48387,78,1,4,17
5.48387,78,1,18,6,17
5.74194,70,1,19,9,3
5.6129,74,1,7,20,12
6,62,1,14,18,1,19
3.6129,74,1,17,9
7.09677,90,1,3,11,22,10
3.09677,90,1,6,9
3.67742,72,1,5,6
6,62,1,14,6,22
3.6129,74,1,13,22
3.93548,64,1,2,8
5.67742,72,1,17,15,19
4.96774,94,1,12,6,2
3.87097,66,1,2,19
5.87097,66,1,18,22,11
7.67742,72,1,18,22,6,15
7.35484,82,1,8,8,19,18,20,18,1
7.74194,70,1,21,7,15,2
7.80645,68,1,15,15,21,15,22,12
3.80645,68,1,6,14
4,62,1,16,1,13
6.3871,112,1,11,14,13,5
5.6129,74,1,8,17,6
3.54839,76,1,13,3
3.16129,88,1,6,16
5.54839,76,1,14,9,15
2.64516,104,1,13,16
7.67742,72,1,7,19,8,21
5.87097,66,1,8,10,10,18
7.67742,72,1,11,19,9,15
5.03226,92,1,2,21,10
5.74194,70,1,3,6,4
3.6129,74,1,10,2
4,62,1,9,6
3.67742,72,1,5,6
5.74194,70,1,3,9,8
3.16129,88,1,6,16
3.6129,74,1,15,12,1
5.54839,76,1,16,7,16,8
4.45161,110,1,7,4,9
7.54839,76,1,16,9,11,13
4.96774,94,1,14,20,9
7.22581,86,1,8,3,13,11
7.93548,64,1,10,10,1,19,22,21
5.80645,68,1,8,4,7
3.03226,92,1,20,20,5
4.96774,94,1,8,16,13
5.6129,74,1,1,16,17,19
5.87097,66,1,19,20,12
4.90323,96,1,9,18,9,13
5.54839,76,1,21,19,20
7.29032,84,1,8,21,20,6
5.6129,74,1,16,16,12,18
5.80645,68,1,7,8,21
4.96774,94,1,4,6,4,17
5.6129,74,1,22,18,5
3.87097,66,1,2,19
3.93548,64,1,9,20
5.09677,90,1,4,2,19
7.35484,82,1,11,9,7,4
6.58065,106,1,10,9,7,9,6
5.80645,68,1,20,2,14
7.48387,78,1,15,18,22,22,3
2.70968,102,1,4,5
5.41935,80,1,7,6,8
5.67742,72,1,16,21,18
7.54839,76,1,11,4,6,7
3.35484,82,1,6,6,20
8.58064,106,1,11,11,3,5,5,16,2
5.41935,80,1,15,17,4
4.96774,94,1,12,6,8
5.16129,88,1,3,6,8
7.48387,78,1,19,18,17,14
5.67742,72,1,21,1,12,15
5.67742,72,1,7,3,19
3.41935,80,1,17,4
5.67742,72,1,21,22,11
5.48387,78,1,12,21,21,9
4.77419,100,1,8,5,4
7.6129,74,1,19,7,12,20
6,62,1,11,16,21
5.67742,72,1,19,2,14
7.09677,90,1,14,8,4,8,5
3.67742,72,1,17,16
4.51613,108,1,7,20,9
6.58065,106,1,14,19,1,9,20
3.93548,64,1,22,9
4,62,1,22,20
5.67742,72,1,15,11,19
3.35484,82,1,6,20
3.35484,82,1,13,8
5.54839,76,1,19,6,18
3.09677,90,1,1,2,10
4,62,1,12,17
7.54839,76,1,16,15,21,3
5.67742,72,1,8,17,10
5.80645,68,1,14,13,21
3.67742,72,1,13,7
5.80645,68,1,22,17,18
5.35484,82,1,7,21,9
7.93548,64,1,11,12,3,16
5.54839,76,1,19,4,14
5.67742,72,1,8,10,22
5.6129,74,1,12,13,15
5.22581,86,1,7,6,3
5.6129,74,1,21,21,21,19,2
3.67742,72,1,2,17
7.67742,72,1,3,1,15,18,11
4,62,1,20,3
5.09677,90,1,17,7,11
9.54839,76,1,1,3,8,15,22,9
5.80645,68,1,17,22,18
3.87097,66,1,4,20
9.22581,86,1,8,3,11,15,10
5.03226,92,1,19,10,1,22
7.6129,74,1,15,15,12,15,21,22
7.80645,68,1,9,22,18,19
5.93548,64,1,22,15,9
3.41935,80,1,10,13
5.87097,66,1,7,7,18,16
5.80645,68,1,2,21,20
5.41935,80,1,19,19,9,21
7.80645,68,1,3,14,17,22
5.87097,66,1,16,11,15
5.93548,64,1,1,9,12,14
5.87097,66,1,14,21,1,1,3
3.93548,64,1,22,9
4.90323,96,1,11,3,11,4,1
6,62,1,11,13,20
9.6129,74,1,1,3,14,19,15,19,10
5.87097,66,1,16,11,15
3.29032,84,1,1,6,11
3.29032,84,1,2,16
5.67742,72,1,8,6,18
4.83871,98,1,4,6,3
4.96774,94,1,15,9,15,9,12
5.87097,66,1,18,16,11
5.29032,84,1,1,7,21,10
3.80645,68,1,10,6
4.96774,94,1,2,7,9
4.3871,112,1,22,2,5
7.54839,76,1,8,11,12,6
3.54839,76,1,13,15
5.67742,72,1,16,10,1,10,18
3.35484,82,1,6,20
5.09677,90,1,3,10,12
5.48387,78,1,1,21,13,3
5.93548,64,1,9,1,10,15
5.87097,66,1,9,21,7
3.93548,64,1,4,12
6,62,1,12,4,4,2
5.67742,72,1,10,21,7
4.77419,100,1,8,10,1,17
5.6129,74,1,8,11,5,8
5.41935,80,1,12,22,13
7.67742,72,1,11,20,11,8,9
5.22581,86,1,14,6,11
7.29032,84,1,21,20,2,11
7.09677,90,1,22,7,8,20
4.83871,98,1,22,4,11
3.54839,76,1,22,1,13
3.48387,78,1,4,17
3.54839,76,1,20,12,1
7.54839,76,1,19,8,8,9,18
3.74194,70,1,14,10,1
4.51613,108,1,1,1,18,5,20
7.35484,82,1,16,11,11,9,18
3.67742,72,1,21,5
4,62,1,2,15
9.93548,64,1,15,19,8,3,11
7.09677,90,1,19,3,3,9,17
6,62,1,15,22,3
3.41935,80,1,10,13
5.09677,90,1,19,17,7,7,1
5.87097,66,1,21,17,7
5.03226,92,1,21,17,3
3.35484,82,1,17,2
7.22581,86,1,14,14,12,13,19
5.41935,80,1,15,8,3,15
3.67742,72,1,17,19
7.80645,68,1,9,10,16,9,21
5.22581,86,1,6,22,4
5.03226,92,1,2,12,10
4,62,1,2,1,15
5.03226,92,1,8,5,6
7.16129,88,1,16,5,3,7
5.16129,88,1,19,6,3
3.6129,74,1,5,2
3.67742,72,1,2,17
3.41935,80,1,10,13
3.35484,82,1,13,8
3.41935,80,1,5,4
5.6129,74,1,15,12,7
7.48387,78,1,14,11,19,17
3.09677,90,1,2,10
4.83871,98,1,14,4,16
5.87097,66,1,2,4,4,6
5.29032,84,1,17,7,12
5.6129,74,1,22,18,5
7.74194,70,1,11,13,2,12
5.6129,74,1,18,10,11
5.48387,78,1,21,21,13,15
5.48387,78,1,9,3,5
5.41935,80,1,4,1,9,19
5.93548,64,1,15,6,7
5.03226,92,1,2,21,10
5.6129,74,1,7,20,12
7.48387,78,1,8,4,13,7
7.35484,82,1,16,9,16,21,17
2.70968,102,1,4,5
6,62,1,19,16,8
4.64516,104,1,19,4,16
3.22581,86,1,4,1,17
5.22581,86,1,22,17,20
5.80645,68,1,15,14,14,1,8
4.90323,96,1,15,4,11
5.03226,92,1,19,13,8
5.6129,74,1,9,3,16
3.87097,66,1,4,7
8,62,1,8,21,17,21,7
3.80645,68,1,4,22
5.41935,80,1,18,4,18,9
4,62,1,17,1,14
5.35484,82,1,16,5,20
7.35484,82,1,21,2,12,7
5.35484,82,1,9,17,12
3.41935,80,1,10,13
4.83871,98,1,16,19,1,6
3.93548,64,1,20,15
4,62,1,22,20
3.74194,70,1,7,5
5.87097,66,1,7,15,10
5.41935,80,1,9,10,13
5.22581,86,1,7,8,4
3.93548,64,1,5,12
7.22581,86,1,11,19,6,2
7.09677,90,1,10,19,22,20
3.54839,76,1,1,4,8
4,62,1,6,15
4.58065,106,1,18,16,13
6.83871,98,1,3,11,11,9,9,4
5.29032,84,1,18,16,21
4.83871,98,1,14,16,2
5.09677,90,1,18,6,3
3.67742,72,1,17,5
3.35484,82,1,5,13
4.51613,108,1,10,22,10,2
3.67742,72,1,5,6
3.87097,66,1,2,11
7.35484,82,1,1,7,7,14,3,14,2
5.67742,72,1,8,6,18
5.16129,88,1,15,1,12,6
3.54839,76,1,4,8
3.93548,64,1,6,1,18
5.87097,66,1,3,12,10
5.48387,78,1,10,12,8
5.80645,68,1,3,15,16
3.87097,66,1,2,18
4.45161,110,1,14,5,20
3.87097,66,1,1,21,9
5.03226,92,1,22,8,17
6,62,1,12,8,15
3.67742,72,1,16,4
3.93548,64,1,13,21
7.54839,76,1,1,18,14,2,7
7.41935,80,1,16,14,12,11
5.54839,76,1,14,20,8
7.48387,78,1,3,2,13,7
3.87097,66,1,5,21
6,62,1,7,18,3
5.48387,78,1,18,12,16
3.16129,88,1,2,5
5.09677,90,1,19,9,9,20
4,62,1,22,3
3.48387,78,1,4,17
5.29032,84,1,7,20,3
5.6129,74,1,8,17,19
4,62,1,22,3
7.93548,64,1,11,11,10,16,17
3.74194,70,1,20,19
7.03226,92,1,7,1,3,19,19,4
3.09677,90,1,2,10
6.83871,98,1,20,12,20,2,17
4.90323,96,1,10,12,6
5.87097,66,1,22,21,6
3.54839,76,1,5,20
7.54839,76,1,11,14,3,17
3.6129,74,1,6,19
4.70968,102,1,19,13,4,1
5.48387,78,1,4,6,21
6.3871,112,1,19,8,20,5
2.58065,106,1,13,5
5.35484,82,1,5,16,18,5
5.03226,92,1,21,6,16
5.87097,66,1,19,20,12
6.83871,98,1,18,21,13,17
3.67742,72,1,2,17
5.22581,86,1,2,7,3
5.03226,92,1,4,6,8
3.54839,76,1,4,8
4.51613,108,1,14,5,2
5.16129,88,1,22,21,10
3.41935,80,1,5,4
4,62,1,6,21
5.80645,68,1,21,22,16
5.29032,84,1,19,4,8
7.6129,74,1,12,13,4,22
7.67742,72,1,9,16,15,11
7.22581,86,1,18,15,16,22
5.54839,76,1,2,20,19
3.03226,92,1,6,10
5.22581,86,1,19,2,17
3.48387,78,1,6,12
3.03226,92,1,14,13,1
5.48387,78,1,1,15,4,12
6,62,1,8,9,18
4,62,1,6,21
5.74194,70,1,7,13,13,2
3.67742,72,1,17,5
6,62,1,7,18,18,3
5.67742,72,1,16,19,6
5.48387,78,1,16,22,15,16
7.41935,80,1,21,22,17,5
3.67742,72,1,17,16
5.80645,68,1,3,9,19
4,62,1,20,3
5.22581,86,1,7,8,6
2.77419,100,1,4,10
4.32258,114,1,20,4,16
3.80645,68,1,17,21
3.80645,68,1,17,1,12
3.74194,70,1,9,4
4.3871,112,1,13,2,10
5.67742,72,1,15,7,5
5.48387,78,1,1,12,4,18
3.67742,72,1,13,7
5.16129,88,1,21,6,11
5.93548,64,1,5,17,7
5.22581,86,1,11,17,12
7.03226,92,1,18,22,8,4
3.54839,76,1,6,8
6,62,1,5,1,2,20
5.74194,70,1,8,5,18
4,62,1,13,12
7.41935,80,1,12,3,21,11
3.54839,76,1,6,8
3.67742,72,1,17,5
3.35484,82,1,4,11
5.16129,88,1,7,3,22
5.87097,66,1,20,12,21
5.22581,86,1,11,20,9
5.22581,86,1,7,7,4,18
5.87097,66,1,7,8,18
7.74194,70,1,8,19,17,21
7.35484,82,1,9,10,15,13
5.80645,68,1,7,15,5
7.80645,68,1,16,1,8,12,4
7.74194,70,1,16,5,10,12
5.35484,82,1,16,22,5
5.93548,64,1,21,6,22
3.87097,66,1,21,9
3.22581,86,1,20,9
7.54839,76,1,18,14,11,2
5.03226,92,1,12,1,2,6
3.80645,68,1,20,8
3.93548,64,1,9,2
3.41935,80,1,10,13
3.80645,68,1,16,2
7.80645,68,1,11,22,7,13
5.6129,74,1,5,16,6
3.74194,70,1,1,1,9,13
9.93548,64,1,19,14,18,7,8
3.93548,64,1,9,2
7.29032,84,1,21,14,4,20
7.16129,88,1,10,16,15,5
3.48387,78,1,6,12
3.67742,72,1,16,4
3.87097,66,1,2,19
5.87097,66,1,11,6,13
3.6129,74,1,17,9
4.51613,108,1,19,1,6,6,10
7.09677,90,1,14,10,16,3
5.22581,86,1,6,22,4
5.67742,72,1,12,13,22
5.74194,70,1,22,6,21
5.29032,84,1,7,12,7,7,11
3.80645,68,1,17,21
3.67742,72,1,5,6
3.48387,78,1,20,1,6
6.12903,120,1,15,7,13,16
3.09677,90,1,21,13,1
6.90323,96,1,16,11,11,1,19,13
4.90323,96,1,8,2,10
3.41935,80,1,5,4
5.35484,82,1,9,22,5
7.03226,92,1,16,1,9,15,13
5.35484,82,1,7,11,11,18
5.29032,84,1,12,22,10
3.54839,76,1,10,4
5.93548,64,1,8,4,8,15
6.64516,104,1,5,8,11,17
3.35484,82,1,6,3
3.74194,70,1,1,17,10
5.6129,74,1,1,18,7,5
7.29032,84,1,9,5,11,4
4,62,1,12,17
4.96774,94,1,7,13,18
5.22581,86,1,10,10,21,11
7.22581,86,1,8,7,8,9,15
3.93548,64,1,2,8
5.09677,90,1,21,19,7,1
4,62,1,1,6,21
4.96774,94,1,4,21,21,4,17
7.48387,78,1,19,19,8,9,15
5.87097,66,1,3,7,2
6,62,1,9,18,11
2.90323,96,1,4,16
3.29032,84,1,17,13
5.93548,64,1,19,7,11
3.80645,68,1,16,2
3.87097,66,1,1,2,18
4.12903,120,1,22,16,13
5.93548,64,1,8,18,1,10
7.80645,68,1,21,13,4,6
3.41935,80,1,1,13,18
3.54839,76,1,13,3
3.93548,64,1,1,13,21
7.6129,74,1,8,14,8,21,9
3.87097,66,1,20,22
6.96774,94,1,14,8,6,2
3.16129,88,1,6,16
5.16129,88,1,19,5,12
3.80645,68,1,12,5
3.67742,72,1,17,1,15
5.74194,70,1,12,4,20
7.35484,82,1,21,18,15,13
3.93548,64,1,13,6
5.6129,74,1,3,22,13
3.22581,86,1,20,16
5.67742,72,1,4,21,12
7.41935,80,1,14,8,5,11
3.16129,88,1,2,2,5
3.29032,84,1,10,22,1
4.45161,110,1,14,13,10
7.93548,64,1,3,21,15,8
3.35484,82,1,17,12
5.29032,84,1,7,20,3
11.8065,68,1,9,16,19,14,8,18
3.41935,80,1,17,4
5.09677,90,1,2,22,13
5.54839,76,1,12,1,2,1,14
5.03226,92,1,8,20,9
4.32258,114,1,9,1,4,10
3.09677,90,1,18,20,1
5.67742,72,1,14,2,8
7.35484,82,1,15,22,17,2
5.93548,64,1,21,4,12
7.6129,74,1,14,15,4,6
3.54839,76,1,13,3
6,62,1,19,3,13
3.54839,76,1,4,8
3.35484,82,1,13,11
7.54839,76,1,14,18,9,8
8.12903,120,1,3,14,12,14,12,13,5
3.67742,72,1,17,19
4,62,1,6,15
7.16129,88,1,8,1,22,1,3,13
5.67742,72,1,15,19,6
5.80645,68,1,12,20,7
5.48387,78,1,14,4,19
5.6129,74,1,10,8,10,18
5.67742,72,1,18,18,7,10
5.29032,84,1,13,4,8
7.67742,72,1,3,12,20,11
3.80645,68,1,20,11
4,62,1,6,21
6,62,1,8,10,11
3.35484,82,1,6,3
4,62,1,6,15
3.87097,66,1,12,10
4,62,1,6,21
7.80645,68,1,11,21,15,16
5.80645,68,1,21,7,11
3.67742,72,1,21,5
7.22581,86,1,14,18,2,8
7.93548,64,1,22,7,18,21
3.03226,92,1,14,13,1
5.22581,86,1,10,11,17
5.67742,72,1,12,12,3,1,3,3,2
4.96774,94,1,20,2,16
3.74194,70,1,9,13
3.54839,76,1,20,6
5.16129,88,1,6,7,11
5.93548,64,1,9,8,22
5.80645,68,1,19,20,21
8.3871,112,1,8,14,4,13,10
3.93548,64,1,12,16
3.54839,76,1,2,1,4
3.6129,74,1,1,5,2
3.87097,66,1,5,5,21
5.48387,78,1,11,1,11,4,8
3.93548,64,1,12,16
9.35484,82,1,9,10,19,8,5
5.87097,66,1,2,20,4
5.67742,72,1,3,20,8
5.87097,66,1,12,8,16
7.09677,90,1,9,16,11,9,1,20
4,62,1,6,15
3.09677,90,1,18,18,17,1
5.6129,74,1,12,2,6
5.22581,86,1,9,3,17
3.80645,68,1,12,5
5.93548,64,1,11,5,22
9.03226,92,1,3,21,21,13,4,18
5.48387,78,1,14,4,19
3.93548,64,1,22,22,22,11
3.80645,68,1,16,2
7.29032,84,1,7,22,17,12
5.67742,72,1,16,21,19
5.54839,76,1,10,12,20
5.74194,70,1,7,21,7,20
5.6129,74,1,9,8,4
5.41935,80,1,14,18,2,14
3.93548,64,1,13,20
4.64516,104,1,4,13,9
3.67742,72,1,4,3
5.29032,84,1,14,4,11
5.87097,66,1,13,4,21
3.22581,86,1,17,3
6,62,1,12,12,13,20
3.41935,80,1,13,18
5.48387,78,1,18,9,14
4,62,1,13,12
5.6129,74,1,5,3,18
3.54839,76,1,5,20
3.67742,72,1,21,5
5.67742,72,1,10,17,16
5.16129,88,1,4,1,16,17
5.87097,66,1,14,1,8,13
5.6129,74,1,5,8,22
3.67742,72,1,2,17
3.87097,66,1,20,22
5.6129,74,1,10,1,20,13
5.74194,70,1,1,2,7,21
3.09677,90,1,16,17,1
3.09677,90,1,2,2,10
5.16129,88,1,7,11,7,13
3.09677,90,1,6,9
5.80645,68,1,9,21,22
5.74194,70,1,3,7,13
5.80645,68,1,2,12,13
7.67742,72,1,10,7,22,18
8,62,1,8,3,4,21
7.74194,70,1,11,1,8,13,13,12
7.09677,90,1,1,5,15,22,11
7.16129,88,1,19,22,4,3
3.93548,64,1,12,16
6,62,1,8,9,18
5.74194,70,1,10,12,3
7.35484,82,1,11,13,2,15
5.29032,84,1,7,3,20
3.80645,68,1,1,10,6
7.48387,78,1,9,5,5,9,18,2
3.54839,76,1,13,3
4,62,1,6,15
5.80645,68,1,20,2,14
5.54839,76,1,7,1,9,22
7.03226,92,1,18,21,3,10
3.93548,64,1,12,16
9.6129,74,1,11,10,16,8,18
3.35484,82,1,5,13
3.67742,72,1,17,5
5.87097,66,1,2,21,18
3.74194,70,1,20,19
5.93548,64,1,8,10,17
4.64516,104,1,1,1,2,4,16
5.87097,66,1,16,11,16,22
8.32258,114,1,18,15,21,20,10
3.6129,74,1,17,9
2.58065,106,1,13,5
3.87097,66,1,5,21
3.54839,76,1,6,6,2
4,62,1,15,5
5.67742,72,1,2,7,14
6.83871,98,1,4,13,2,17
3.22581,86,1,14,6,1
9.6129,74,1,19,15,22,7,10
3.93548,64,1,4,12
5.35484,82,1,13,2,22
5.87097,66,1,10,3,14
3.6129,74,1,5,2
5.87097,66,1,8,13,12
4.51613,108,1,3,13,5
3.93548,64,1,20,7
5.67742,72,1,22,17,14
3.41935,80,1,17,4
3.6129,74,1,5,2
3.09677,90,1,21,13,1
3.54839,76,1,13,3
5.93548,64,1,11,12,11,4
7.09677,90,1,15,7,6,11
5.80645,68,1,3,15,4
7.80645,68,1,18,12,21,8
4.64516,104,1,18,9,4
5.67742,72,1,10,3,21
7.29032,84,1,10,16,9,4
7.35484,82,1,11,9,14,13
6.64516,104,1,19,5,10,4
7.67742,72,1,19,1,16,11,16,11,9
3.22581,86,1,17,3
5.67742,72,1,10,9,20
6.70968,102,1,14,3,7,3,17
5.35484,82,1,1,20,4,12
7.74194,70,1,8,9,19,18
7.93548,64,1,8,14,6,21
5.35484,82,1,3,7,5
5.67742,72,1,22,17,16
4.51613,108,1,2,4,10
3.54839,76,1,10,4
3.41935,80,1,10,13
5.35484,82,1,18,18,2,2,15
3.87097,66,1,2,11
4,62,1,20,3
3.48387,78,1,13,1,2
6,62,1,11,16,21
4,62,1,22,22,13
3.48387,78,1,6,12
3.6129,74,1,10,2
5.80645,68,1,8,5,17
3.87097,66,1,2,18
6,62,1,14,20,21
3.93548,64,1,20,15
5.6129,74,1,19,20,4
5.54839,76,1,10,18,5
7.22581,86,1,10,10,19,18,2
7.22581,86,1,3,8,4,18
3.22581,86,1,17,20
5.6129,74,1,10,11,11,22
6.83871,98,1,8,9,16,13
6,62,1,9,22,14
5.48387,78,1,3,16,7
9.93548,64,1,19,18,14,3,1,11
5.67742,72,1,7,7,17,10
6,62,1,16,3,19
5.29032,84,1,10,7,20
5.29032,84,1,19,13,22
5.16129,88,1,4,2,8
3.54839,76,1,4,19
3.67742,72,1,5,6
5.74194,70,1,19,10,18
5.87097,66,1,4,13,12
5.41935,80,1,22,12,4
5.48387,78,1,10,12,13
5.22581,86,1,5,3,13
3.35484,82,1,17,12
7.35484,82,1,1,18,12,8,9
3.54839,76,1,5,20
5.16129,88,1,21,6,11
5.93548,64,1,8,8,3,12,1,3
7.48387,78,1,21,14,22,16
4.83871,98,1,3,16,4
5.29032,84,1,20,13,7
9.87097,66,1,7,22,15,18,3
5.41935,80,1,15,17,4
3.80645,68,1,1,4,14
5.6129,74,1,2,20,12,2
4.45161,110,1,7,4,9
3.35484,82,1,4,11
3.35484,82,1,1,17,2
5.67742,72,1,3,6,22
4.64516,104,1,3,6,10
3.29032,84,1,2,16
3.93548,64,1,22,9
3.6129,74,1,4,18
3.22581,86,1,20,9
7.03226,92,1,14,3,21,9
3.87097,66,1,21,9
3.93548,64,1,2,1,7
7.6129,74,1,19,18,8,4
5.41935,80,1,19,5,5,5,14
7.41935,80,1,11,16,15,2
9.35484,82,1,9,18,9,16,10,15
3.80645,68,1,17,18
3.41935,80,1,13,18
3.54839,76,1,10,4
3.54839,76,1,6,8
2.64516,104,1,13,16
4.83871,98,1,15,11,6
7.09677,90,1,9,15,14,5
5.16129,88,1,7,3,16
6,62,1,14,3,22
3.67742,72,1,5,6
7.22581,86,1,9,8,19,19,8,9,12
5.29032,84,1,9,8,9,1,13
5.54839,76,1,5,17,6
5.6129,74,1,7,17,5
5.67742,72,1,22,21,22,12
5.35484,82,1,14,1,9,20
3.93548,64,1,9,9,2
3.80645,68,1,7,10
7.03226,92,1,10,16,17,12
3.54839,76,1,6,8
2.58065,106,1,13,10
3.6129,74,1,17,1,17,9
3.80645,68,1,4,22
7.35484,82,1,12,19,21,17
5.87097,66,1,21,4,20
7.29032,84,1,9,19,7,13
3.54839,76,1,1,4,8
3.87097,66,1,4,20
3.67742,72,1,21,5
