5.74194,70,22,20,3,1
6.77419,100,22,18,4,18,12,16
2.83871,98,22,5,13
7.48387,78,22,3,1,8,16
7.67742,72,22,17,17,22,7,2,18
7.29032,84,22,19,14,3,19,2
5.54839,76,22,18,21,18,1,21
5.74194,70,22,19,3,6
5.41935,80,22,17,11,10
3.93548,64,22,11,2
4.96774,94,22,19,6,16
4.83871,98,22,13,6,9
7.41935,80,22,3,14,19,5
3.41935,80,22,9,6
3.67742,72,22,22,3,17
4.70968,102,22,3,4,3,17
7.22581,86,22,14,3,8,22,2
3.87097,66,22,1,22,10
6,62,22,22,19,15,5
5.93548,64,22,4,14,15
7.80645,68,22,15,13,21,7
7.87097,66,22,19,14,6,7
5.41936,80,22,12,15,22,15,11
7.16129,88,22,4,13,7,3
5.29032,84,22,7,8,4,7
5.16129,88,22,15,20,10
5.54839,76,22,19,6,19,5
4.83871,98,22,1,12,10
5.35484,82,22,19,6,8
3.93548,64,22,5,19
5.74194,70,22,17,12,11
7.80645,68,22,1,10,1,22,7,14
4,62,22,12,6
5.09677,90,22,8,4,18
3.93548,64,22,21,3,22
5.41935,80,22,21,16,15
5.16129,88,22,16,15,10
7.87097,66,22,15,20,21,8
3.80645,68,22,13,19
5.93548,64,22,6,7,11
4.64516,104,22,12,4,9
7.6129,74,22,18,3,14,18,11
7.16129,88,22,17,14,3,3,5
4.3871,112,22,21,5,6
7.6129,74,22,2,13,6,7
6.45161,110,22,18,1,5,20
3.54839,76,22,10,21
4,62,22,22,13,3
6.64516,104,22,7,16,10,4
6,62,22,11,1,21
5.74194,70,22,21,22,21,1,7
2.90323,96,22,10,13
5.93548,64,22,16,5,19
3.80645,68,22,1,20
6.45161,110,22,18,12,4,5
5.16129,88,22,6,17,3
3.35484,82,22,9,2
4,62,22,20,11
4,62,22,1,7
5.22581,86,22,9,18,6
5.48387,78,22,6,1,14
5.09677,90,22,17,13,8
6.58065,106,22,14,21,14,20,5
5.93548,64,22,9,22,15,15,20
3.09677,90,22,10,2
7.93548,64,22,22,8,5,9,10
5.93548,64,22,17,4,2
7.35484,82,22,7,7,11,1,13
6.83871,98,22,21,10,5,7
5.41935,80,22,6,1,5
5.67742,72,22,7,20,6
7.54839,76,22,3,1,11,15
7.6129,74,22,17,19,15,12
3.09677,90,22,13,16
3.93548,64,22,22,12,17
5.87097,66,22,13,12,19
5.74194,70,22,15,7,16,22
3.67742,72,22,5,14
3.22581,86,22,20,20,5
7.03226,92,22,2,20,13,19
5.29032,84,22,11,10,8
3.87097,66,22,8,1,22
8,62,22,21,15,19,10
5.67742,72,22,11,14,2
7.48387,78,22,7,6,17,9
3.54839,76,22,2,9
3.87097,66,22,5,8
3.93548,64,22,11,2
3.35484,82,22,5,21
3.87097,66,22,1,2
5.48387,78,22,21,17,13
6,62,22,1,18,15
5.87097,66,22,22,15,12,16
5.93548,64,22,7,17,1
5.22581,86,22,4,15,15,10
8.96774,94,22,21,7,8,19,13
5.87097,66,22,17,18,5
3.93548,64,22,3,10
5.35484,82,22,11,16,11,7
7.29032,84,22,21,18,16,3
5.09677,90,22,2,18,2,19
4.70968,102,22,2,1,6
4,62,22,20,8
4,62,22,20,11
3.22581,86,22,4,5
3.87097,66,22,16,21
5.16129,88,22,17,4,11
4,62,22,20,18
3.87097,66,22,20,1
7.22581,86,22,1,11,18,6
5.16129,88,22,14,17,17,11
5.54839,76,22,4,20,14
5.29032,84,22,21,9,14
3.35484,82,22,16,4
3.54839,76,22,10,21
5.03226,92,22,20,20,14,5
4.58065,106,22,7,5,13
3.80645,68,22,4,2,22
5.87097,66,22,17,11,8
8.51613,108,22,15,18,8,20,9
3.93548,64,22,11,20
5.6129,74,22,1,21,2
5.93548,64,22,11,18,19
3.54839,76,22,11,11,17
7.29032,84,22,8,11,19,20
5.87097,66,22,22,7,6,16
5.80645,68,22,19,18,22,20
9.80645,68,22,8,3,1,11,12
3.16129,88,22,9,13
3.80645,68,22,9,7
3.35484,82,22,9,20
5.22581,86,22,20,14,16
5.29032,84,22,21,9,17
9.41935,80,22,18,12,14,15,16
3.74194,70,22,12,5
3.87097,66,22,12,16
5.41935,80,22,17,10,21
7.87097,66,22,14,12,1,3
5.16129,88,22,21,5,17
5.35484,82,22,15,9,20
5.29032,84,22,8,17,18
5.09677,90,22,15,3,22,3,16
7.35484,82,22,8,9,10,18
3.35484,82,22,2,10
4.45161,110,22,8,5,20
5.74194,70,22,3,11,7
3.93548,64,22,6,16
4.64516,104,22,17,20,16
5.03226,92,22,9,10,20
5.16129,88,22,18,6,9
5.74194,70,22,5,11,8
7.48387,78,22,17,7,11,12
3.80645,68,22,13,19
5.41935,80,22,3,16,11
5.03226,92,22,1,10,21
5.67742,72,22,21,10,21,4
5.80645,68,22,12,18,9
7.35484,82,22,19,15,19,19,9,3
5.03226,92,22,9,8,6
5.22581,86,22,16,5,5,16,2
3.93548,64,22,12,9
9.6129,74,22,18,14,5,10,1
5.41935,80,22,11,18,9
5.74194,70,22,1,19,16
7.22581,86,22,15,22,16,1,20
5.16129,88,22,2,21,5
9.87097,66,22,14,7,21,8,19
6.64516,104,22,14,15,9,6
4.96774,94,22,2,6,8
7.93548,64,22,21,8,19,10
5.80645,68,22,12,15,6
4,62,22,13,3
3.87097,66,22,13,18
3.67742,72,22,9,21
7.6129,74,22,8,22,19,18,17
7.48387,78,22,7,9,7,15,7,16
5.16129,88,22,16,8,17
5.16129,88,22,10,9,2
5.54839,76,22,20,2,17
3.93548,64,22,5,19
5.09677,90,22,20,22,3,4
4,62,22,11,7
3.74194,70,22,12,5
3.16129,88,22,22,17,1,22
5.67742,72,22,17,4,20
5.74194,70,22,9,11,12
6,62,22,12,3,15
7.6129,74,22,8,22,2,20,12
3.93548,64,22,3,10
6,62,22,8,12,11
5.87097,66,22,17,17,11,8
3.29032,84,22,10,6
7.93548,64,22,18,12,3,20
4,62,22,10,18
3.41935,80,22,5,12
5.54839,76,22,8,8,7,1
3.80645,68,22,4,1
5.09677,90,22,6,17,1
5.87097,66,22,2,15,14
9.16129,88,22,15,4,21,7,3
6,62,22,20,2,7
5.29032,84,22,20,12,17
7.93548,64,22,22,18,16,16,9,8
5.54839,76,22,6,13,11
5.29032,84,22,14,6,1
5.29032,84,22,17,11,15
3.54839,76,22,5,7
5.87097,66,22,7,15,7,3,22
4.96774,94,22,17,16,4
7.48387,78,22,14,19,21,16
5.74194,70,22,11,3,7
5.6129,74,22,14,2,6
3.6129,74,22,13,13,1
5.22581,86,22,17,11,7
5.6129,74,22,19,11,6
5.93548,64,22,19,3,5
7.80645,68,22,7,20,3,3,12
7.67742,72,22,18,21,20,3
5.74194,70,22,8,21,18,8
5.93548,64,22,17,12,21
7.80645,68,22,18,16,8,19
4,62,22,22,20,11
6.96774,94,22,17,7,13,13,8
8.70968,102,22,7,15,7,18,2,9
5.67742,72,22,5,1,19
4.90323,96,22,1,21,16
5.03226,92,22,2,6,19
5.87097,66,22,16,14,8
4.32258,114,22,19,13,13,16
3.87097,66,22,12,12,16
5.16129,88,22,11,9,12
9.54839,76,22,21,14,11,18,12
5.48387,78,22,3,12,17
5.22581,86,22,1,1,5,3
4.90323,96,22,17,5,20
5.29032,84,22,6,3,15
5.03226,92,22,16,14,10
5.29032,84,22,11,5,19
5.48387,78,22,20,13,7
3.09677,90,22,10,2
7.54839,76,22,17,16,10,18
3.80645,68,22,10,14
3.87097,66,22,2,14,22
4.96774,94,22,10,1,6
5.80645,68,22,19,7,16
5.74194,70,22,20,14,3
4.83871,98,22,13,13,7,7,7,5
3.93548,64,22,2,17
5.22581,86,22,7,20,3,7
3.22581,86,22,13,9
6.25806,116,22,21,10,9,13
5.35484,82,22,20,7,4
10.4516,110,22,15,22,19,10,5,16,4
4.64516,104,22,18,13,9
9.67742,72,22,18,22,15,11,8,12
7.93548,64,22,22,21,14,12,21,4
6,62,22,21,2,18
3.80645,68,22,4,1
5.6129,74,22,1,11,13
6.70968,102,22,8,1,12,5
5.09677,90,22,6,11,7
5.54839,76,22,4,6,8
3.35484,82,22,9,2
5.67742,72,22,9,1,9,18
7.22581,86,22,17,15,11,7
5.80645,68,22,12,15,6
3.80645,68,22,13,19
3.93548,64,22,5,17
7.80645,68,22,22,10,9,10,16,19
7.09677,90,22,21,15,2,17
5.09677,90,22,19,20,6
5.80645,68,22,4,19,14
7.87097,66,22,7,12,1,3
5.22581,86,22,4,18,4,15
7.35484,82,22,2,12,18,17
3.29032,84,22,22,10,6
7.09677,90,22,12,21,2,1
3.80645,68,22,12,10
5.29032,84,22,3,16,18
5.80645,68,22,20,21,13
5.74194,70,22,13,4,8
5.87097,66,22,21,7,5
3.87097,66,22,13,13,18
3.87097,66,22,4,11
5.6129,74,22,7,5,18
7.74194,70,22,15,10,15,7,22,2
5.16129,88,22,3,15,10
3.74194,70,22,5,3
4,62,22,20,11
4,62,22,10,8
7.41935,80,22,21,20,4,7
6.64516,104,22,8,18,1,13
5.93548,64,22,1,14,3
6,62,22,8,11,15
4.77419,100,22,18,4,9
3.09677,90,22,10,2
7.09677,90,22,17,9,1,2
3.74194,70,22,11,13
2.83871,98,22,5,13
3.48387,78,22,16,2
3.6129,74,22,16,6
3.87097,66,22,5,8
5.16129,88,22,19,6,3
5.6129,74,22,20,21,11
3.35484,82,22,9,2
5.87097,66,22,12,8,7
5.35484,82,22,11,14,10
5.54839,76,22,15,22,3,17
5.41935,80,22,16,17,16,18
5.41935,80,22,2,14,9
3.41935,80,22,20,16
3.87097,66,22,13,18
5.03226,92,22,13,2,16
7.80645,68,22,6,22,21,12,4
5.03226,92,22,9,15,13
5.16129,88,22,22,4,7,7,10
3.29032,84,22,4,10
7.74194,70,22,21,1,14,15
4.96774,94,22,20,7,9
7.41935,80,22,7,4,2,20,7
7.35484,82,22,21,3,12,9
4,62,22,9,3
7.48387,78,22,21,1,8,10
3.54839,76,22,10,21
5.29032,84,22,4,6,11
3.48387,78,22,16,16,20
5.41935,80,22,17,17,22,14,17,18
3.16129,88,22,22,5,5,6
7.48387,78,22,11,1,14,2
5.67742,72,22,17,20,21
4.77419,100,22,19,19,20,9
5.03226,92,22,6,19,6,1
5.48387,78,22,16,15,12
3.41935,80,22,20,16
5.74194,70,22,17,22,11,21
7.6129,74,22,19,16,11,14
3.74194,70,22,22,11,13
9.09677,90,22,14,8,3,20,19
5.22581,86,22,2,8,5
7.54839,76,22,7,12,18,2
3.80645,68,22,13,8
3.87097,66,22,10,15
2.90323,96,22,5,4
5.03226,92,22,19,13,11
7.80645,68,22,14,12,19,14,3
3.80645,68,22,4,1
3.54839,76,22,1,17
3.74194,70,22,3,6
3.93548,64,22,12,17
9.54839,76,22,1,11,8,3,2
3.80645,68,22,13,8
7.48387,78,22,21,4,15,6
7.67742,72,22,9,5,1,3
4,62,22,22,20,18
6.64516,104,22,1,10,5,6
3.09677,90,22,10,20
3.67742,72,22,11,4
7.54839,76,22,14,15,16,11
7.35484,82,22,17,15,6,8
5.29032,84,22,6,20,3
5.22581,86,22,11,18,20
5.54839,76,22,10,22,2,4
6.96774,94,22,8,3,16,7
7.87097,66,22,22,21,7,2,12
3.67742,72,22,11,11,3,22
5.67742,72,22,11,15,14
5.41935,80,22,17,11,5
3.29032,84,22,4,10
3.74194,70,22,13,17
5.22581,86,22,11,18,4
7.41935,80,22,17,7,4,15
6,62,22,14,11,7
7.48387,78,22,1,11,14,6
5.22581,86,22,21,2,10
3.80645,68,22,10,14
6.83871,98,22,7,1,12,16
4.90323,96,22,1,22,12,17
5.87097,66,22,18,12,17
5.09677,90,22,15,4,10
4.77419,100,22,17,17,5,4
4.45161,110,22,1,16,13
5.29032,84,22,21,6,10
5.29032,84,22,21,22,11,13
7.67742,72,22,8,14,15,1
5.6129,74,22,11,9,19
5.87097,66,22,1,8,16
3.80645,68,22,9,7
5.80645,68,22,18,4,20
3.80645,68,22,16,12
5.35484,82,22,13,7,2
3.74194,70,22,6,5
5.09677,90,22,17,13,11
3.22581,86,22,20,5
5.93548,64,22,17,7,9
3.80645,68,22,10,14
3.93548,64,22,12,9
3.54839,76,22,10,21
3.93548,64,22,3,10
5.74194,70,22,19,9,3
5.16129,88,22,17,21,8,17
5.87097,66,22,16,19,19,1
5.22581,86,22,6,4,6,5
5.35484,82,22,9,8,16
7.67742,72,22,22,6,15,21,21,17
4,62,22,10,18
5.35484,82,22,5,9,21
5.35484,82,22,13,6,6,19
5.41935,80,22,3,18,5
3.09677,90,22,10,20
8,62,22,3,14,8,11
5.48387,78,22,15,12,22,4
5.74194,70,22,14,21,5
6,62,22,3,16,9
6.96774,94,22,21,8,5,15
5.22581,86,22,17,3,13
5.54839,76,22,18,4,18,2
5.41935,80,22,21,10,11
5.67742,72,22,16,14,7
2.83871,98,22,5,13
5.41935,80,22,1,11,17
4,62,22,9,14
7.03226,92,22,14,4,13,1
3.87097,66,22,4,11
3.22581,86,22,13,9
5.87097,66,22,8,21,1
4.64516,104,22,18,13,9
3.16129,88,22,17,11,22
4,62,22,11,7
6,62,22,8,7,17
3.87097,66,22,20,1
5.87097,66,22,4,3,12
5.74194,70,22,15,13,15,5
5.6129,74,22,8,7,3
3.54839,76,22,11,17
5.67742,72,22,7,12,5
9.41936,80,22,14,21,8,1,7
3.29032,84,22,10,6
3.35484,82,22,9,20
5.87097,66,22,11,1,7
3.03226,92,22,13,5
5.48387,78,22,20,15,8
7.80645,68,22,4,21,12,14
5.09677,90,22,9,18,4
5.16129,88,22,16,14,13
3.87097,66,22,5,18
5.48387,78,22,18,5,14
4.77419,100,22,2,6,3
3.09677,90,22,13,16
4,62,22,22,1,7
3.74194,70,22,6,5
3.87097,66,22,1,2
3.93548,64,22,2,17
5.6129,74,22,12,15,3
4.96774,94,22,2,18,13
6.90323,96,22,6,15,17,20
5.74194,70,22,14,14,7,5
3.87097,66,22,13,18
5.93548,64,22,16,18,7
5.35484,82,22,5,11,18
3.67742,72,22,20,17
6.3871,112,22,18,8,5,20
5.41935,80,22,1,15,6
4.83871,98,22,17,9,13
3.80645,68,22,10,3
5.16129,88,22,3,3,3,16,17
3.93548,64,22,2,17
5.35484,82,22,5,11,18
5.6129,74,22,14,2,1
5.09677,90,22,17,13,19
3.41935,80,22,20,16
5.22581,86,22,21,16,7
4.70968,102,22,17,4,16
5.87097,66,22,14,12,9
5.16129,88,22,10,17,6
3.74194,70,22,5,15
3.03226,92,22,13,5
6.90323,96,22,15,15,7,13,7,13,16
3.41935,80,22,5,12
5.03226,92,22,16,17,4
3.35484,82,22,5,21
3.67742,72,22,3,3,17
5.48387,78,22,16,11,7
5.35484,82,22,6,11,18
5.93548,64,22,18,9,8
3.03226,92,22,10,4
5.67742,72,22,14,2,18
5.93548,64,22,1,22,15,4
7.35484,82,22,15,22,11,18,16
5.80645,68,22,19,7,19,4
3.93548,64,22,13,21,22
5.80645,68,22,22,20,22,12,14
5.6129,74,22,20,21,1
5.74194,70,22,17,20,12
5.87097,66,22,11,22,18,1
5.16129,88,22,21,5,17
3.74194,70,22,6,5
7.6129,74,22,15,12,7,7,2
9.74194,70,22,14,7,15,3,12
5.41935,80,22,18,13,15
6.83871,98,22,7,1,16,6
7.29032,84,22,14,21,3,6
5.87097,66,22,7,12,17
3.87097,66,22,4,11
3.74194,70,22,11,13
5.93548,64,22,21,11,10
7.87097,66,22,12,19,14,7
3.6129,74,22,1,6
3.6129,74,22,16,6
3.80645,68,22,1,20
5.87097,66,22,6,15,9
5.80645,68,22,2,11,3
7.41935,80,22,6,18,14,17
5.41936,80,22,5,11,12
4.25806,116,22,11,5,4
5.87097,66,22,6,8,18
3.80645,68,22,16,12
3.22581,86,22,3,4,22
3.67742,72,22,20,17
5.80645,68,22,16,3,12
3.54839,76,22,2,9
3.93548,64,22,11,14,22
3.29032,84,22,10,6
7.41935,80,22,17,18,19,20
5.41935,80,22,21,9,8
5.67742,72,22,3,18,11
5.67742,72,22,14,12,5
5.93548,64,22,17,18,17,6
9.16129,88,22,14,4,13,2,15
7.87097,66,22,14,15,11,3
5.93548,64,22,15,10,8
5.80645,68,22,17,6,18
3.80645,68,22,16,12
5.48387,78,22,11,14,16
3.67742,72,22,3,17
6,62,22,3,16,9
3.09677,90,22,10,2
3.22581,86,22,4,5
5.29032,84,22,2,21,10
5.87097,66,22,19,21,19,20
7.16129,88,22,17,19,11,2
5.54839,76,22,12,13,3
5.6129,74,22,12,20,18
5.80645,68,22,18,9,17
7.80645,68,22,19,15,2,13
5.74194,70,22,6,12,6,7
5.87097,66,22,11,19,12
7.03226,92,22,19,16,5,21
9.48387,78,22,21,21,15,18,8,20
7.48387,78,22,18,1,12,11
8.96774,94,22,19,14,6,14,8,17
3.09677,90,22,10,20
5.16129,88,22,4,13,9
5.48387,78,22,2,7,20
7.6129,74,22,7,11,7,18,10
7.09677,90,22,2,13,20,11
5.48387,78,22,22,6,21,12,22
5.93548,64,22,21,2,1
3.67742,72,22,11,4
5.6129,74,22,17,21,16
5.67742,72,22,9,15,19
3.93548,64,22,19,11,11,22
4,62,22,9,14
5.41935,80,22,3,16,11
7.22581,86,22,14,14,18,6,12
3.54839,76,22,1,17
3.74194,70,22,5,15
7.74194,70,22,22,17,16,9,15
5.87097,66,22,21,21,17,5
4.77419,100,22,19,6,5
3.67742,72,22,5,14
3.6129,74,22,16,6
3.93548,64,22,3,5
5.80645,68,22,7,8,11,22
4,62,22,3,13
7.67742,72,22,2,20,14,12
4.83871,98,22,18,10,4
7.29032,84,22,3,11,9,18
3.67742,72,22,9,21
5.35484,82,22,2,22,21,10
7.87097,66,22,19,8,21,1
5.03226,92,22,14,10,21
9.03226,92,22,18,11,19,8,4
6,62,22,1,9,1,19
5.41935,80,22,11,15,6
3.87097,66,22,5,18
5.41935,80,22,15,15,8,2,22
7.87097,66,22,15,8,15,1,9
3.54839,76,22,10,21
5.22581,86,22,4,21,22,13
5.16129,88,22,8,22,6,16
5.54839,76,22,11,3,5
3.67742,72,22,20,17
3.87097,66,22,16,16,21
5.03226,92,22,4,19,2
6,62,22,11,14,3
3.67742,72,22,20,17
3.93548,64,22,3,5
7.29032,84,22,8,8,3,16,18
5.48387,78,22,9,19,16
5.41935,80,22,17,13,7
6,62,22,4,7,21
3.67742,72,22,3,11,22
7.80645,68,22,21,4,12,2
8,62,22,14,15,7,11
5.74194,70,22,1,16,11
9.22581,86,22,21,19,7,15,5
7.74194,70,22,18,22,7,20,3
4.90323,96,22,11,12,5
3.80645,68,22,9,7
4.58065,106,22,6,2,5
4.51613,108,22,19,4,10
4.83871,98,22,8,17,12
5.41935,80,22,2,6,15
5.16129,88,22,9,15,15,1
7.03226,92,22,15,19,13,8
5.74194,70,22,16,9,21
5.54839,76,22,13,4,11
7.22581,86,22,17,18,18,18,1,15
7.35484,82,22,22,7,3,20,4
5.6129,74,22,6,14,13
7.09677,90,22,8,7,18,20
7.54839,76,22,21,3,8,17
6,62,22,8,22,22,19,16
6,62,22,8,11,15
4.64516,104,22,16,22,1,17
5.22581,86,22,1,18,2
6.90323,96,22,7,17,4,11
3.93548,64,22,6,16
5.29032,84,22,12,11,13
3.74194,70,22,20,6
3.87097,66,22,6,9
3.35484,82,22,22,22,16,4
5.93548,64,22,8,1,7
5.67742,72,22,12,4,7
5.74194,70,22,21,18,3,21
5.93548,64,22,6,22,14,13
6,62,22,9,16,15
4,62,22,4,4,17
5.35484,82,22,16,10,16,6
4.64516,104,22,8,17,11
7.54839,76,22,21,14,16,18
5.16129,88,22,19,22,9,9,21
4.70968,102,22,21,16,20
5.93548,64,22,15,22,6,11
3.93548,64,22,11,2
4,62,22,11,7
4.64516,104,22,10,22,12,5
4.83871,98,22,4,2,10
3.67742,72,22,20,17
5.29032,84,22,6,20,3
3.6129,74,22,11,6
3.87097,66,22,4,4,11
3.29032,84,22,4,10
3.54839,76,22,5,7
5.35484,82,22,21,12,22,16
5.67742,72,22,4,6,4,3
7.80645,68,22,7,22,14,22,7,8,9
5.93548,64,22,9,15,7
3.67742,72,22,5,14
5.6129,74,22,4,18,21
3.22581,86,22,20,5
5.03226,92,22,2,8,17
3.93548,64,22,3,5
5.80645,68,22,16,18,21
5.48387,78,22,20,15,8
3.80645,68,22,1,20
5.22581,86,22,4,14,10
7.74194,70,22,4,14,18,14,12
7.54839,76,22,19,8,11,6
5.41935,80,22,19,2,18
5.29032,84,22,14,19,10,10,14
5.54839,76,22,11,19,5
5.93548,64,22,15,4,18
5.48387,78,22,18,11,11,17
5.80645,68,22,9,8,1
5.74194,70,22,16,5,15
5.03226,92,22,19,20,17
7.09677,90,22,14,3,15,15,5
3.03226,92,22,13,5
5.67742,72,22,14,22,3,22,4
4.96774,94,22,14,6,5
5.74194,70,22,4,13,11
5.48387,78,22,16,3,21
3.16129,88,22,5,6
3.93548,64,22,2,2,17
5.35484,82,22,20,14,6
5.54839,76,22,11,19,5
5.93548,64,22,18,1,7
4,62,22,12,6
5.41935,80,22,21,9,8
5.93548,64,22,17,16,18
5.22581,86,22,1,1,18,20
3.80645,68,22,13,8
7.03226,92,22,20,2,12,9
4,62,22,10,18
5.67742,72,22,22,6,12,8
3.93548,64,22,12,17
4.77419,100,22,11,9,2
6.77419,100,22,7,2,4,9
3.22581,86,22,4,5
5.67742,72,22,16,3,1
7.41935,80,22,14,9,14,15,12
3.6129,74,22,22,1,6
9.35484,82,22,18,19,11,12,1
3.74194,70,22,13,17
5.16129,88,22,11,10,15
3.93548,64,22,12,9
5.29032,84,22,4,6,11
5.67742,72,22,3,11,2
7.74194,70,22,4,6,7,18
5.93548,64,22,19,5,1
3.03226,92,22,10,4
3.54839,76,22,1,13
6.96774,94,22,7,9,10,6
7.03226,92,22,6,4,7,16
4,62,22,13,22,11
5.29032,84,22,20,20,12,12,9
5.48387,78,22,17,20,4
5.93548,64,22,16,10,8
5.67742,72,22,17,12,4
5.80645,68,22,17,3,14
3.93548,64,22,5,17
4.45161,110,22,17,20,20,5
5.41935,80,22,1,15,6
5.6129,74,22,18,16,21
5.41935,80,22,12,15,10
5.80645,68,22,20,14,15
7.87097,66,22,16,9,10,15
5.93548,64,22,14,11,2
4,62,22,12,6
4.58065,106,22,12,4,10
3.67742,72,22,9,21
7.41935,80,22,14,4,13,15
5.48387,78,22,11,21,13
5.35484,82,22,18,19,10,22
3.93548,64,22,11,20
7.93548,64,22,22,21,22,17,18,8
5.48387,78,22,17,1,18
7.16129,88,22,7,22,14,22,1,20
5.93548,64,22,18,9,8
7.48387,78,22,5,1,11,9
7.16129,88,22,7,8,15,7,7,10
5.87097,66,22,17,10,8
7.6129,74,22,8,22,14,22,22,18,1
5.29032,84,22,14,17,13
5.87097,66,22,3,2,13
3.74194,70,22,5,3
5.54839,76,22,14,9,3
5.22581,86,22,10,10,11,15
3.93548,64,22,2,17
5.48387,78,22,6,19,17
5.29032,84,22,16,17,6
3.67742,72,22,10,7
5.6129,74,22,16,18,11
3.87097,66,22,4,11
7.41936,80,22,7,19,13,20
3.74194,70,22,3,3,6
5.54839,76,22,14,6,8
5.41935,80,22,8,12,17
5.48387,78,22,16,16,9,6
5.35484,82,22,11,16,16,3
5.87097,66,22,21,17,16
5.54839,76,22,2,4,4,19
4.51613,108,22,3,9,6
4.96774,94,22,22,11,15,5
3.80645,68,22,1,20
5.29032,84,22,6,20,3
5.54839,76,22,2,3,20
5.80645,68,22,6,7,16
4,62,22,9,3
5.48387,78,22,17,21,10
5.16129,88,22,4,18,4,3
5.48387,78,22,18,13,14
5.22581,86,22,2,6,14
5.74194,70,22,7,9,3
5.41935,80,22,21,2,16
3.48387,78,22,9,1,22
5.67742,72,22,19,17,17,6
5.03226,92,22,19,10,6
5.87097,66,22,10,1,9
5.80645,68,22,18,9,3
5.41935,80,22,19,2,11
7.22581,86,22,21,4,14,16
5.87097,66,22,6,4,18
7.22581,86,22,18,14,4,1
5.80645,68,22,4,20,21
3.93548,64,22,20,19
3.93548,64,22,5,17
5.93548,64,22,21,20,11
6,62,22,1,22,7,22,12
3.22581,86,22,13,9
5.29032,84,22,4,6,11
7.35484,82,22,15,3,7,12
6.83871,98,22,14,11,9,6
7.41935,80,22,2,21,8,7
5.93548,64,22,9,19,14
5.87097,66,22,19,16,17
3.67742,72,22,9,21
9.29032,84,22,15,14,7,3,20
5.16129,88,22,17,12,9
7.54839,76,22,18,7,8,2
7.6129,74,22,18,21,7,6,22
2.90323,96,22,5,4
5.03226,92,22,9,8,8,4
5.41935,80,22,19,17,4
7.22581,86,22,6,18,15,10
5.09677,90,22,22,4,3,5
7.74194,70,22,3,14,7,18
7.93548,64,22,6,14,3,8
6.3871,112,22,21,15,10,2
5.09677,90,22,6,11,7
4,62,22,13,15
3.67742,72,22,3,17
4,62,22,10,18
7.80645,68,22,14,14,15,10,15,14,8
4.51613,108,22,12,12,22,9,9,20
4,62,22,1,22,13
5.80645,68,22,7,10,19
6,62,22,17,19,16
5.80645,68,22,4,4,22,12,20
3.87097,66,22,13,18
5.29032,84,22,2,20,16
3.48387,78,22,16,16,20
3.22581,86,22,8,10,22
5.09677,90,22,11,9,21
3.80645,68,22,10,14
5.80645,68,22,2,14,1
5.74194,70,22,6,15,15,13
3.09677,90,22,10,20
5.41935,80,22,20,4,14
3.41935,80,22,5,12
7.29032,84,22,6,4,20,14
4.90323,96,22,13,2,5
3.67742,72,22,19,9,22
7.6129,74,22,2,21,8,21,18
8,62,22,3,8,21,15
5.48387,78,22,12,12,8,6
4,62,22,20,8
4.19355,118,22,5,1,5,13
5.80645,68,22,14,12,16
5.87097,66,22,13,2,14
5.41935,80,22,1,16,14
6,62,22,14,3,13
5.09677,90,22,11,21,21,11,20
9.74194,70,22,22,14,18,12,19,3
5.03226,92,22,8,4,19
6,62,22,1,8,15
5.03226,92,22,12,22,22,20,1
3.87097,66,22,16,21
6,62,22,6,7,20
3.93548,64,22,22,3,10
4,62,22,13,15
7.16129,88,22,9,16,19,2
3.09677,90,22,13,16
3.67742,72,22,9,21
5.67742,72,22,1,12,2
5.87097,66,22,10,1,3
5.93548,64,22,6,21,11
5.67742,72,22,16,3,14
5.93548,64,22,18,1,7
5.6129,74,22,21,22,16,22,9
5.80645,68,22,13,12,11
3.35484,82,22,9,8,22
3.41935,80,22,2,5
5.22581,86,22,9,10,6
5.87097,66,22,20,12,11
7.41935,80,22,18,3,2,14
5.93548,64,22,16,5,19
5.67742,72,22,3,20,12
3.03226,92,22,13,10
4,62,22,8,13
5.67742,72,22,17,8,17,18
5.93548,64,22,8,3,21,22
7.22581,86,22,16,18,15,3
5.93548,64,22,7,17,6,7
3.54839,76,22,10,21
4.83871,98,22,18,5,20
5.16129,88,22,8,2,6
7.74194,70,22,12,20,21,15
3.93548,64,22,3,5
5.48387,78,22,4,7,13
6.77419,100,22,7,16,1,17
3.74194,70,22,9,12
7.16129,88,22,21,8,5,17
5.03226,92,22,14,10,12
7.09677,90,22,7,18,13,11
2.83871,98,22,5,13
5.74194,70,22,10,19,18
5.74194,70,22,18,18,16,7
3.80645,68,22,13,11
6,62,22,3,21,7
5.35484,82,22,3,7,12
5.35484,82,22,3,7,12
7.03226,92,22,2,21,20,11
5.35484,82,22,11,22,19,4
5.74194,70,22,13,12,4
5.87097,66,22,21,17,22,14
5.22581,86,22,12,22,3,4
6.45161,110,22,6,21,4,9
5.93548,64,22,18,9,8
5.87097,66,22,14,13,21
3.09677,90,22,5,2
3.74194,70,22,5,3
7.74194,70,22,19,15,14,9
5.35484,82,22,15,16,20
5.74194,70,22,21,11,11,7
4,62,22,13,3
7.80645,68,22,14,8,1,1,8,6
5.74194,70,22,17,14,13
4,62,22,22,22,22,20,11
3.54839,76,22,2,9
5.67742,72,22,6,3,14
4.77419,100,22,14,16,4
5.48387,78,22,2,22,14,5
7.67742,72,22,8,15,19,11
6.51613,108,22,14,18,5,20
5.22581,86,22,21,16,7
5.74194,70,22,8,2,21
3.22581,86,22,22,4,5
3.80645,68,22,4,1
3.74194,70,22,20,20,6
7.74194,70,22,15,16,19,1
7.54839,76,22,3,18,19,21
5.93548,64,22,6,2,13
5.67742,72,22,6,19,16
3.80645,68,22,6,10
3.87097,66,22,1,2
7.93548,64,22,15,11,19,21
5.54839,76,22,21,16,18
5.35484,82,22,20,13,3
5.41935,80,22,6,14,14,5
4.90323,96,22,3,4,17
4.90323,96,22,1,9,2
5.41935,80,22,8,9,3
5.22581,86,22,13,7,7,3
6,62,22,22,8,14,9
3.29032,84,22,4,10
5.67742,72,22,17,10,3
5.41935,80,22,8,10,18
5.67742,72,22,19,19,12,17
7.54839,76,22,12,3,2,4
5.54839,76,22,12,20,19
4,62,22,7,13,13,22
3.67742,72,22,19,22,9,19
3.16129,88,22,9,13
4.58065,106,22,12,4,10
5.87097,66,22,13,2,14
5.09677,90,22,14,15,14,9,22
4.58065,106,22,4,20,10
3.87097,66,22,20,1
5.16129,88,22,21,4,10
7.48387,78,22,21,2,21,22,17,4
4.96774,94,22,4,13,13,10
3.67742,72,22,20,17
5.29032,84,22,6,4,22,8
3.22581,86,22,4,5
5.22581,86,22,2,8,5
4.51613,108,22,12,4,5
5.35484,82,22,11,10,19
7.54839,76,22,20,12,3,18
5.41935,80,22,1,18,9
5.93548,64,22,9,1,10
3.22581,86,22,20,5
7.6129,74,22,7,7,22,8,8,16,19
3.35484,82,22,22,4,9
5.93548,64,22,17,12,21
5.48387,78,22,6,19,5
7.16129,88,22,19,3,2,1
8.77419,100,22,8,19,3,1,3,6
6,62,22,17,19,16
5.48387,78,22,16,9,6
6.83871,98,22,4,13,7,10
3.80645,68,22,10,3
3.35484,82,22,8,9,22
7.48387,78,22,14,20,14,12,12,7
3.16129,88,22,9,4
5.80645,68,22,22,22,10,1,19
4.77419,100,22,10,17,13
5.80645,68,22,1,12,12,14
8,62,22,14,5,9,10
7.67742,72,22,4,21,18,8
5.41935,80,22,21,11,11,11,4
5.03226,92,22,14,10,12
7.41935,80,22,12,22,7,8,8,7,13
3.93548,64,22,20,19
5.80645,68,22,21,12,16
7.35484,82,22,2,22,19,3,20
9.35484,82,22,19,18,14,20,4
3.54839,76,22,2,9
9.41936,80,22,18,14,19,18,8,2
5.87097,66,22,7,3,3,10
5.16129,88,22,7,20,5
5.03226,92,22,14,16,6
5.22581,86,22,11,5,8
4,62,22,20,22,1
3.80645,68,22,12,10
7.09677,90,22,7,3,15,13
5.54839,76,22,12,13,3
3.35484,82,22,9,2
5.74194,70,22,14,20,15
