5.6129,74,7,4,6,2
5.87097,66,7,20,2,8
3.93548,64,7,1,2
3.67742,72,7,16,9,7
5.74194,70,7,3,15,17
6,62,7,22,8,6
4,62,7,6,6,16
4.83871,98,7,8,13,19
5.22581,86,7,4,15,5
3.29032,84,7,4,5
5.74194,70,7,22,6,9
3.54839,76,7,5,14
6,62,7,22,8,6
3.29032,84,7,20,5
5.6129,74,7,14,10,19
5.80645,68,7,16,18,19
4,62,7,16,17
5.35484,82,7,14,10,22
5.03226,92,7,1,12,9
5.87097,66,7,8,18,7,19
3.67742,72,7,10,3
5.41935,80,7,21,9,15
4.70968,102,7,1,21,5
7.80645,68,7,22,19,3,5
5.87097,66,7,21,12,16
7.41935,80,7,3,14,18,20
4.77419,100,7,15,5,13
3.67742,72,7,16,21
3.16129,88,7,13,16
3.29032,84,7,9,9,9,11,7
7.80645,68,7,22,17,13,2
7.6129,74,7,15,6,21,15,21,3
5.6129,74,7,8,8,16,15
5.6129,74,7,17,10,15
5.54839,76,7,6,21,9
7.41935,80,7,22,12,15,11
5.93548,64,7,14,20,4
3.41935,80,7,16,6
5.6129,74,7,6,12,4
5.93548,64,7,16,19,8
4.90323,96,7,6,11,13
4.51613,108,7,16,11,16,4
6.77419,100,7,19,15,11,6
3.80645,68,7,9,22
5.03226,92,7,7,16,7,4,19
5.93548,64,7,13,20,12
5.93548,64,7,3,7,19,12
4.77419,100,7,1,9,13
3.93548,64,7,16,14
7.54839,76,7,14,1,3,9
5.22581,86,7,3,3,20,20,8
3.87097,66,7,12,10
8.19355,118,7,22,21,20,13,5
3.67742,72,7,13,1
2.90323,96,7,10,4
6.32258,114,7,21,6,6,13,5
9.29032,84,7,22,18,8,16,3
6,62,7,20,22,15
3.67742,72,7,1,4
5.35484,82,7,13,12,6
6.70968,102,7,6,13,2,5
3.87097,66,7,4,1
9.35484,82,7,22,12,18,15,4
3.93548,64,7,10,19
5.41935,80,7,18,13,15
7.6129,74,7,19,12,21,17
3.6129,74,7,2,9
5.54839,76,7,11,1,4
5.54839,76,7,3,18,6
3.35484,82,7,16,5,7
7.80645,68,7,15,18,13,21
7.22581,86,7,6,17,22,20
8.77419,100,7,22,19,9,1,6
3.74194,70,7,3,17
9.03226,92,7,22,12,15,18,4
5.74194,70,7,4,12,1
4.90323,96,7,8,9,6
6,62,7,15,9,17
3.87097,66,7,9,3
3.29032,84,7,4,5
5.41935,80,7,12,13,11
7.48387,78,7,17,19,15,12
5.93548,64,7,19,22,3
3.67742,72,7,1,6
5.67742,72,7,21,7,20,8
5.67742,72,7,3,14,16
4.3871,112,7,3,4,16
3.67742,72,7,10,3
4.77419,100,7,18,20,10
4.96774,94,7,1,16,6
5.54839,76,7,21,13,1
6.70968,102,7,9,10,1,1,13
5.29032,84,7,13,22,12
5.48387,78,7,3,3,18,5
6.83871,98,7,14,1,21,9
6.83871,98,7,15,13,2,9
5.74194,70,7,16,5,19
7.93548,64,7,22,16,9,14
4,62,7,16,15
7.29032,84,7,21,19,17,14
5.80645,68,7,14,14,14,7,11,14,21
3.29032,84,7,4,5
6.19355,118,7,1,1,5,9,5,13
5.87097,66,7,3,14,2
5.41935,80,7,21,10,19
3.48387,78,7,2,5
5.41935,80,7,21,11,6
6.3871,112,7,22,8,2,2,5
5.41935,80,7,2,18,17
7.74194,70,7,3,12,8,18
4,62,7,11,20
5.03226,92,7,14,9,6
3.74194,70,7,1,7,5
3.74194,70,7,3,17
6,62,7,3,21,22
3.80645,68,7,9,22
7.54839,76,7,18,19,11,13
3.22581,86,7,5,21
5.29032,84,7,2,19,17
7.29032,84,7,6,8,11,10
8.58065,106,7,15,21,6,4,9
4,62,7,3,5
5.87097,66,7,7,11,1,9,11
5.35484,82,7,7,6,3,15
6,62,7,14,2,3
5.87097,66,7,18,4,12
4.45161,110,7,7,14,10,13
3.22581,86,7,9,9,20
3.93548,64,7,10,17
4,62,7,7,12,17
5.16129,88,7,13,15,20
3.67742,72,7,13,1
3.80645,68,7,5,19
3.80645,68,7,9,22
5.6129,74,7,2,19,12
5.22581,86,7,17,20,15
5.6129,74,7,11,16,8
9.6129,74,7,19,14,18,22,13
9.09677,90,7,7,15,14,13,2,11
5.74194,70,7,12,1,18
3.80645,68,7,3,6
5.41935,80,7,8,4,20
3.67742,72,7,13,1
3.87097,66,7,10,8
5.93548,64,7,14,16,11
3.80645,68,7,5,19
3.67742,72,7,16,21
4,62,7,11,22
7.35484,82,7,15,12,11,12,6
7.80645,68,7,15,14,17,14,2
5.16129,88,7,18,9,2
2.77419,100,7,5,4
4.83871,98,7,2,11,6
4.96774,94,7,14,22,14,16,7
7.35484,82,7,3,11,16,18
3.87097,66,7,10,8
5.35484,82,7,14,13,19
3.29032,84,7,5,12
5.41935,80,7,8,20,14
3.48387,78,7,20,9
5.67742,72,7,17,16,15
5.16129,88,7,16,19,6
4.64516,104,7,11,11,11,16,4
5.80645,68,7,16,19,15
4.64516,104,7,14,10,20
7.54839,76,7,20,2,14,22
4.90323,96,7,1,18,1,17
8,62,7,18,6,22,15
5.48387,78,7,11,15,11,12
3.93548,64,7,12,16
3.41935,80,7,16,6
6.58065,106,7,18,2,21,5
5.93548,64,7,2,20,18
9.67742,72,7,8,19,8,3,3,12,22
3.80645,68,7,5,17
5.74194,70,7,3,18,11
6.96774,94,7,19,14,13,8
2.77419,100,7,10,13
5.93548,64,7,6,15,1
3.87097,66,7,10,7,20
3.93548,64,7,16,14
5.74194,70,7,10,16,18
5.74194,70,7,11,7,12,7,6
3.74194,70,7,10,15
3.87097,66,7,4,1
7.74194,70,7,15,11,18,12
11.2258,86,7,17,22,15,18,3,20
3.29032,84,7,17,5,7
5.74194,70,7,14,17,16
5.6129,74,7,19,15,1,19
5.54839,76,7,1,11,6
4.96774,94,7,21,5,22
5.74194,70,7,13,12,1
5.93548,64,7,13,6,4
3.87097,66,7,4,1
5.93548,64,7,22,10,19
7.22581,86,7,15,8,2,18
5.54839,76,7,16,5,5,15
5.6129,74,7,19,11,4
3.22581,86,7,5,21
5.48387,78,7,6,1,5
7.48387,78,7,2,2,7,21,15,13
5.74194,70,7,1,19,9
7.80645,68,7,14,21,22,11
3.67742,72,7,6,8,7
5.29032,84,7,13,14,20
4.51613,108,7,2,8,2,5
3.41935,80,7,10,12
3.93548,64,7,4,11
5.93548,64,7,15,10,18
7.29032,84,7,22,17,2,8
5.74194,70,7,18,7,7,3,22
4.77419,100,7,17,13,1
6.90323,96,7,14,12,2,5
9.09677,90,7,15,14,22,21,15,5
3.41935,80,7,10,12
4,62,7,16,22
5.29032,84,7,12,22,10
5.35484,82,7,8,22,5
6,62,7,7,12,22,17
4.96774,94,7,16,8,17
7.29032,84,7,21,4,2,4,11
7.6129,74,7,18,3,8,17
3.6129,74,7,5,15
3.80645,68,7,9,22
4,62,7,3,10
3.6129,74,7,2,9
4.70968,102,7,3,2,9
3.41935,80,7,4,9
5.35484,82,7,17,9,17,8
5.80645,68,7,13,21,6
4,62,7,9,18
5.48387,78,7,17,6,2
2.96774,94,7,16,13
3.16129,88,7,13,3,7
7.67742,72,7,15,16,22,17
5.48387,78,7,19,1,17
7.09677,90,7,18,3,21,16
7.48387,78,7,4,7,14,19,2
5.54839,76,7,12,6,4
9.74194,70,7,8,7,15,21,3,14
5.6129,74,7,16,10,15
3.87097,66,7,10,18
3.80645,68,7,9,22
7.03226,92,7,15,12,1,6
3.93548,64,7,11,18,7
4,62,7,9,18
3.80645,68,7,20,6
5.80645,68,7,1,12,21
7.16129,88,7,17,14,3,16
5.87097,66,7,18,18,3,10
7.16129,88,7,19,15,17,20
5.41935,80,7,4,19,16
5.67742,72,7,18,5,8
3.87097,66,7,13,19
5.80645,68,7,9,9,19,8
7.87097,66,7,22,21,22,13,12
4,62,7,2,7,10
7.80645,68,7,14,11,16,1
5.80645,68,7,17,18,10
7.67742,72,7,19,9,5,5,5,11
5.48387,78,7,2,3,9
7.29032,84,7,19,12,8,5
5.6129,74,7,8,11,11,6
7.48387,78,7,19,10,10,9,17
3.93548,64,7,9,7,3
3.67742,72,7,11,6
7.48387,78,7,3,14,1,16
5.54839,76,7,8,12,6
5.74194,70,7,19,20,21
5.35484,82,7,15,2,16
6.70968,102,7,18,2,4,1
7.93548,64,7,18,8,3,13
4,62,7,2,17
2.96774,94,7,7,7,16,13
6.77419,100,7,5,10,16,20
3.67742,72,7,13,1
3.80645,68,7,5,17
5.80645,68,7,9,10,8
4.90323,96,7,22,7,22,13,5
3.29032,84,7,13,9
5.74194,70,7,8,16,18
7.93548,64,7,14,8,21,1
5.09677,90,7,4,19,6
3.29032,84,7,16,2
6,62,7,20,12,13
3.48387,78,7,20,16
3.80645,68,7,6,5
4,62,7,11,20
3.03226,92,7,3,16,7
5.35484,82,7,17,11,18
5.80645,68,7,1,18,12
5.35484,82,7,16,18,17
7.54839,76,7,22,21,11,11,19,21
4,62,7,1,22
5.6129,74,7,13,20,3
3.67742,72,7,16,21
3.16129,88,7,6,11,7
5.87097,66,7,18,10,17
5.67742,72,7,15,3,17
5.74194,70,7,17,12,20
5.22581,86,7,3,20,11
3.6129,74,7,5,3
5.80645,68,7,2,13,3
3.29032,84,7,16,20
4.90323,96,7,18,5,2
5.22581,86,7,6,11,15
3.6129,74,7,2,9
6,62,7,19,15,13
7.41935,80,7,15,1,3,5
3.74194,70,7,5,18
2.96774,94,7,7,16,13
7.16129,88,7,11,19,18,4
5.16129,88,7,11,5,15
3.93548,64,7,16,3
4,62,7,3,10
7.74194,70,7,8,12,13,2
7.74194,70,7,18,12,1,10
4,62,7,16,22
4,62,7,3,10
7.22581,86,7,17,18,19,18,13
5.41935,80,7,17,2,22
6,62,7,14,16,1
3.48387,78,7,20,16
5.48387,78,7,20,7,19,2
9.29032,84,7,8,14,21,7,22,3
5.16129,88,7,13,12,10
3.54839,76,7,5,14
5.74194,70,7,21,13,19
5.74194,70,7,7,19,9,15
3.41935,80,7,4,9
5.80645,68,7,12,3,5
3.74194,70,7,11,4
9.54839,76,7,21,18,15,15,12,13
5.6129,74,7,3,21,1
6.90323,96,7,14,15,13,13,19
4.83871,98,7,6,11,4
3.22581,86,7,9,2
5.93548,64,7,19,8,8,13
6.77419,100,7,15,12,13,13,9
5.41935,80,7,15,19,10,7
5.6129,74,7,3,19,2
7.41935,80,7,8,12,3,16
5.09677,90,7,19,17,1
5.74194,70,7,6,14,17
4,62,7,16,15
4,62,7,20,19
7.6129,74,7,21,12,13,14
5.74194,70,7,1,12,2
5.67742,72,7,3,22,21
5.6129,74,7,1,10,19
3.41935,80,7,10,21
5.41935,80,7,4,20,4,18
9.48387,78,7,15,8,3,12,17
5.09677,90,7,16,18,4
3.80645,68,7,3,6
3.80645,68,7,11,13
2.77419,100,7,5,4
5.74194,70,7,17,6,14
5.22581,86,7,6,1,15
11.1613,88,7,22,7,14,19,12,19,3,9
5.6129,74,7,1,11,4
5.6129,74,7,9,10,3
3.87097,66,7,9,17
5.87097,66,7,17,2,13
2.96774,94,7,10,20
5.35484,82,7,19,21,13,7
3.41935,80,7,10,12
5.35484,82,7,8,10,15
5.29032,84,7,12,21,5
5.35484,82,7,6,21,5
3.41935,80,7,2,10
4.83871,98,7,3,13,8
7.87097,66,7,19,14,18,12,19
5.87097,66,7,21,6,14,21
4.77419,100,7,2,6,11
7.35484,82,7,15,6,8,16
6,62,7,1,11,15
5.67742,72,7,20,14,1
4,62,7,20,19
7.41935,80,7,21,22,2,15
3.6129,74,7,2,16
5.87097,66,7,14,3,15,14
7.29032,84,7,19,11,21,17
5.6129,74,7,13,3,19
4.90323,96,7,2,12,2,2,10
4,62,7,16,15
3.67742,72,7,10,14
5.29032,84,7,13,22,2
3.93548,64,7,13,18
4.90323,96,7,9,11,6
5.29032,84,7,14,17,17,20
7.41935,80,7,18,19,19,4,20
6.51613,108,7,15,7,12,4,10
7.67742,72,7,14,2,12,19
7.29032,84,7,8,19,3,6
5.22581,86,7,19,13,14
3.93548,64,7,10,17
3.6129,74,7,1,13
3.03226,92,7,5,6
5.67742,72,7,17,3,3,19
5.74194,70,7,2,19,2,7,14
6,62,7,15,3,13
4.96774,94,7,7,14,14,4,16
5.93548,64,7,3,21,8
7.48387,78,7,18,18,19,11,4
7.87097,66,7,3,19,21,14
3.29032,84,7,16,2
4.90323,96,7,10,5,20
3.09677,90,7,13,10
5.54839,76,7,15,11,17
3.41935,80,7,2,10
5.74194,70,7,21,4,1
7.54839,76,7,14,1,15,17
9.22581,86,7,6,7,18,18,16,10,19
5.67742,72,7,11,18,3
3.93548,64,7,5,11
5.67742,72,7,12,4,22
5.48387,78,7,3,4,3,18
7.80645,68,7,22,4,13,15
4.96774,94,7,7,19,4,4,1
5.16129,88,7,17,17,3,4
7.35484,82,7,12,19,15,9
3.67742,72,7,10,3
8.3871,112,7,19,11,9,10,2
5.35484,82,7,4,7,2,6
5.93548,64,7,15,1,22
5.80645,68,7,14,4,15
5.41935,80,7,1,15,12
7.22581,86,7,2,14,8,14,13
6,62,7,14,22,11
6.64516,104,7,4,2,20,10
3.74194,70,7,5,8
7.48387,78,7,21,18,3,4
5.93548,64,7,1,3,18
5.67742,72,7,7,1,10,11
2.96774,94,7,10,20
4.96774,94,7,17,7,4,16
4.77419,100,7,6,2,16
3.16129,88,7,10,6
6.90323,96,7,13,4,6,16
5.93548,64,7,19,18,13
7.22581,86,7,13,7,13,21,15,1
5.80645,68,7,17,3,11
5.09677,90,7,4,17,9
6.90323,96,7,19,8,10,12
6.58065,106,7,21,21,19,6,16
5.48387,78,7,7,20,13,22
5.93548,64,7,21,16,21,12
5.93548,64,7,15,20,20,18
7.54839,76,7,18,11,3,13
7.48387,78,7,2,3,11,12
7.74194,70,7,2,4,21,12
7.48387,78,7,1,10,9,18
5.6129,74,7,3,12,6
3.67742,72,7,13,1
5.16129,88,7,2,11,20
5.87097,66,7,13,13,2,22
4,62,7,12,17
5.67742,72,7,3,14,13
3.87097,66,7,9,17
6,62,7,17,22,10
5.80645,68,7,12,22,6
5.09677,90,7,13,3,22
3.29032,84,7,20,10
3.80645,68,7,11,13
4.77419,100,7,3,4,1
7.41935,80,7,22,22,1,10,19
5.93548,64,7,3,21,2
5.29032,84,7,2,7,12,6
5.80645,68,7,4,3,1
2.77419,100,7,10,13
5.74194,70,7,17,10,18
9.6129,74,7,19,15,8,8,14,11
7.67742,72,7,22,15,20,1
5.74194,70,7,7,13,3,11
4,62,7,2,17
4,62,7,16,17
4,62,7,16,15
5.35484,82,7,17,11,18
3.35484,82,7,18,18,5,7
5.03226,92,7,20,13,1
3.48387,78,7,2,5
4,62,7,9,18
4.64516,104,7,12,13,5
5.29032,84,7,12,7,20,8
5.74194,70,7,16,5,17
5.35484,82,7,3,16,8
4.51613,108,7,17,4,9
9.93548,64,7,19,15,22,21,2
5.35484,82,7,4,21,4,1
7.6129,74,7,7,22,18,5,19
3.09677,90,7,13,5
5.54839,76,7,4,17,15
4.96774,94,7,7,17,13,11
5.22581,86,7,17,21,5
5.22581,86,7,3,7,4,19
5.54839,76,7,4,6,12
5.93548,64,7,21,7,19,20
7.16129,88,7,19,17,22,3
6.96774,94,7,22,6,17,17,11
6.58065,106,7,1,16,5,16,20
4.83871,98,7,16,10,2
7.09677,90,7,22,10,1,2
5.74194,70,7,2,2,2,19,3
3.03226,92,7,9,13
5.48387,78,7,9,5,22
5.54839,76,7,11,12,11,21
4.83871,98,7,8,9,20
3.54839,76,7,9,21
5.87097,66,7,13,6,22
4,62,7,3,5
7.6129,74,7,6,21,12,1
5.41935,80,7,6,4,7,12
3.03226,92,7,9,4
5.67742,72,7,14,20,18
3.09677,90,7,13,13,5
3.29032,84,7,4,4,5
5.80645,68,7,13,6,21
3.93548,64,7,12,16
3.41935,80,7,10,12
5.54839,76,7,6,2,22
5.16129,88,7,16,19,2
5.93548,64,7,12,3,16
5.87097,66,7,19,11,20
4.90323,96,7,4,3,17
5.93548,64,7,17,11,1
4.3871,112,7,6,20,10
5.16129,88,7,15,9,4
4,62,7,11,2
7.41935,80,7,4,2,12,1
3.93548,64,7,10,19
2.96774,94,7,16,13
5.41935,80,7,6,3,2
6,62,7,13,12,18
5.67742,72,7,9,10,9,22
5.29032,84,7,6,4,7,20
5.6129,74,7,15,13,13,8
3.87097,66,7,9,17
5.6129,74,7,2,8,15
7.93548,64,7,3,18,22,15
7.87097,66,7,15,17,18,19,15
4,62,7,11,22
7.74194,70,7,1,11,3,3,20
3.67742,72,7,11,6
5.74194,70,7,22,13,18
7.54839,76,7,21,8,11,13
5.80645,68,7,3,21,6
7.22581,86,7,15,17,8,2
3.35484,82,7,19,10,7
5.03226,92,7,6,12,16
6,62,7,3,9,10
5.16129,88,7,13,21,7,3
5.67742,72,7,18,20,15
5.22581,86,7,6,20,22
5.16129,88,7,18,3,7,13
4.90323,96,7,17,12,10
5.22581,86,7,11,10,15
3.87097,66,7,6,10
3.93548,64,7,10,19
9.16129,88,7,8,14,19,16,15
5.80645,68,7,13,6,21
3.6129,74,7,2,9
7.74194,70,7,18,19,16,9,19
7.29032,84,7,21,7,14,20,11
9.6129,74,7,14,3,11,12,2
4,62,7,9,8
3.80645,68,7,11,13
7.80645,68,7,8,19,15,3
5.41935,80,7,2,15,20
6,62,7,11,10,16
9.87097,66,7,8,18,14,15,19
7.6129,74,7,12,8,12,8,11,18
8,62,7,2,21,21,4,13
5.16129,88,7,4,17,19
2.77419,100,7,10,13
5.41935,80,7,4,18,17
5.35484,82,7,11,11,10,8
3.93548,64,7,10,19
7.35484,82,7,2,3,11,10
3.80645,68,7,5,17
5.87097,66,7,14,1,2
5.54839,76,7,2,13,17
3.93548,64,7,13,18
4.96774,94,7,17,20,1
5.67742,72,7,16,5,16,14
7.67742,72,7,22,21,6,8
5.09677,90,7,6,3,10
7.41935,80,7,14,15,15,6,6,8
7.48387,78,7,12,21,18,16
6,62,7,20,2,22
4.70968,102,7,12,6,12,10
6.3871,112,7,14,19,20,10
7.16129,88,7,17,19,11,19,5
3.93548,64,7,16,3
3.80645,68,7,9,22
5.03226,92,7,1,7,7,12,17
5.48387,78,7,1,5,19
9.93548,64,7,18,19,15,22,2
5.41935,80,7,20,18,3
3.03226,92,7,5,6
6,62,7,1,19,15,7
5.74194,70,7,6,7,20,3
3.16129,88,7,10,6
3.87097,66,7,10,18
5.87097,66,7,14,17,21
5.80645,68,7,14,16,18
5.22581,86,7,17,11,21
5.48387,78,7,1,14,9
3.74194,70,7,10,15
6.90323,96,7,6,14,1,20
3.48387,78,7,20,9
3.87097,66,7,10,18
5.35484,82,7,3,12,5
5.22581,86,7,8,17,19
5.09677,90,7,8,2,17
5.74194,70,7,16,5,5,17
5.67742,72,7,8,22,4
6,62,7,20,12,19
4.70968,102,7,21,9,20
3.80645,68,7,5,19
5.03226,92,7,17,10,6
7.35484,82,7,18,15,1,15,1,2
5.93548,64,7,17,15,10
5.48387,78,7,6,11,12
7.87097,66,7,1,14,21,15
7.6129,74,7,6,19,8,12
4.77419,100,7,11,16,2
3.6129,74,7,5,3
6.64516,104,7,18,15,2,10
7.67742,72,7,20,21,22,22,18
7.35484,82,7,22,17,10,9,7
9.35484,82,7,21,8,1,10,19
3.80645,68,7,5,17
2.90323,96,7,5,20
5.54839,76,7,12,11,20
5.80645,68,7,22,11,20
5.41935,80,7,2,1,18
6,62,7,16,9,8
5.74194,70,7,5,10,18
6.3871,112,7,8,14,20,5
3.93548,64,7,6,13,7
9.41936,80,7,19,8,15,22,3
5.35484,82,7,2,3,10
5.54839,76,7,11,1,4
5.22581,86,7,16,18,6
3.6129,74,7,12,11,7
3.87097,66,7,22,1,7
5.54839,76,7,17,13,6
7.16129,88,7,4,15,22,7,13
2.77419,100,7,5,4
7.09677,90,7,3,14,11,22
5.93548,64,7,21,12,17
7.54839,76,7,21,8,16,18
4,62,7,9,8
5.87097,66,7,7,11,3,20
5.16129,88,7,10,1,22
7.74194,70,7,3,11,19,22
5.48387,78,7,2,18,11
5.16129,88,7,22,21,7,7,20,22
3.48387,78,7,20,9
5.93548,64,7,1,3,21
5.80645,68,7,14,17,17,10
6.77419,100,7,18,14,20,5
4.90323,96,7,11,21,9
5.6129,74,7,17,16,16,14
3.87097,66,7,12,10
2.96774,94,7,10,10,2
3.80645,68,7,12,5
3.93548,64,7,16,14
4.83871,98,7,6,13,10
7.67742,72,7,18,18,3,2,21
5.09677,90,7,17,17,3,13
7.48387,78,7,1,11,5,11,12
4.45161,110,7,3,20,10
5.29032,84,7,8,7,11,20
3.6129,74,7,7,10,7,9
3.93548,64,7,1,2
3.67742,72,7,7,7,14,13,7
5.80645,68,7,2,3,21
7.22581,86,7,1,8,18,2
10,62,7,22,18,6,18,15,21
5.41935,80,7,18,7,3,6
5.67742,72,7,11,21,2
5.35484,82,7,4,8,16
3.6129,74,7,2,9
9.74194,70,7,18,21,22,19,15
7.93548,64,7,15,22,14,14,15,1
6.83871,98,7,19,19,11,5,5,11,4
7.54839,76,7,8,21,15,15,9
4,62,7,3,3,5
6,62,7,19,15,13
5.93548,64,7,3,4,13
5.80645,68,7,8,10,1
7.93548,64,7,7,20,7,21,12,3
5.16129,88,7,16,1,20
4.77419,100,7,12,6,3
3.80645,68,7,9,22
7.22581,86,7,19,7,22,22,3,10
7.29032,84,7,20,21,14,13
5.48387,78,7,6,11,16
5.09677,90,7,13,2,9
7.67742,72,7,15,2,21,17
5.87097,66,7,20,21,13
5.35484,82,7,22,17,9,7
7.09677,90,7,20,2,14,9
6,62,7,6,1,11
5.6129,74,7,3,15,7,6
9.80645,68,7,18,19,8,3,13
4,62,7,1,1,22
3.48387,78,7,2,5
4,62,7,11,20
5.41935,80,7,8,9,22
7.22581,86,7,7,22,16,8,5
5.87097,66,7,18,10,19
4.77419,100,7,16,10,4
7.54839,76,7,14,7,20,21,18
5.80645,68,7,19,16,22
5.67742,72,7,6,18,10
3.48387,78,7,2,5
5.80645,68,7,3,3,1,21
4,62,7,6,16
5.29032,84,7,20,13,18
4.90323,96,7,8,17,12
7.67742,72,7,2,13,6,4
7.22581,86,7,15,16,15,4,14
3.48387,78,7,4,16
5.93548,64,7,17,6,15
5.6129,74,7,22,11,13
6.96774,94,7,7,22,18,14,5,22
3.29032,84,7,13,9
3.6129,74,7,7,1,17
4,62,7,2,17
6,62,7,4,18,14
3.6129,74,7,1,17
3.80645,68,7,12,5
4.90323,96,7,6,13,16
7.74194,70,7,21,2,4,14
5.80645,68,7,3,8,6
6.90323,96,7,11,3,1,4
4.83871,98,7,2,13,5
7.22581,86,7,11,14,15,2
5.22581,86,7,9,9,1,20
3.93548,64,7,1,19,7
6,62,7,8,19,2
8,62,7,17,22,21,21,13
5.41935,80,7,19,9,12
5.22581,86,7,3,15,13
4.96774,94,7,19,16,4
3.16129,88,7,13,16
6.96774,94,7,22,6,4,9
3.6129,74,7,2,9
3.87097,66,7,4,1
5.54839,76,7,17,19,6
4.70968,102,7,9,10,13
3.80645,68,7,5,17
2.96774,94,7,16,13
3.93548,64,7,12,16
7.48387,78,7,15,20,2,17
4,62,7,2,17
5.16129,88,7,17,1,17,5
5.48387,78,7,13,20,22
3.48387,78,7,20,9
5.41935,80,7,1,5,8
3.41935,80,7,10,21
5.67742,72,7,2,19,11
4,62,7,12,9
4.45161,110,7,19,7,5,6
5.09677,90,7,1,1,15,13
3.67742,72,7,1,6
4.32258,114,7,3,4,9
5.67742,72,7,12,15,3
5.74194,70,7,12,18,7,19
5.16129,88,7,12,6,18
5.93548,64,7,20,11,1
5.22581,86,7,15,2,5
5.80645,68,7,11,18,21
7.87097,66,7,19,18,11,14
6.32258,114,7,14,15,5,2
5.03226,92,7,16,8,4
5.29032,84,7,12,1,20
4,62,7,20,22,7
5.48387,78,7,19,10,22
4,62,7,11,11,2
3.03226,92,7,9,13
3.6129,74,7,1,17
4,62,7,20,19
3.80645,68,7,20,6
7.6129,74,7,22,11,12,8
3.54839,76,7,5,14
3.93548,64,7,16,14
3.29032,84,7,16,2
3.41935,80,7,2,10
4.77419,100,7,8,17,3
5.41935,80,7,8,13,6
4,62,7,7,12,9
4,62,7,2,17
5.22581,86,7,17,20,15
3.67742,72,7,1,6
8,62,7,22,2,13,20
3.80645,68,7,5,17
5.41935,80,7,21,10,19
7.6129,74,7,18,15,1,21
3.16129,88,7,16,4
5.54839,76,7,7,20,22,6
3.16129,88,7,13,3,7
4.70968,102,7,4,17,20
6.83871,98,7,15,18,10,4
7.54839,76,7,21,7,4,4,12,13
6.96774,94,7,22,2,2,20,5
4,62,7,9,18
4.83871,98,7,19,3,7,10
7.6129,74,7,1,1,8,14,6
4.96774,94,7,17,13,8
3.93548,64,7,10,19
6,62,7,19,15,13
3.54839,76,7,5,14
5.87097,66,7,16,9,14
5.48387,78,7,20,7,2,22
5.74194,70,7,10,1,9
7.48387,78,7,7,19,12,14,16
6,62,7,22,4,18
7.74194,70,7,18,5,5,10,10,19
5.87097,66,7,2,22,19
5.93548,64,7,13,12,8
6,62,7,4,15,21
7.35484,82,7,6,18,22,12
3.93548,64,7,7,16,3
6.96774,94,7,18,7,20,12,17
7.6129,74,7,6,18,8,21
3.6129,74,7,5,3
5.6129,74,7,12,19,6
4.96774,94,7,22,13,16
9.09677,90,7,15,11,19,19,18,4
4.96774,94,7,17,16,2
6.3871,112,7,22,14,5,20
5.87097,66,7,2,7,19,9
5.93548,64,7,15,12,17
6,62,7,15,8,13
6,62,7,17,17,8,8,11
3.93548,64,7,6,13,13,7
7.74194,70,7,6,13,21,22
8,62,7,21,21,22,10,5
5.48387,78,7,6,6,11,12
5.29032,84,7,16,8,9
6.90323,96,7,5,10,9,2
5.35484,82,7,11,5,17
3.93548,64,7,6,9
3.41935,80,7,4,8,7
5.67742,72,7,1,9,15
5.35484,82,7,6,1,12
5.93548,64,7,20,12,11
5.87097,66,7,22,20,18
5.22581,86,7,1,5,22
5.29032,84,7,3,18,13
8,62,7,3,21,15,22
7.16129,88,7,8,12,13,12,8,2
5.54839,76,7,6,6,19,5
3.35484,82,7,4,10
4.64516,104,7,11,10,6
9.54839,76,7,18,12,4,13,21
5.93548,64,7,22,8,17
3.6129,74,7,7,16,12
5.74194,70,7,5,9,19
3.80645,68,7,3,6
5.22581,86,7,9,5,12
3.80645,68,7,5,19
5.87097,66,7,22,11,22,13
3.93548,64,7,12,16
5.6129,74,7,10,16,22
3.67742,72,7,11,6
3.80645,68,7,12,5
6.32258,114,7,22,7,8,4,16
5.29032,84,7,4,14,4,8
3.41935,80,7,16,6
3.74194,70,7,20,17
3.54839,76,7,5,14
5.48387,78,7,21,16,17
4,62,7,11,8,7
4.64516,104,7,9,9,5,13
3.16129,88,7,13,16
4.90323,96,7,5,1,20
3.6129,74,7,1,17
4.77419,100,7,10,1,13
5.67742,72,7,14,6,19
5.16129,88,7,6,13,6,5
5.67742,72,7,8,11,4
5.29032,84,7,19,6,8
5.35484,82,7,9,10,21
5.67742,72,7,22,16,12
5.35484,82,7,21,1,17
4.83871,98,7,16,11,17
3.6129,74,7,16,12
3.35484,82,7,1,16,7
5.48387,78,7,16,1,21
4,62,7,16,17
3.93548,64,7,16,3
5.87097,66,7,17,2,13
3.29032,84,7,16,11,7
7.54839,76,7,14,3,12,9
5.80645,68,7,1,15,21
4.58065,106,7,8,8,5,2
7.29032,84,7,8,11,5,17
5.6129,74,7,19,17,5
2.96774,94,7,16,13
3.29032,84,7,16,2
5.54839,76,7,3,12,17
5.54839,76,7,19,11,6
4,62,7,9,18
3.22581,86,7,10,1,7
5.93548,64,7,3,2,13
5.16129,88,7,4,19,4,19,4,4,3
5.48387,78,7,1,8,13
3.16129,88,7,10,6
3.93548,64,7,4,11
3.03226,92,7,9,4
9.35484,82,7,22,19,18,17,14
3.22581,86,7,17,20,7
6,62,7,19,22,16
5.03226,92,7,16,7,6,11
5.93548,64,7,3,11,21
4.90323,96,7,3,7,6,5
5.29032,84,7,13,3,2
3.54839,76,7,5,14
5.74194,70,7,1,15,14
3.6129,74,7,5,15
7.29032,84,7,21,1,10,18
7.54839,76,7,18,14,16,22
3.03226,92,7,9,4
3.22581,86,7,9,20
8.77419,100,7,18,16,9,11,17
7.93548,64,7,17,10,1,1,11
6,62,7,22,11,21
3.48387,78,7,4,16
6,62,7,14,11,2
5.16129,88,7,17,13,3
3.93548,64,7,4,2,7
7.41935,80,7,2,2,14,18,9
5.67742,72,7,14,12,7,8
5.80645,68,7,2,15,17
3.09677,90,7,5,1,7
5.67742,72,7,17,9,18
5.6129,74,7,12,20,19
4.83871,98,7,17,11,13
7.48387,78,7,19,10,19,14,20
7.74194,70,7,18,22,6,6,7,21
3.87097,66,7,9,17
5.6129,74,7,2,8,15
5.74194,70,7,7,18,7,4,19
7.54839,76,7,15,8,22,16
6,62,7,22,16,14
7.35484,82,7,15,4,20,3
7.29032,84,7,12,18,19,4
7.41935,80,7,14,18,2,15
4,62,7,3,5
5.35484,82,7,21,1,17
6,62,7,12,4,2
5.80645,68,7,7,3,21,6
3.67742,72,7,10,14
7.29032,84,7,20,15,22,8
4,62,7,16,17
5.80645,68,7,6,12,20
3.6129,74,7,1,17
3.6129,74,7,5,3
5.35484,82,7,21,4,16
3.48387,78,7,2,5
6,62,7,8,3,10
7.54839,76,7,20,12,2,4
3.29032,84,7,9,6
4.70968,102,7,1,21,5
6.51613,108,7,18,15,10,20
5.41935,80,7,2,13,1
5.22581,86,7,3,20,8
5.6129,74,7,16,16,7,14,4
3.35484,82,7,4,10
5.67742,72,7,17,18,4
3.6129,74,7,17,8,7
7.35484,82,7,22,11,1,4
4.64516,104,7,4,17,1
5.35484,82,7,6,20,14
7.80645,68,7,8,14,12,22
5.48387,78,7,17,5,3
5.6129,74,7,4,8,8,4,21
3.48387,78,7,20,9
3.03226,92,7,5,6
5.22581,86,7,8,5,15
5.6129,74,7,2,19,12
5.41935,80,7,7,12,4,8
4.83871,98,7,13,15,13,8
3.54839,76,7,5,14
3.87097,66,7,10,18
4.83871,98,7,8,6,11
5.67742,72,7,13,15,14
3.09677,90,7,13,13,10
5.41935,80,7,12,22,3
3.74194,70,7,5,8
7.87097,66,7,22,4,22,4,21,3
6.3871,112,7,3,8,16,4
5.74194,70,7,11,3,9
5.6129,74,7,3,15,8
