3.35484,82,3,6,11
3.74194,70,3,5,22
3.67742,72,3,13,17
5.41935,80,3,16,1,22
3.09677,90,3,3,5,20
7.29032,84,3,1,19,21,16
5.41935,80,3,15,8,4
3.67742,72,3,3,13,17
5.54839,76,3,8,10,21
5.41935,80,3,2,18,16
3.41935,80,3,17,2
7.03226,92,3,13,4,2,17
3.35484,82,3,17,13
5.41935,80,3,15,3,11,17
4.64516,104,3,3,19,5,13
5.6129,74,3,18,13,12
5.54839,76,3,14,4,14,5
5.48387,78,3,7,6,8
4.96774,94,3,19,3,5,21
3.48387,78,3,2,5
6.58065,106,3,12,1,16,4
9.48387,78,3,2,7,22,15,12
4.90323,96,3,9,17,4
3.93548,64,3,9,3,10
3.80645,68,3,6,17
3.54839,76,3,20,9
5.41935,80,3,14,13,18
3.22581,86,3,3,17,1
6.70968,102,3,19,18,16,4
5.67742,72,3,4,22,14
5.6129,74,3,15,11,16
7.35484,82,3,18,22,17,12
5.22581,86,3,3,12,4,16
3.41935,80,3,6,20
8,62,3,1,11,16,8
3.48387,78,3,9,6
5.74194,70,3,7,17,10
5.80645,68,3,7,2,12
3.35484,82,3,6,11
5.67742,72,3,4,22,4,6
3.41935,80,3,20,4,3
4,62,3,22,18,3
3.54839,76,3,10,10,3,17
5.03226,92,3,21,9,22
7.54839,76,3,21,18,21,17,15
3.54839,76,3,20,9
3.29032,84,3,3,4,16
5.80645,68,3,16,9,7
3.74194,70,3,17,6
4.96774,94,3,1,17,8
3.67742,72,3,4,1
5.87097,66,3,7,7,15,5
4.83871,98,3,13,7,13,11
5.67742,72,3,19,2,22
4.45161,110,3,22,20,9
3.03226,92,3,10,4
4.96774,94,3,3,4,4,6,9
5.22581,86,3,16,14,4
5.74194,70,3,15,15,8,22
7.93548,64,3,8,22,18,1
5.35484,82,3,1,10,6
3.16129,88,3,4,10
3.54839,76,3,2,18,3
3.35484,82,3,6,11
4.83871,98,3,4,13,10
8,62,3,3,8,7,22,20
7.22581,86,3,1,11,11,9,2
4.64516,104,3,14,13,16
7.80645,68,3,12,9,16,1
7.80645,68,3,8,21,8,18,20
4,62,3,4,18
7.41935,80,3,8,8,9,1,2
6.77419,100,3,19,19,7,6,5
3.67742,72,3,6,19
5.16129,88,3,1,13,22
7.22581,86,3,8,11,16,2
7.22581,86,3,15,14,22,11
3.22581,86,3,9,13
7.29032,84,3,18,14,17,9
3.22581,86,3,4,9
7.35484,82,3,3,19,7,4,22
3.87097,66,3,10,15
3.29032,84,3,17,20
6.51613,108,3,15,22,16,20
6,62,3,16,5,11
6,62,3,14,22,1
3.48387,78,3,5,12
7.54839,76,3,9,3,21,15,17
5.93548,64,3,13,2,13,6
3.74194,70,3,5,22
5.67742,72,3,16,14,12
3.54839,76,3,13,1
3.74194,70,3,9,21
2.90323,96,3,5,13
5.03226,92,3,16,1,13
5.6129,74,3,12,9,8
7.48387,78,3,11,11,12,8,2
5.74194,70,3,11,12,16
5.67742,72,3,7,18,4
3.93548,64,3,3,5,8
5.80645,68,3,8,2,11
5.16129,88,3,12,17,13
4.96774,94,3,16,14,10
7.6129,74,3,11,22,19,21
5.48387,78,3,20,13,15
6.96774,94,3,1,20,1,8,4
3.29032,84,3,4,16
3.16129,88,3,5,2
6.70968,102,3,19,14,9,9,2
4.77419,100,3,16,17,20
5.16129,88,3,20,15,20,19
4.96774,94,3,13,13,4,9
3.93548,64,3,4,19
5.74194,70,3,11,22,16
4.96774,94,3,10,9,4
7.6129,74,3,9,10,1,18
3.29032,84,3,10,10,6
7.48387,78,3,1,9,22,6
3.16129,88,3,5,2
5.41935,80,3,2,21,9
3.16129,88,3,13,9
5.6129,74,3,13,12,1
3.41935,80,3,9,20
5.41935,80,3,7,20,20,4
5.09677,90,3,12,12,5,5,22
3.87097,66,3,10,15
4.64516,104,3,14,16,13
5.67742,72,3,3,18,17,19
10.5161,108,3,8,5,9,16,10,20
5.22581,86,3,9,16,4
5.6129,74,3,14,18,16,14
3.16129,88,3,4,10
5.6129,74,3,18,3,15,2
3.74194,70,3,16,12
3.80645,68,3,9,10,3
9.54839,76,3,12,15,7,2,21
5.80645,68,3,11,5,15
4.25806,116,3,6,4,5
5.87097,66,3,14,17,21
4,62,3,13,14
4.58065,106,3,7,4,4,16
5.80645,68,3,5,10,15
7.35484,82,3,8,22,7,8,9
5.87097,66,3,2,13,22
4,62,3,9,22
4.45161,110,3,12,10,4
3.54839,76,3,10,12
7.29032,84,3,7,15,1,12
2.90323,96,3,10,13
3.87097,66,3,22,5
5.54839,76,3,1,13,1,14
5.93548,64,3,19,16,15
3.93548,64,3,13,15
5.48387,78,3,15,13,21
4,62,3,7,16
7.22581,86,3,20,2,12,6
3.87097,66,3,3,6,6,14
3.93548,64,3,5,18
7.29032,84,3,11,1,9,13
6,62,3,2,8,14
7.48387,78,3,18,7,4,12
5.16129,88,3,21,6,9
5.67742,72,3,18,17,5
3.41935,80,3,6,20
6.25806,116,3,14,20,13,9
3.48387,78,3,9,6
3.54839,76,3,17,3,10
3.41935,80,3,5,21
7.41935,80,3,10,1,11,5
3.54839,76,3,20,16
9.80645,68,3,11,18,14,22,21
9.54839,76,3,11,8,18,1,5
5.80645,68,3,18,8,4
3.80645,68,3,20,17
5.6129,74,3,2,8,15
5.93548,64,3,2,20,8
3.16129,88,3,4,10
7.35484,82,3,7,15,1,18
4.25806,116,3,15,3,10,20
6.32258,114,3,1,7,1,9,13
5.16129,88,3,13,13,7,20
4.90323,96,3,18,13,17
3.80645,68,3,10,22
6,62,3,14,4,12
6.32258,114,3,20,21,4,16
5.35484,82,3,4,14,20
3.54839,76,3,6,12
5.93548,64,3,21,8,10
7.41935,80,3,22,18,19,5
3.41935,80,3,17,12
3.74194,70,3,17,19
7.41935,80,3,1,21,2,7
5.6129,74,3,8,22,22,3,14
3.22581,86,3,9,4
3.74194,70,3,5,14
5.22581,86,3,20,15,13
3.80645,68,3,7,5
5.48387,78,3,15,20,4
5.48387,78,3,3,20,14,6
5.09677,90,3,20,13,1
3.35484,82,3,20,10
4,62,3,22,11
7.48387,78,3,7,15,6,14
5.41935,80,3,20,18,11
3.54839,76,3,20,9
5.87097,66,3,19,19,15,3,14
5.29032,84,3,2,21,22,3
5.41935,80,3,18,17,4
5.54839,76,3,19,21,5
4,62,3,9,22
3.74194,70,3,17,19
3.6129,74,3,5,7
6.32258,114,3,15,19,16,4
5.67742,72,3,19,7,5
7.67742,72,3,11,8,8,15,15,13
3.74194,70,3,17,17,14
7.22581,86,3,8,18,1,17
3.22581,86,3,9,13
5.87097,66,3,11,13,12
5.67742,72,3,22,22,19,10
5.41935,80,3,22,6,19
7.80645,68,3,14,11,12,19
7.54839,76,3,12,2,22,8
3.35484,82,3,17,13
5.16129,88,3,9,17,6
5.87097,66,3,20,13,6
5.16129,88,3,6,13,7
3.74194,70,3,17,19
5.41936,80,3,6,15,6,21
7.16129,88,3,14,11,7,20
4.77419,100,3,5,11,6
5.16129,88,3,10,9,2
5.6129,74,3,8,6,2
3.09677,90,3,10,2
5.22581,86,3,14,17,11
7.29032,84,3,8,15,10,17
4,62,3,2,17
9.80645,68,3,8,16,10,16,19,14
5.16129,88,3,19,9,20
5.67742,72,3,13,12,4
7.35484,82,3,19,3,3,9,10,22
5.6129,74,3,2,2,22,8
5.87097,66,3,1,10,22
5.6129,74,3,20,22,6
7.74194,70,3,12,10,9,1
4,62,3,22,1
5.74194,70,3,14,17,5
7.93548,64,3,14,11,8,22
3.22581,86,3,3,17,1
5.6129,74,3,4,13,19
7.22581,86,3,21,15,11,15,20
5.93548,64,3,21,18,6
7.67742,72,3,19,22,19,7,4
7.09677,90,3,21,1,9,17
3.29032,84,3,18,5,3
3.54839,76,3,10,12
3.48387,78,3,17,8
5.48387,78,3,19,20,22
5.80645,68,3,7,12,20
3.74194,70,3,17,5
5.67742,72,3,3,8,9,21
7.67742,72,3,8,12,20,18
3.74194,70,3,4,11
5.29032,84,3,18,2,19
4.96774,94,3,8,8,20,20,10
4,62,3,5,19
5.22581,86,3,17,15,2
3.74194,70,3,13,19
5.80645,68,3,14,1,20
5.22581,86,3,16,18,4
5.03226,92,3,6,3,18,2
7.6129,74,3,19,1,14,4
3.67742,72,3,16,3,17
5.87097,66,3,20,4,21
3.41935,80,3,16,16,2
4.25806,116,3,18,3,5,13
3.09677,90,3,16,13
4.90323,96,3,15,20,17
5.48387,78,3,20,13,15
7.74194,70,3,14,17,15,19
3.29032,84,3,15,4,3
7.03226,92,3,12,13,22,10
7.22581,86,3,14,3,1,22,12
3.22581,86,3,3,17,1
7.41935,80,3,14,14,12,3,12,11,10
9.67742,72,3,12,21,7,8,18
5.48387,78,3,13,6,14
4.96774,94,3,7,13,19
3.22581,86,3,6,16
5.67742,72,3,22,19,10
3.6129,74,3,19,10,3
3.6129,74,3,19,20,3
9.74194,70,3,21,12,18,14,7
5.6129,74,3,19,1,17
5.41935,80,3,2,13,1
3.74194,70,3,17,16
5.03226,92,3,5,10,20
7.87097,66,3,18,14,18,1,16
7.74194,70,3,1,19,12,4
5.22581,86,3,16,18,20
5.29032,84,3,5,11,21
3.80645,68,3,6,17
5.54839,76,3,18,1,2
4.83871,98,3,20,19,19,13
5.80645,68,3,12,3,17,15
3.48387,78,3,5,12
3.80645,68,3,10,22
5.35484,82,3,8,8,9,2
3.80645,68,3,10,14
7.6129,74,3,12,8,18,2
5.67742,72,3,21,13,15
5.93548,64,3,3,19,10,11
7.41935,80,3,22,14,21,11
5.09677,90,3,2,1,22
5.93548,64,3,7,6,15
5.41935,80,3,15,4,4,4,22
5.35484,82,3,22,16,18
9.22581,86,3,3,11,19,1,14,4
7.6129,74,3,11,18,16,1
3.93548,64,3,20,21,3
3.87097,66,3,15,3,6
5.54839,76,3,18,9,14
5.6129,74,3,3,8,20,1
8,62,3,1,7,18,14
3.35484,82,3,6,1
7.41935,80,3,1,11,6,15
5.87097,66,3,3,15,6,21
3.29032,84,3,4,16
7.74194,70,3,19,9,1,1,16
3.6129,74,3,2,9
3.22581,86,3,9,13
4.96774,94,3,10,19,19,4
6.25806,116,3,12,3,20,13,16
5.16129,88,3,20,18,5
5.35484,82,3,4,20,15
5.6129,74,3,7,19,5
3.80645,68,3,6,17
7.22581,86,3,19,11,15,9
3.67742,72,3,6,19
3.87097,66,3,7,10
3.93548,64,3,5,3,9
4.96774,94,3,13,2,16
6.90323,96,3,7,21,6,12
5.93548,64,3,1,1,22,6
3.54839,76,3,16,6
4.25806,116,3,12,5,13
5.16129,88,3,19,6,1
5.41935,80,3,7,17,8
5.54839,76,3,12,20,9
3.87097,66,3,17,18
5.29032,84,3,17,22,22,20
3.74194,70,3,5,22
5.48387,78,3,13,2,2,1
4.70968,102,3,1,2,5
5.74194,70,3,9,5,15
5.87097,66,3,22,16,5
3.48387,78,3,18,20,3
5.48387,78,3,8,20,6
5.67742,72,3,21,12,17
4.83871,98,3,6,21,16
6,62,3,8,22,11
3.80645,68,3,17,10
7.48387,78,3,19,14,12,5
3.6129,74,3,6,2
5.54839,76,3,9,14,11
4.90323,96,3,11,1,13,11
9.29032,84,3,11,1,12,2,8
5.16129,88,3,17,7,11
3.74194,70,3,5,14
4,62,3,22,9
3.74194,70,3,17,14
5.87097,66,3,1,16,7
6.12903,120,3,8,1,13,16
3.6129,74,3,6,2
5.48387,78,3,20,7,2
9.48387,78,3,18,3,8,7,21,20
7.87097,66,3,20,21,4,13
7.6129,74,3,12,15,7,10
5.41935,80,3,13,20,15
3.41935,80,3,17,12
6,62,3,1,14,16
5.93548,64,3,15,14,20
5.67742,72,3,4,14,4,4,21
5.80645,68,3,21,18,20
5.80645,68,3,13,13,12,19
7.87097,66,3,18,15,19,18,12
3.80645,68,3,16,21
3.80645,68,3,17,10
8,62,3,19,1,9,11
3.35484,82,3,18,4,3
5.6129,74,3,22,18,2
3.6129,74,3,2,9
3.29032,84,3,4,16
4.70968,102,3,3,5,11,17
3.93548,64,3,5,8
5.03226,92,3,1,6,12
5.29032,84,3,18,1,6
7.16129,88,3,1,12,12,19,6
6,62,3,2,12,4
9.03226,92,3,21,14,12,20,1
4.96774,94,3,20,3,13,18
4.90323,96,3,3,16,10,4
7.74194,70,3,12,15,14,20
3.74194,70,3,17,6
5.67742,72,3,11,4,12
5.67742,72,3,3,21,19,3,19,16
5.35484,82,3,14,13,19
4.70968,102,3,18,18,9,4
6,62,3,12,12,22,2
3.48387,78,3,2,5
5.6129,74,3,22,14,17
2.96774,94,3,13,5
5.67742,72,3,7,17,6
5.87097,66,3,12,8,13
5.87097,66,3,14,16,19
5.93548,64,3,12,8,17
3.93548,64,3,4,8
7.54839,76,3,12,22,14,2
6,62,3,22,15,9
3.41935,80,3,2,10
3.41935,80,3,16,20
5.80645,68,3,1,5,15
5.22581,86,3,16,15,11
6.96774,94,3,9,16,11,6
3.09677,90,3,16,13
5.29032,84,3,18,16,12
7.87097,66,3,14,14,18,19,21,3
7.80645,68,3,12,1,11,7
3.87097,66,3,10,15
5.35484,82,3,9,3,7,12
9.35484,82,3,18,18,15,17,22,4
5.09677,90,3,20,11,22
5.74194,70,3,10,19,18
3.03226,92,3,10,4
3.87097,66,3,20,6
3.74194,70,3,13,11
9.87097,66,3,11,1,14,12,4
3.80645,68,3,10,14
3.67742,72,3,17,9
5.03226,92,3,8,10,4
3.93548,64,3,16,7
6.3871,112,3,19,22,4,9
7.09677,90,3,12,4,7,16
3.16129,88,3,4,10
5.48387,78,3,19,9,21
5.22581,86,3,22,16,17
7.74194,70,3,2,12,21,19
8.77419,100,3,15,14,11,1,1,4
7.93548,64,3,14,18,16,11
3.41935,80,3,17,12
3.6129,74,3,2,16
5.74194,70,3,11,2,15
5.03226,92,3,20,20,4,1
6,62,3,3,1,1,4,13
7.87097,66,3,8,3,12,13,15
3.80645,68,3,13,18
5.74194,70,3,14,17,16
3.87097,66,3,9,9,7
5.93548,64,3,18,22,9
3.87097,66,3,20,6
4,62,3,10,8
3.87097,66,3,2,3,17
5.74194,70,3,19,19,9,22
3.74194,70,3,9,21
5.35484,82,3,20,14,9
3.93548,64,3,5,18
5.35484,82,3,11,17,5
5.48387,78,3,7,15,12,7
3.87097,66,3,6,14
3.74194,70,3,9,21
5.22581,86,3,8,18,4,8
3.29032,84,3,10,6
4,62,3,2,17
3.22581,86,3,17,1
5.93548,64,3,15,12,18
5.22581,86,3,3,8,4,2,8
5.93548,64,3,5,3,21,15
3.48387,78,3,2,5
3.93548,64,3,22,10
3.74194,70,3,17,5
7.09677,90,3,11,22,17,4
7.35484,82,3,14,22,16,8
7.74194,70,3,21,12,14,14,2
3.93548,64,3,5,18
3.41935,80,3,2,10
3.74194,70,3,17,19
3.87097,66,3,6,14
5.41935,80,3,8,17,12
7.03226,92,3,8,12,1,17
8.77419,100,3,9,9,16,11,1,17
5.03226,92,3,20,22,5
3.74194,70,3,17,5
3.35484,82,3,6,1
5.80645,68,3,11,13,21
5.93548,64,3,11,5,18
5.93548,64,3,12,14,17,14,3
6,62,3,22,4,13
3.41935,80,3,9,20
4,62,3,7,16
5.29032,84,3,4,7,22,4
5.29032,84,3,14,16,12
3.87097,66,3,6,14
5.48387,78,3,13,4,11
5.41935,80,3,7,19,4
3.67742,72,3,17,3,16
3.87097,66,3,17,18
5.16129,88,3,13,20,1
5.22581,86,3,15,15,20,15,20,20,8
4.83871,98,3,3,16,17,13
7.16129,88,3,19,14,11,19,20
5.67742,72,3,9,11,9,19
5.67742,72,3,8,17,17,9
3.22581,86,3,6,16
3.93548,64,3,11,15,3
5.29032,84,3,4,20,22
3.74194,70,3,17,16
3.80645,68,3,13,18
3.09677,90,3,6,10
5.41935,80,3,21,22,14,22,3
3.67742,72,3,10,7
4.83871,98,3,18,10,6
3.80645,68,3,6,17
5.6129,74,3,18,5,11
3.09677,90,3,16,13
5.16129,88,3,4,6,6,11
7.6129,74,3,1,22,1,11,5
5.6129,74,3,15,21,16
6,62,3,8,22,9
5.16129,88,3,20,19,19,5
6,62,3,4,21,2
7.87097,66,3,1,12,14,22
6.96774,94,3,21,7,2,7,10
3.41935,80,3,15,20,3
7.03226,92,3,15,15,8,18,20
5.16129,88,3,10,17,6
5.80645,68,3,20,19,14
3.35484,82,3,20,10
9.41936,80,3,18,14,22,15,18,9
4.32258,114,3,19,13,5
5.54839,76,3,4,7,8
5.80645,68,3,10,11,8
7.29032,84,3,19,7,17,8
5.16129,88,3,22,16,14
5.6129,74,3,20,8,21
5.29032,84,3,15,5,11
3.74194,70,3,16,12
4,62,3,5,17
5.09677,90,3,4,22,15,22,22,3
6.64516,104,3,8,8,13,4,16
5.54839,76,3,22,6,6,17
5.6129,74,3,21,6,2
5.48387,78,3,13,13,21,21,11
5.87097,66,3,4,12,21
6.06452,122,3,14,6,13,10
3.35484,82,3,17,13
5.67742,72,3,22,18,5
2.96774,94,3,13,5
5.16129,88,3,4,7,16
5.74194,70,3,19,2,7
4.45161,110,3,12,10,4
5.6129,74,3,9,1,7
9.29032,84,3,8,3,19,3,9,10,10,9,17
7.80645,68,3,14,1,11,22
11.2258,86,3,8,12,18,14,15,4
5.54839,76,3,19,20,7
7.09677,90,3,18,14,17,4
7.03226,92,3,7,17,7,6,19
3.80645,68,3,3,17,10
5.16129,88,3,3,9,8,20
7.48387,78,3,22,18,15,2
5.67742,72,3,8,20,19
5.29032,84,3,6,7,13
6,62,3,9,1,16
6,62,3,13,21,15
7.67742,72,3,12,11,21,8
5.41935,80,3,6,7,4
5.54839,76,3,12,2,16
4,62,3,5,19
3.87097,66,3,22,5
4,62,3,3,22,11
7.22581,86,3,19,7,17,2
6.96774,94,3,8,3,10,9,2
6,62,3,21,18,9
5.41935,80,3,1,22,22,1,2
5.87097,66,3,8,3,9,17
7.67742,72,3,8,12,11,15
5.41935,80,3,22,19,20
5.41935,80,3,15,6,8
4,62,3,4,18
5.80645,68,3,12,1,2
3.93548,64,3,13,15
3.22581,86,3,9,4
3.16129,88,3,6,6,22,3
9.6129,74,3,15,14,18,12,21
7.22581,86,3,8,16,15,16,17
5.48387,78,3,2,14,9
2.96774,94,3,13,10
6.3871,112,3,19,13,4,16
5.41935,80,3,17,15,12
5.54839,76,3,20,19,21
5.54839,76,3,7,13,21
3.48387,78,3,5,12
4.96774,94,3,21,4,10
5.93548,64,3,22,21,6
2.90323,96,3,5,13
7.87097,66,3,15,8,14,12
5.29032,84,3,11,4,8
5.93548,64,3,4,14,19
4.12903,120,3,1,13,5
7.80645,68,3,3,11,19,3,12,8
5.6129,74,3,7,19,5
5.16129,88,3,14,2,16
3.67742,72,3,6,19
6,62,3,18,11,16
7.54839,76,3,11,4,13,21
5.6129,74,3,1,15,10
5.67742,72,3,20,21,20,7
7.87097,66,3,8,9,11,14
5.87097,66,3,8,4,22
3.54839,76,3,13,1
5.87097,66,3,15,12,13
6.58065,106,3,8,13,2,9
3.54839,76,3,20,9
6,62,3,8,22,1
3.67742,72,3,10,7
3.22581,86,3,9,13
5.87097,66,3,19,21,11,3
5.48387,78,3,6,4,12
6,62,3,18,7,1
5.35484,82,3,15,8,17
5.87097,66,3,19,6,6,13
5.29032,84,3,4,20,22
5.35484,82,3,2,2,22,11
4.51613,108,3,12,5,2
9.54839,76,3,19,8,7,21,13
5.87097,66,3,15,19,15,9
3.74194,70,3,6,6,3,9
3.09677,90,3,5,20
7.16129,88,3,14,15,2,6
3.80645,68,3,6,17
3.41935,80,3,17,2
5.54839,76,3,16,18,1
5.22581,86,3,15,9,22
7.67742,72,3,12,4,12,1,19
3.80645,68,3,6,18
3.09677,90,3,10,2
5.35484,82,3,1,17,21
5.54839,76,3,5,11,9
5.22581,86,3,5,10,6
9.09677,90,3,14,11,9,5,22
4.90323,96,3,1,13,19
5.74194,70,3,14,2,19
5.48387,78,3,15,17,8
5.48387,78,3,1,17,1,5
7.67742,72,3,1,7,21,4
8.90323,96,3,8,9,5,10,20
4,62,3,21,10
3.93548,64,3,5,8
3.87097,66,3,17,18
5.74194,70,3,10,1,16
7.35484,82,3,18,17,7,8
3.48387,78,3,17,8
5.80645,68,3,1,14,5
7.41935,80,3,19,21,8,6
5.41935,80,3,3,14,4,11
7.87097,66,3,21,15,20,2
3.41935,80,3,17,2
6.58065,106,3,19,8,5,2
5.16129,88,3,7,17,11
7.67742,72,3,4,4,13,2,14
3.41935,80,3,5,21
4.90323,96,3,4,2,16
9.16129,88,3,12,15,21,8,2
5.22581,86,3,11,3,20,9
5.74194,70,3,8,2,6
3.54839,76,3,20,16
5.41935,80,3,11,7,5
6,62,3,7,11,1
5.48387,78,3,20,11,16
3.6129,74,3,2,16
4.83871,98,3,11,19,6,3
5.93548,64,3,20,21,13
3.35484,82,3,20,20,5
5.03226,92,3,15,12,5
8.70968,102,3,14,12,19,21,10
5.67742,72,3,11,2,8
7.74194,70,3,2,13,12,20
5.48387,78,3,12,9,17
5.48387,78,3,11,9,2
6,62,3,7,19,1
5.67742,72,3,15,7,8,15
3.74194,70,3,16,3,6
7.41935,80,3,8,18,21,20,3
5.67742,72,3,1,3,16,22
7.67742,72,3,8,16,10,14
5.93548,64,3,10,3,12,11
4.96774,94,3,18,4,1
3.67742,72,3,13,17
3.93548,64,3,5,18
3.87097,66,3,3,9,7
7.93548,64,3,21,2,7,22
7.16129,88,3,19,7,2,11
5.09677,90,3,1,6,6,6,8
5.6129,74,3,7,7,20,21
5.80645,68,3,8,10,22
6,62,3,21,4,22
7.6129,74,3,14,1,21,8
7.09677,90,3,7,14,22,9
4.83871,98,3,19,6,5
5.03226,92,3,13,20,6
5.54839,76,3,6,21,4
5.67742,72,3,11,6,11,12
5.74194,70,3,7,12,19
3.80645,68,3,9,12
3.74194,70,3,17,14
5.80645,68,3,9,18,22
6,62,3,15,15,12,21
3.74194,70,3,4,11
7.16129,88,3,19,21,11,22
5.67742,72,3,13,12,15
3.41935,80,3,16,20
7.03226,92,3,14,19,2,17
5.41935,80,3,6,7,12
5.22581,86,3,8,3,16,2
7.29032,84,3,19,18,21,22,3
4.64516,104,3,6,13,1
5.41935,80,3,15,8,4
7.67742,72,3,19,12,2,14
5.22581,86,3,2,6,18
5.29032,84,3,17,3,11,22
3.93548,64,3,2,3,6
4,62,3,22,11
4.90323,96,3,8,20,13,8
3.16129,88,3,12,5,3
7.87097,66,3,12,19,14,9
4.90323,96,3,11,2,5
5.87097,66,3,11,15,2
5.74194,70,3,9,19,21
3.74194,70,3,17,6
4,62,3,9,22
3.80645,68,3,11,5,3
5.74194,70,3,11,16,12
7.35484,82,3,10,16,1,18
3.41935,80,3,3,11,13,3
5.35484,82,3,20,22,12
7.80645,68,3,18,21,14,2
7.67742,72,3,12,19,17,7
5.80645,68,3,7,3,14,6
7.74194,70,3,12,19,2,2,19,18
3.87097,66,3,9,7
3.80645,68,3,13,18
5.29032,84,3,16,19,6
3.41935,80,3,5,21
5.41935,80,3,3,22,16,19
3.35484,82,3,20,10
3.22581,86,3,6,16
5.6129,74,3,2,8,15
3.74194,70,3,9,21
5.29032,84,3,7,17,13
4.96774,94,3,1,5,4
5.09677,90,3,19,16,4
4,62,3,21,10
4.51613,108,3,22,16,20
3.74194,70,3,17,5
3.09677,90,3,10,20
5.67742,72,3,22,17,9
5.67742,72,3,2,18,12
4.64516,104,3,9,17,11
3.29032,84,3,3,16,4
5.41935,80,3,2,12,16
5.29032,84,3,20,2,16
5.87097,66,3,4,7,21
5.54839,76,3,9,5,9,21
3.22581,86,3,9,13
3.29032,84,3,4,15,3
5.41935,80,3,21,17,4
5.35484,82,3,4,4,3,18,2
4,62,3,18,22,3
5.41935,80,3,19,13,7
5.6129,74,3,1,1,12,6
5.67742,72,3,7,18,20
7.6129,74,3,3,19,11,9,8
3.29032,84,3,10,6
5.48387,78,3,12,3,5,15
5.41935,80,3,11,16,20
5.54839,76,3,19,20,7
5.16129,88,3,4,3,16,17
7.93548,64,3,12,11,9,11,14
5.93548,64,3,2,19,14
3.54839,76,3,20,9
5.54839,76,3,6,21,8
5.93548,64,3,5,3,8,22
3.6129,74,3,20,19,3
5.67742,72,3,10,19,15
5.6129,74,3,11,11,12,5
7.22581,86,3,11,16,19,4
3.6129,74,3,2,9
5.87097,66,3,14,10,10,1
4.3871,112,3,7,4,5
3.41935,80,3,9,2
3.74194,70,3,17,16
8,62,3,20,7,22,15
4,62,3,4,18
4.77419,100,3,15,10,21
6.96774,94,3,16,19,8,19,4
5.22581,86,3,2,6,17
5.48387,78,3,21,12,5
7.87097,66,3,18,7,19,21
5.93548,64,3,8,20,14
3.29032,84,3,10,6
4.70968,102,3,20,13,9
3.41935,80,3,5,21
5.93548,64,3,15,15,19,19,10
5.80645,68,3,3,9,14,19
7.6129,74,3,14,21,8,17
6.90323,96,3,14,1,21,16
5.09677,90,3,6,4,8
5.93548,64,3,22,18,18,11
7.09677,90,3,8,16,15,10
4.96774,94,3,2,3,3,13,19
7.87097,66,3,15,7,22,11
3.74194,70,3,13,8
5.48387,78,3,18,5,17
5.48387,78,3,13,2,6
7.67742,72,3,18,15,4,21
5.87097,66,3,21,11,12
6,62,3,16,10,11
7.48387,78,3,11,14,2,15
2.90323,96,3,5,5,13
7.48387,78,3,2,21,15,9
6,62,3,18,12,22
5.67742,72,3,16,5,15
5.16129,88,3,3,7,4,17
6.64516,104,3,12,14,14,20,10
7.67742,72,3,21,6,21,19,1
5.93548,64,3,8,12,16
5.87097,66,3,4,7,21
7.87097,66,3,21,7,7,13,4
7.54839,76,3,2,4,6,15
7.67742,72,3,7,15,12,19
5.48387,78,3,7,7,11,12
7.22581,86,3,8,22,16,15
5.67742,72,3,12,9,19
4.70968,102,3,10,11,11,17
6,62,3,14,22,1
5.09677,90,3,22,13,14
7.35484,82,3,8,5,1,21
3.67742,72,3,6,19
5.54839,76,3,3,12,17,17,14
5.80645,68,3,7,17,21
7.74194,70,3,12,15,11,8
6,62,3,22,19,1
5.09677,90,3,12,5,14
3.03226,92,3,10,4
5.35484,82,3,6,4,22
6.51613,108,3,15,18,16,2
3.48387,78,3,17,8
9.6129,74,3,12,21,15,22,5
5.22581,86,3,4,20,11
9.6129,74,3,11,21,21,8,19,8,18
3.09677,90,3,6,10
5.35484,82,3,22,16,18
5.54839,76,3,11,13,7
3.74194,70,3,16,12
7.41936,80,3,18,15,13,20
8.90323,96,3,11,8,5,9,21
4,62,3,20,1
5.67742,72,3,19,13,21
5.22581,86,3,20,21,21,20,17
5.87097,66,3,18,14,18,7,3
5.6129,74,3,14,6,8
6,62,3,12,5,16
3.87097,66,3,10,15
4,62,3,20,1
3.74194,70,3,17,17,6
8,62,3,8,14,13,12
6.96774,94,3,12,22,8,6
3.6129,74,3,2,9
5.80645,68,3,22,22,6,13
3.87097,66,3,4,17
3.54839,76,3,13,1
5.29032,84,3,12,17,4
5.6129,74,3,19,10,22
5.6129,74,3,10,9,9,7
6.96774,94,3,1,7,21,16
5.80645,68,3,20,14,22
4.77419,100,3,17,3,17,3,11,1,17
4.83871,98,3,9,11,9,20
5.6129,74,3,14,10,19
5.54839,76,3,18,6,17
5.41936,80,3,16,8,3,16,11
5.03226,92,3,12,14,5,3
7.29032,84,3,12,15,20,4
3.16129,88,3,5,2
4.12903,120,3,15,10,13
5.29032,84,3,15,10,17
6.83871,98,3,14,16,5,21
4,62,3,4,18
7.67742,72,3,21,22,6,13
3.6129,74,3,6,2
5.22581,86,3,21,6,16
5.22581,86,3,7,11,15
4,62,3,7,16
3.09677,90,3,6,10
7.80645,68,3,19,7,8,18
3.54839,76,3,16,6
9.22581,86,3,15,19,15,7,17,5
3.6129,74,3,2,16
5.16129,88,3,19,22,16,3
5.48387,78,3,1,9,20
5.67742,72,3,14,11,6
5.48387,78,3,3,1,22,11
5.16129,88,3,2,1,7
5.93548,64,3,20,20,14,15
5.87097,66,3,14,2,2,15
5.29032,84,3,18,6,12
5.16129,88,3,7,12,6
7.48387,78,3,18,7,12,15
5.87097,66,3,15,6,13
4.45161,110,3,1,4,16
7.22581,86,3,19,15,20,11
5.74194,70,3,17,15,19
3.22581,86,3,17,11
7.35484,82,3,19,3,13,3,12,22
6.45161,110,3,1,8,2,10
3.80645,68,3,10,14
5.54839,76,3,7,18,13
3.54839,76,3,10,12
7.87097,66,3,3,1,22,7,6
5.80645,68,3,19,10,8
5.35484,82,3,7,19,7,9
3.35484,82,3,20,5
3.54839,76,3,13,1
5.16129,88,3,15,5,19
4.96774,94,3,7,7,12,10
4.96774,94,3,4,12,10
6,62,3,21,2,21,1
9.6129,74,3,8,15,7,14,13
5.87097,66,3,2,21,1
3.22581,86,3,9,4
5.67742,72,3,19,2,22
6.96774,94,3,3,18,18,5,10,21
4.96774,94,3,16,16,14,10
7.74194,70,3,8,10,19,19,18
7.35484,82,3,19,18,20,18,9
3.74194,70,3,13,11
7.87097,66,3,7,15,22,20
3.67742,72,3,1,2,3
5.93548,64,3,2,12,12,7
3.74194,70,3,17,17,14
5.87097,66,3,3,3,11,11,15,9
5.67742,72,3,4,20,21
7.80645,68,3,19,14,3,18,7
7.67742,72,3,11,7,15,7,13
5.48387,78,3,18,14,17,18
5.16129,88,3,15,16,7
7.80645,68,3,11,16,5,18
5.35484,82,3,14,2,13,3
4.96774,94,3,11,21,13,11
5.87097,66,3,11,3,4,22
3.93548,64,3,5,8
5.48387,78,3,4,2,19
3.93548,64,3,4,19
5.93548,64,3,15,1,8
2.96774,94,3,13,5
3.03226,92,3,6,5
7.35484,82,3,16,16,9,18,17
5.35484,82,3,14,11,3,17
4,62,3,10,8
3.80645,68,3,16,21
3.22581,86,3,17,11
3.93548,64,3,22,10
5.87097,66,3,16,5,17
3.6129,74,3,9,14,3
3.22581,86,3,4,9
5.80645,68,3,19,9,14
3.87097,66,3,20,14,3
3.41935,80,3,2,10
4,62,3,5,17
5.80645,68,3,13,12,8
3.80645,68,3,9,12
3.41935,80,3,3,2,10
3.74194,70,3,17,19
4,62,3,10,8
3.93548,64,3,20,21,3
7.54839,76,3,19,9,10,22
4.19355,118,3,7,13,5
3.74194,70,3,17,14
4.90323,96,3,1,1,17,12
7.74194,70,3,15,7,22,5
5.35484,82,3,6,4,14
6,62,3,20,20,12,11
7.74194,70,3,8,22,4,22,21
3.67742,72,3,16,5,3
5.16129,88,3,7,20,11
2.96774,94,3,13,5
5.29032,84,3,2,22,10
4.96774,94,3,7,12,10
3.93548,64,3,7,9
4,62,3,22,1
