3.6129,74,11,4,19
7.67742,72,11,3,21,21,3,14,17
4.90323,96,11,11,15,20,6
7.67742,72,11,16,18,19,7
4.64516,104,11,11,14,11,20,10
4,62,11,15,5
5.54839,76,11,18,17,9
3.87097,66,11,11,13,7
2.77419,100,11,13,5
5.54839,76,11,11,16,18,4
5.29032,84,11,21,13,13,19
3.35484,82,11,4,1
7.29032,84,11,19,16,19,7,3
7.67742,72,11,16,11,19,21,13
5.35484,82,11,2,14,4
4,62,11,22,13
3.16129,88,11,20,5
5.03226,92,11,16,3,17
5.29032,84,11,21,2,21,10
3.74194,70,11,17,10
5.09677,90,11,13,20,18
7.6129,74,11,3,12,1,7
4,62,11,12,11,6
6.64516,104,11,8,16,5,13
3.80645,68,11,17,18
3.74194,70,11,6,17
7.54839,76,11,9,19,22,6
5.6129,74,11,14,11,10,10,22
4.32258,114,11,18,4,5
3.74194,70,11,5,21
3.87097,66,11,8,22,22,11
9.22581,86,11,14,15,21,2,19
3.87097,66,11,2,1
5.03226,92,11,21,2,2,9
3.09677,90,11,6,9
2.77419,100,11,13,5
3.93548,64,11,12,5
5.22581,86,11,22,8,5
5.6129,74,11,2,4,4,22
5.09677,90,11,9,17,9,17,20
3.41935,80,11,5,20
5.22581,86,11,7,8,4
5.41935,80,11,21,8,13
3.48387,78,11,13,17
5.09677,90,11,1,17,17,3
3.93548,64,11,5,7
5.87097,66,11,3,1,4
9.29032,84,11,3,7,22,14,20
3.54839,76,11,13,19
5.22581,86,11,19,11,16,20
3.35484,82,11,17,12
4.83871,98,11,9,12,10
7.67742,72,11,1,12,20,7
5.35484,82,11,21,13,18
5.87097,66,11,8,12,17
5.22581,86,11,8,9,2
3.74194,70,11,4,3
4.51613,108,11,20,14,20,9
5.74194,70,11,16,19,17
5.6129,74,11,12,22,7,22,7,12
3.87097,66,11,16,6
5.6129,74,11,12,7,14,11
5.54839,76,11,11,16,15,4
7.6129,74,11,11,10,9,22,21
3.80645,68,11,6,14
7.22581,86,11,1,2,4,18
7.35484,82,11,3,15,19,4
7.41935,80,11,16,18,15,9
5.41935,80,11,19,17,4
3.48387,78,11,6,12
7.41935,80,11,3,20,21,1
5.67742,72,11,14,7,3,14
5.54839,76,11,8,10,7
2.77419,100,11,13,5
3.16129,88,11,17,1
5.87097,66,11,15,12,2
3.74194,70,11,16,20
3.80645,68,11,9,2
3.54839,76,11,6,2
3.35484,82,11,13,1
7.41935,80,11,1,16,8,6
5.87097,66,11,21,7,20
7.74194,70,11,1,19,4,6
7.29032,84,11,11,12,19,22,20
5.22581,86,11,5,19,4
3.16129,88,11,17,1
5.6129,74,11,16,19,6
3.87097,66,11,2,6
3.6129,74,11,4,8
5.93548,64,11,15,15,8,21
6.70968,102,11,18,15,6,5
5.22581,86,11,3,6,12
4.3871,112,11,2,11,10,10,20
5.16129,88,11,14,14,6,16
5.87097,66,11,20,11,19,7
3.67742,72,11,17,19
5.74194,70,11,18,21,18,20
8,62,11,1,18,10,16
3.54839,76,11,11,4,17
6.96774,94,11,14,15,2,17
7.6129,74,11,22,15,8,12
5.29032,84,11,15,20,15,9
5.93548,64,11,15,9,15,18
5.09677,90,11,20,13,19
5.22581,86,11,21,20,17
6.83871,98,11,12,2,13,2,2,16
5.22581,86,11,20,14,17
4.96774,94,11,16,7,5
3.35484,82,11,2,16
5.48387,78,11,15,19,19,13
3.48387,78,11,5,2
7.09677,90,11,18,21,3,13
5.09677,90,11,20,4,19
3.74194,70,11,4,3
11.5484,76,11,9,10,1,8,19,12
9.41935,80,11,14,19,18,14,3,15
3.54839,76,11,11,6,2
5.09677,90,11,5,5,14,13
5.29032,84,11,16,10,20
5.93548,64,11,16,1,21
3.29032,84,11,6,1
3.67742,72,11,17,6
5.87097,66,11,2,12,13
3.87097,66,11,2,6
5.54839,76,11,9,18,4
3.6129,74,11,9,13
3.6129,74,11,17,9
3.6129,74,11,17,9
4.90323,96,11,21,1,13
5.29032,84,11,3,2,16
7.54839,76,11,1,16,16,22,4
8,62,11,3,19,19,18,6
3.80645,68,11,11,4,15
5.09677,90,11,17,7,1
5.03226,92,11,11,4,6,12
7.67742,72,11,1,19,22,5
5.93548,64,11,7,6,22
7.74194,70,11,19,7,6,15
7.29032,84,11,5,8,3,2
5.22581,86,11,3,13,1
3.93548,64,11,2,11,20
7.54839,76,11,7,15,14,13
5.6129,74,11,1,4,15
7.03226,92,11,14,18,19,10,14
4,62,11,22,13
5.80645,68,11,8,5,19
3.22581,86,11,5,13
3.74194,70,11,11,6,17
5.09677,90,11,20,2,9
3.74194,70,11,13,3
2.77419,100,11,4,5
5.67742,72,11,7,3,1
3.6129,74,11,17,9
5.67742,72,11,13,12,20
3.87097,66,11,21,9
5.74194,70,11,11,22,7,16
5.74194,70,11,6,7,18
5.74194,70,11,13,12,21
5.35484,82,11,8,17,4
3.29032,84,11,16,7,11
5.67742,72,11,15,8,16
5.67742,72,11,16,17,16,8
4.90323,96,11,8,2,10
3.54839,76,11,5,18,11
5.29032,84,11,4,13,13,8
7.03226,92,11,3,1,12,5
3.54839,76,11,13,8
5.67742,72,11,19,9,22
7.67742,72,11,14,15,4,2
4.90323,96,11,11,11,14,9,2
7.35484,82,11,1,2,1,9,14
4.90323,96,11,12,15,17,12
4.90323,96,11,18,16,2
5.93548,64,11,11,5,18,19
3.87097,66,11,10,12
5.6129,74,11,11,16,1,20
5.67742,72,11,16,22,8
4.83871,98,11,19,10,2
5.74194,70,11,12,6,6,12,21
5.74194,70,11,15,14,16
3.35484,82,11,2,16
5.74194,70,11,21,1,16
7.67742,72,11,11,3,12,21,16
5.03226,92,11,7,2,17
5.93548,64,11,8,1,13
6,62,11,1,22,4
3.87097,66,11,2,6
6.3871,112,11,16,1,10,20
4,62,11,6,21
9.29032,84,11,1,10,16,10,17,14
5.6129,74,11,13,20,12
3.22581,86,11,17,3
7.54839,76,11,1,3,21,16
5.80645,68,11,21,20,21,17
5.74194,70,11,5,5,5,15,19
3.41935,80,11,10,20
6.83871,98,11,1,21,8,1,6
7.54839,76,11,7,7,11,3,21,8
4.83871,98,11,19,19,5,2
5.67742,72,11,12,21,12,18,11
8,62,11,15,21,19,14
5.54839,76,11,21,7,10
9.87097,66,11,19,22,7,8,14
3.67742,72,11,17,6
5.29032,84,11,10,22,12
5.74194,70,11,16,19,16,15
9.16129,88,11,14,7,21,8,5
4.25806,116,11,20,4,5
5.29032,84,11,7,14,11,5
5.03226,92,11,15,12,10
5.54839,76,11,12,22,22,3
7.41935,80,11,19,21,2,18
5.09677,90,11,4,6,8
5.6129,74,11,4,6,22
3.41935,80,11,11,17,4
2.96774,94,11,6,5
4,62,11,22,20
3.29032,84,11,17,13
5.48387,78,11,18,9,17
5.29032,84,11,8,20,17
7.09677,90,11,16,11,21,22,20
5.54839,76,11,16,15,9
5.16129,88,11,12,1,17
3.22581,86,11,17,20
3.74194,70,11,6,18
5.48387,78,11,20,21,20,15
3.80645,68,11,6,14
6,62,11,19,7,13
6,62,11,18,22,16
2.96774,94,11,4,16
5.22581,86,11,7,20,7,3
6.70968,102,11,14,7,13,13,1
5.6129,74,11,19,4,7
4,62,11,4,12
3.67742,72,11,14,2,11
3.80645,68,11,9,2
7.6129,74,11,18,14,18,14,6,15
3.74194,70,11,4,3
4,62,11,10,7
3.35484,82,11,20,16
3.09677,90,11,19,6,11
7.48387,78,11,16,19,21,13
5.74194,70,11,2,2,22,22,18
8.83871,98,11,14,3,8,21,5
5.74194,70,11,10,8,12
7.22581,86,11,8,7,20,3
4.45161,110,11,11,5,18,5,20
3.6129,74,11,9,13
5.67742,72,11,4,21,8
9.48387,78,11,18,19,3,1,10
7.03226,92,11,3,20,21,16
5.67742,72,11,8,6,6,18
5.09677,90,11,20,13,8
5.54839,76,11,10,9,6
7.16129,88,11,12,20,13,15
5.29032,84,11,21,13,8
5.48387,78,11,11,21,6,19
7.67742,72,11,22,21,14,1
3.54839,76,11,6,8
5.03226,92,11,3,11,6,20
3.29032,84,11,5,4
5.22581,86,11,20,11,18,2
3.87097,66,11,21,9
4,62,11,12,10
5.03226,92,11,5,3,10
4.96774,94,11,3,10,6
3.41935,80,11,16,13
4.45161,110,11,22,16,2
3.54839,76,11,4,17
7.6129,74,11,12,22,7,7,4
4,62,11,10,7
5.74194,70,11,16,1,22
5.54839,76,11,9,9,1,17
7.22581,86,11,11,19,17,22,3
2.90323,96,11,4,9
9.09677,90,11,3,19,1,5,18
6.3871,112,11,8,18,20,10
3.41935,80,11,17,4
6,62,11,2,22,7
3.35484,82,11,6,3
5.03226,92,11,12,2,10
3.41935,80,11,4,11,3,4
5.48387,78,11,7,13,20
3.80645,68,11,13,14
3.87097,66,11,4,22
3.16129,88,11,20,5
3.74194,70,11,2,17
5.6129,74,11,4,21,20
5.16129,88,11,8,16,4
5.67742,72,11,5,14,15
4.90323,96,11,6,7,10
4,62,11,22,13
7.22581,86,11,3,3,8,19,5,3
3.16129,88,11,2,10
3.54839,76,11,13,13,8
3.35484,82,11,13,1
5.35484,82,11,17,22,4
7.22581,86,11,1,15,17,2
3.93548,64,11,21,16
4.90323,96,11,15,11,21,10
7.09677,90,11,10,5,3,4
5.09677,90,11,18,4,17
5.54839,76,11,16,16,15,15,9
3.93548,64,11,20,18
3.54839,76,11,6,2
5.80645,68,11,7,21,1
4,62,11,6,13
7.29032,84,11,14,5,16,16,18
11.5484,76,11,1,1,9,16,18,21,2
4.77419,100,11,9,12,5
5.41935,80,11,1,4,19
3.93548,64,11,4,20
5.67742,72,11,21,8,2
5.09677,90,11,19,20,6
4.70968,102,11,3,6,5
5.87097,66,11,21,22,4
4.32258,114,11,12,9,13
2.96774,94,11,13,9
3.87097,66,11,10,12
3.35484,82,11,6,3
3.09677,90,11,6,9
9.93548,64,11,19,21,7,22,14
5.03226,92,11,9,11,10,6
9.93548,64,11,3,19,21,14,22
5.80645,68,11,1,8,5,11
3.93548,64,11,2,18
3.16129,88,11,2,10
3.35484,82,11,13,1
5.80645,68,11,2,14,12
7.03226,92,11,7,21,19,20
3.16129,88,11,20,10
3.29032,84,11,16,21,11
3.41935,80,11,17,4
3.80645,68,11,13,22
5.74194,70,11,12,2,3,12
3.48387,78,11,5,2
5.87097,66,11,1,7,8,1
2.83871,98,11,13,16
7.09677,90,11,19,10,5,21
5.29032,84,11,11,10,18,20
5.16129,88,11,21,6,1
7.74194,70,11,18,19,9,1
5.09677,90,11,10,22,9
5.74194,70,11,15,12,3,11
7.29032,84,11,12,22,21,17
7.74194,70,11,19,12,3,12,22
3.87097,66,11,10,21
7.93548,64,11,11,19,14,15,1
5.48387,78,11,13,12,15
7.74194,70,11,21,22,15,22,12
3.74194,70,11,16,20
5.74194,70,11,18,2,4
5.80645,68,11,2,15,18
3.67742,72,11,17,16
4,62,11,4,11,18
5.74194,70,11,21,18,6
5.80645,68,11,9,22,6
4.90323,96,11,1,6,10
5.16129,88,11,10,5,13
9.29032,84,11,14,15,18,1,21
5.35484,82,11,14,10,15
3.93548,64,11,22,9
3.80645,68,11,9,20
3.29032,84,11,6,1
7.29032,84,11,18,21,18,18,18,7,16
7.35484,82,11,3,16,9,11,18
7.41935,80,11,5,10,17,19
7.09677,90,11,1,17,22,13
6.96774,94,11,18,22,8,22,22,5
5.6129,74,11,5,1,1,1,7
3.87097,66,11,10,12
3.48387,78,11,6,12
7.03226,92,11,15,7,3,13
7.48387,78,11,1,1,15,8,15,3
9.41936,80,11,1,19,3,12,6
2.77419,100,11,13,10
3.87097,66,11,18,22,11
3.35484,82,11,2,9
5.48387,78,11,5,15,6
5.80645,68,11,2,21,6
5.93548,64,11,21,12,7
5.93548,64,11,9,1,22
5.41935,80,11,19,5,22
5.67742,72,11,11,3,10,8
3.80645,68,11,21,21,10
5.35484,82,11,16,15,7,7,11
7.74194,70,11,21,12,18,8
7.35484,82,11,15,21,3,2
5.54839,76,11,21,20,18
5.74194,70,11,7,2,21
3.29032,84,11,10,15,11
5.67742,72,11,22,17,16
9.74194,70,11,14,19,18,15,1
4.64516,104,11,13,6,16
4.83871,98,11,3,13,9
5.93548,64,11,12,11,2,13
5.6129,74,11,8,17,16
5.6129,74,11,14,17,9
3.22581,86,11,10,13
5.29032,84,11,2,13,17
2.83871,98,11,4,10
3.87097,66,11,7,9
3.22581,86,11,17,3
5.93548,64,11,15,16,10
5.29032,84,11,19,17,17,13
5.22581,86,11,20,3,7
3.87097,66,11,7,9
5.16129,88,11,10,22,20
5.35484,82,11,13,21,17
3.41935,80,11,16,13
3.48387,78,11,11,13,17
5.54839,76,11,2,3,18
7.74194,70,11,1,2,4,6
5.09677,90,11,21,17,21,9
7.16129,88,11,3,8,16,8,11,13
3.87097,66,11,4,4,22
3.74194,70,11,2,17
5.35484,82,11,5,16,20
5.29032,84,11,8,16,2
5.41935,80,11,2,20,6
7.09677,90,11,14,8,12,13,14
3.67742,72,11,17,16
5.87097,66,11,20,14,8
3.74194,70,11,5,21
5.29032,84,11,17,7,4
3.74194,70,11,16,20
5.22581,86,11,12,2,2,2,9
5.41935,80,11,7,6,8
5.87097,66,11,20,21,19
6,62,11,3,2,15
5.74194,70,11,21,18,6
3.93548,64,11,2,18
3.16129,88,11,20,10
2.83871,98,11,4,10
3.35484,82,11,17,2
4.51613,108,11,14,5,20
3.87097,66,11,10,21
5.80645,68,11,12,14,5
3.93548,64,11,20,8
5.74194,70,11,19,20,20,13
5.80645,68,11,8,11,10,3
7.74194,70,11,16,9,7,21
2.90323,96,11,4,9
5.22581,86,11,1,11,17,2
3.93548,64,11,19,22,11
5.6129,74,11,21,2,18
7.74194,70,11,8,9,16,1,1,9
5.16129,88,11,18,18,2,1
5.48387,78,11,11,14,2,2,17
5.16129,88,11,22,21,10
3.41935,80,11,10,20
5.87097,66,11,14,7,9
5.35484,82,11,15,4,22
3.93548,64,11,22,1
4.3871,112,11,15,9,13
7.29032,84,11,18,1,8,5
5.09677,90,11,18,11,21,10
5.35484,82,11,16,1,13
7.74194,70,11,7,19,15,21
5.09677,90,11,22,16,3
6,62,11,10,5,14
7.03226,92,11,9,1,5,5,7
5.80645,68,11,16,9,16,6
7.93548,64,11,1,16,8,12
5.6129,74,11,21,6,18
5.93548,64,11,22,18,3
3.67742,72,11,21,21,5
5.41935,80,11,4,2,2,3
7.87097,66,11,11,1,16,1,3,9
5.67742,72,11,11,18,3,9
7.41935,80,11,16,8,14,17
4.3871,112,11,18,4,10
3.29032,84,11,6,1
6.45161,110,11,1,1,15,16,20
7.48387,78,11,14,21,6,8
3.54839,76,11,13,19
5.48387,78,11,9,10,2
5.74194,70,11,21,2,15
3.29032,84,11,6,1
3.93548,64,11,22,9
5.87097,66,11,8,4,12
5.87097,66,11,10,14,19
6,62,11,5,8,14
2.83871,98,11,4,10
5.67742,72,11,21,12,18,21
6,62,11,2,21,22
7.67742,72,11,9,7,22,21
7.03226,92,11,22,7,4,18
5.93548,64,11,18,19,2
2.77419,100,11,4,5
5.74194,70,11,16,10,21
8,62,11,1,9,14,7
7.09677,90,11,18,15,9,22
3.16129,88,11,20,5
7.16129,88,11,19,19,22,2,8
5.48387,78,11,16,9,13
3.93548,64,11,20,18
5.29032,84,11,1,5,4
7.87097,66,11,8,5,16,1
3.93548,64,11,12,11,17
4.96774,94,11,4,2,17
5.16129,88,11,14,10,7
5.80645,68,11,3,20,18
7.6129,74,11,1,8,12,15,8
5.29032,84,11,10,19,4
5.93548,64,11,9,22,21
5.74194,70,11,2,22,17
5.41935,80,11,13,4,17
5.16129,88,11,19,11,21,21,5
5.67742,72,11,4,21,8
3.93548,64,11,22,1
7.35484,82,11,2,21,2,20,3
3.29032,84,11,5,4
4.12903,120,11,7,13,10
5.93548,64,11,7,19,21
5.48387,78,11,19,12,11,5
3.41935,80,11,5,20
4.70968,102,11,12,6,16
5.22581,86,11,11,9,9,5,13
10,62,11,8,18,8,12,14,19
8,62,11,1,5,8,14
3.35484,82,11,17,2
7.29032,84,11,8,15,9,18
7.41935,80,11,8,18,20,4
3.87097,66,11,13,7
2.77419,100,11,4,5
5.67742,72,11,20,7,21
3.80645,68,11,21,10
7.54839,76,11,9,15,19,12
4,62,11,20,22
3.74194,70,11,5,21
5.87097,66,11,16,1,15
3.93548,64,11,4,7
5.41935,80,11,10,5,2
5.87097,66,11,3,1,4
6,62,11,3,13,20
6,62,11,7,21,6
5.74194,70,11,5,18,21
4.96774,94,11,21,1,6
7.74194,70,11,8,19,16,14
7.93548,64,11,8,19,8,8,18,2
5.87097,66,11,21,17,7
5.48387,78,11,13,2,15
5.87097,66,11,21,13,20
5.93548,64,11,15,14,2
5.74194,70,11,3,9,17
7.54839,76,11,3,19,9,15
5.93548,64,11,16,22,14
5.74194,70,11,12,20,19
5.67742,72,11,18,17,10
3.6129,74,11,16,4
5.35484,82,11,9,12,12,22
7.54839,76,11,16,9,8,10
5.03226,92,11,14,16,6
3.93548,64,11,22,9
4,62,11,4,11,18
6.83871,98,11,1,3,9,2
5.29032,84,11,18,10,14
5.29032,84,11,10,15,16
5.22581,86,11,14,1,10,10,14
5.74194,70,11,2,15,21
5.54839,76,11,19,12,10
7.35484,82,11,18,3,8,4
5.22581,86,11,9,5,5,13
3.87097,66,11,10,21
6.90323,96,11,15,15,19,21,9
6,62,11,2,22,15
3.93548,64,11,4,7
5.93548,64,11,8,19,11,7
4.77419,100,11,14,16,4
3.67742,72,11,21,5
5.22581,86,11,14,5,15
3.93548,64,11,12,5
5.03226,92,11,22,4,19
3.41935,80,11,16,13
5.54839,76,11,9,5,19,9
5.41935,80,11,5,17,19
7.87097,66,11,7,22,15,14,11
5.74194,70,11,8,22,5
3.87097,66,11,16,16,6
6.90323,96,11,19,14,6,16
5.67742,72,11,3,22,9
5.03226,92,11,19,4,1
4,62,11,6,13
5.67742,72,11,1,17,17,21
7.87097,66,11,11,8,18,14,18,13
7.22581,86,11,9,9,5,22,12
3.35484,82,11,20,9
4,62,11,2,8
9.74194,70,11,14,19,15,19,18,17
5.54839,76,11,7,12,4
7.54839,76,11,8,8,19,7,8,12
3.80645,68,11,4,15
7.93548,64,11,8,19,7,20
3.35484,82,11,4,1
7.48387,78,11,14,19,9,3
3.87097,66,11,20,19
5.6129,74,11,7,1,9
3.93548,64,11,22,19,11
4,62,11,6,13
3.09677,90,11,6,9
6,62,11,8,8,1,6
5.67742,72,11,14,11,15,4
11.4839,78,11,14,7,18,22,15,8
3.87097,66,11,10,12
3.54839,76,11,16,15,11
7.09677,90,11,3,8,20,17
7.29032,84,11,14,1,18,6
5.41935,80,11,1,14,10,10,11
5.93548,64,11,5,9,11,14
5.80645,68,11,2,21,3
5.41935,80,11,16,3,9
5.09677,90,11,13,6,19
4.96774,94,11,19,13,17
3.6129,74,11,6,19
7.29032,84,11,12,21,17,10
4.77419,100,11,3,16,16,13
8,62,11,1,2,1,8,18
5.80645,68,11,15,18,4
2.83871,98,11,4,10
3.22581,86,11,2,11,2,5
7.48387,78,11,21,19,8,10
6,62,11,16,8,12
4.77419,100,11,20,3,20,17
4,62,11,2,8
4,62,11,22,13
2.77419,100,11,13,5
6.90323,96,11,8,11,11,16,10,4
5.93548,64,11,9,5,11,19
7.16129,88,11,18,5,9,17
2.96774,94,11,4,16
5.16129,88,11,19,19,6,6,3
5.09677,90,11,2,2,20,16
7.67742,72,11,9,5,16,12
7.74194,70,11,22,14,18,12
7.54839,76,11,8,14,17,14,12,12,8
5.48387,78,11,18,1,11,3,18
5.67742,72,11,11,5,5,3,1
5.6129,74,11,1,9,4
3.87097,66,11,2,6
6,62,11,1,18,13
7.09677,90,11,8,16,18,20
5.54839,76,11,19,10,3
7.29032,84,11,3,18,16,14
5.74194,70,11,21,1,14
3.6129,74,11,11,10,6
5.74194,70,11,2,15,21
3.41935,80,11,10,10,2
5.16129,88,11,9,7,16
6.90323,96,11,3,13,12,6
6.77419,100,11,22,18,21,9
7.48387,78,11,8,22,12,13
5.22581,86,11,5,15,4
9.03226,92,11,16,5,9,8,20
7.35484,82,11,9,16,1,13
5.29032,84,11,9,21,1
7.35484,82,11,19,18,4,20
5.80645,68,11,2,7,21
4.77419,100,11,13,4,9
7.54839,76,11,14,7,20,21
5.35484,82,11,16,7,7,13
3.87097,66,11,13,7
3.54839,76,11,5,6
3.35484,82,11,17,12
5.41935,80,11,8,3,5,8
5.41935,80,11,20,13,7
5.41935,80,11,22,17,4
5.80645,68,11,13,4,7
3.80645,68,11,17,18
3.41935,80,11,10,20
5.87097,66,11,3,9,3,3,20
6.3871,112,11,19,5,16,13
4.83871,98,11,5,3,6
4.77419,100,11,8,5,5,4
7.48387,78,11,1,10,8,11,9
5.6129,74,11,9,16,4
5.09677,90,11,21,13,1
5.6129,74,11,8,8,9,12
10,62,11,1,9,19,22,15
3.74194,70,11,16,2
4.83871,98,11,15,15,20,17
5.80645,68,11,5,14,8
4.83871,98,11,4,11,9,21
5.80645,68,11,22,18,16
7.87097,66,11,3,8,6,4
5.80645,68,11,12,16,5
7.54839,76,11,18,22,8,12
6.77419,100,11,1,21,6,10
4.83871,98,11,15,4,1
5.6129,74,11,16,8,2
3.54839,76,11,18,5,11
5.48387,78,11,9,12,4
5.67742,72,11,18,20,21
7.48387,78,11,5,10,9,6
3.03226,92,11,6,10
3.29032,84,11,6,1
5.67742,72,11,15,2,12
3.54839,76,11,13,19
3.93548,64,11,21,21,16
7.22581,86,11,12,8,15,2
5.93548,64,11,15,21,1
5.6129,74,11,8,20,20,18
5.22581,86,11,5,22,12
3.80645,68,11,7,11,13
4.83871,98,11,19,13,1
5.87097,66,11,7,11,8,9
5.6129,74,11,9,21,19
7.48387,78,11,21,22,19,16
4,62,11,10,7
5.22581,86,11,10,14,10,8
4.3871,112,11,11,4,2,10
5.93548,64,11,22,18,3
5.48387,78,11,1,9,1,7,11
6.64516,104,11,14,4,21,5
7.74194,70,11,5,9,1,21
5.09677,90,11,19,6,1
4,62,11,20,22
3.87097,66,11,20,19
3.87097,66,11,18,22,11
6,62,11,19,7,3
7.09677,90,11,8,15,6,20
5.16129,88,11,9,22,9,11,11,13
3.6129,74,11,11,11,9,13
6,62,11,12,19,9
7.48387,78,11,7,22,18,20
3.93548,64,11,12,5
5.80645,68,11,9,3,18
5.09677,90,11,16,7,7,9
4.51613,108,11,22,2,16
3.41935,80,11,17,8
3.74194,70,11,17,10
5.29032,84,11,14,6,1
4.3871,112,11,15,9,13
3.67742,72,11,11,17,5
5.22581,86,11,21,13,17
7.93548,64,11,19,12,21,2
2.96774,94,11,6,5
7.03226,92,11,16,14,19,4
3.67742,72,11,20,6
5.22581,86,11,7,17,13
9.87097,66,11,12,14,21,3,8
6.45161,110,11,8,7,2,5
5.74194,70,11,2,3,1
3.6129,74,11,4,19
4.96774,94,11,12,9,7
3.41935,80,11,10,2
3.87097,66,11,10,12
3.67742,72,11,20,11,4
3.74194,70,11,13,3
5.54839,76,11,12,9,12,13
5.87097,66,11,22,15,18,11
5.93548,64,11,14,22,1
7.54839,76,11,1,3,19,1,15
7.6129,74,11,18,7,17,7,2
4.19355,118,11,15,10,4
7.41935,80,11,8,2,4,7
5.09677,90,11,5,19,13
5.48387,78,11,10,16,6
7.93548,64,11,19,22,4,13
7.09677,90,11,14,18,15,11,20
9.22581,86,11,14,21,20,21,4,15
5.48387,78,11,10,8,10,17
7.16129,88,11,12,7,18,2
7.16129,88,11,14,1,19,13
3.35484,82,11,13,1
7.35484,82,11,1,9,7,7,20
4.90323,96,11,19,9,4
4.96774,94,11,19,6,16
7.54839,76,11,16,17,22,14
5.09677,90,11,5,22,20
3.16129,88,11,11,6,16
5.67742,72,11,12,1,15
5.6129,74,11,10,19,9
7.16129,88,11,8,18,1,4
5.48387,78,11,15,1,18
4.83871,98,11,14,20,20,10
3.54839,76,11,4,17
7.74194,70,11,19,11,1,22,6
4.70968,102,11,20,15,20,17
6,62,11,9,22,17
5.6129,74,11,17,11,1,21
3.93548,64,11,6,11,18
5.6129,74,11,13,12,8
5.93548,64,11,2,21,8
5.03226,92,11,14,16,6
5.48387,78,11,15,3,2
5.16129,88,11,10,22,13
5.54839,76,11,2,20,1
3.16129,88,11,2,10
3.80645,68,11,13,14
5.09677,90,11,5,22,20
5.48387,78,11,11,12,1,11,7
3.54839,76,11,6,2
3.6129,74,11,9,13
5.93548,64,11,12,19,12,22
4.96774,94,11,8,10,20
7.6129,74,11,16,15,14,3
6.45161,110,11,14,3,11,16,20
3.03226,92,11,6,10
3.87097,66,11,9,6
9.6129,74,11,11,11,21,8,8,3,12,2
3.74194,70,11,6,17
3.67742,72,11,17,14
3.74194,70,11,22,11,13
4.77419,100,11,9,21,10
6.58065,106,11,19,19,22,16,6
7.22581,86,11,19,14,1,13
8.70968,102,11,8,1,5,9,4
3.29032,84,11,6,1
5.67742,72,11,16,22,8
3.41935,80,11,11,5,20
3.80645,68,11,1,22,11
7.41935,80,11,21,15,21,22,13
5.41935,80,11,12,22,10
5.67742,72,11,16,9,20
7.54839,76,11,13,4,6,7
3.41935,80,11,17,17,4
3.80645,68,11,13,22
4.77419,100,11,19,6,5
3.74194,70,11,16,2
5.41935,80,11,9,22,3
7.48387,78,11,14,17,14,11,11,14,22,6
5.41935,80,11,6,4,12
5.22581,86,11,12,17,6
7.93548,64,11,16,17,22,15
5.80645,68,11,14,17,18
5.48387,78,11,8,20,1
5.93548,64,11,16,8,15
5.29032,84,11,13,21,1
9.48387,78,11,15,22,7,12,13
3.87097,66,11,4,22
5.67742,72,11,10,11,19,6
4.25806,116,11,15,4,5
3.16129,88,11,11,14,17,11
5.67742,72,11,2,20,8
5.93548,64,11,2,14,21
3.67742,72,11,17,19
5.80645,68,11,3,17,7
5.09677,90,11,5,22,13
4.96774,94,11,11,22,4,17
2.96774,94,11,6,5
5.54839,76,11,11,10,18,17
5.93548,64,11,18,16,1
9.80645,68,11,12,19,18,14,7
5.09677,90,11,5,15,13
3.6129,74,11,6,19
2.77419,100,11,4,5
7.22581,86,11,5,5,11,19,22,20
5.87097,66,11,9,16,6
3.87097,66,11,13,7
5.41935,80,11,8,1,7,11
3.93548,64,11,22,1
9.54839,76,11,8,11,16,9,16,18,3
3.6129,74,11,4,19
4,62,11,2,8
7.67742,72,11,14,19,3,10
5.48387,78,11,18,12,16
6,62,11,18,7,13
4,62,11,6,13
3.35484,82,11,13,13,1
5.29032,84,11,16,3,10
5.87097,66,11,21,2,7
5.87097,66,11,5,16,7
9.80645,68,11,1,21,18,8,19
9.80645,68,11,8,19,14,7,3
9.6129,74,11,19,8,14,14,21,19,7
5.22581,86,11,20,14,17
5.74194,70,11,3,20,19
4.77419,100,11,9,12,5
3.41935,80,11,6,11,13
5.67742,72,11,1,22,5
3.67742,72,11,17,19
7.6129,74,11,10,11,19,8,9
3.67742,72,11,17,17,16
3.29032,84,11,6,1
5.35484,82,11,10,15,3
7.93548,64,11,16,10,8,14
3.87097,66,11,10,19,11
5.48387,78,11,3,5,15
2.77419,100,11,13,13,5
5.74194,70,11,20,2,8
5.29032,84,11,12,9,18
5.03226,92,11,16,3,17
6,62,11,18,17,15
7.22581,86,11,13,11,1,9,3
3.74194,70,11,7,5
4.64516,104,11,15,13,1
5.87097,66,11,10,5,11,11,11,11,19
5.67742,72,11,15,7,5
7.54839,76,11,1,21,8,5
5.41935,80,11,20,15,6
3.87097,66,11,10,12
6.64516,104,11,21,3,1,17
8.77419,100,11,8,19,7,12,16
7.87097,66,11,14,14,8,15,12
4.64516,104,11,1,4,10
5.87097,66,11,21,7,3
5.67742,72,11,22,4,22,21
5.80645,68,11,3,2,1
3.87097,66,11,10,12
5.41935,80,11,10,10,17,9
5.41936,80,11,19,8,11,19,16,8
5.09677,90,11,3,16,20
4.96774,94,11,3,4,16
5.54839,76,11,1,21,5
3.29032,84,11,6,11,14,6
3.35484,82,11,6,6,3
3.80645,68,11,7,10
3.67742,72,11,11,17,14
7.87097,66,11,18,9,10,9,1
7.35484,82,11,16,14,21,17
3.41935,80,11,5,20
7.03226,92,11,19,5,19,11,1,17
5.87097,66,11,13,4,12
4.90323,96,11,3,18,17,3
7.16129,88,11,5,10,10,14,17
5.93548,64,11,1,6,22
5.93548,64,11,22,15,16
5.29032,84,11,18,21,5
5.48387,78,11,18,2,3
9.80645,68,11,8,18,22,7,20
3.22581,86,11,10,13
3.93548,64,11,20,8
6.83871,98,11,8,16,16,10,2
8.45161,110,11,19,19,15,18,16,2
4.83871,98,11,15,13,19
7.54839,76,11,9,16,7,8
5.80645,68,11,1,13,20
5.80645,68,11,10,9,21
5.29032,84,11,12,6,6,18
9.93548,64,11,1,21,15,14,12
5.6129,74,11,9,21,18
5.67742,72,11,13,21,12
5.67742,72,11,10,22,22,21
5.87097,66,11,21,2,3
5.74194,70,11,18,11,15,8
4,62,11,11,12,10
3.35484,82,11,6,20
9.16129,88,11,9,16,9,10,8,17
3.41935,80,11,17,4
6,62,11,11,8,16,15
5.09677,90,11,14,2,9
5.87097,66,11,2,20,14
6,62,11,12,19,9
3.74194,70,11,6,17
5.35484,82,11,1,16,13
5.03226,92,11,21,2,16
4,62,11,12,10
3.80645,68,11,21,10
5.54839,76,11,16,17,6
5.67742,72,11,9,3,2
3.93548,64,11,4,7
4.96774,94,11,17,15,5
4.77419,100,11,14,16,4
5.22581,86,11,10,17,8
5.6129,74,11,9,8,5
3.80645,68,11,17,21
5.54839,76,11,15,14,5
4.90323,96,11,3,4,9
5.80645,68,11,2,21,13
3.54839,76,11,5,6
7.16129,88,11,16,22,18,10
5.54839,76,11,10,22,6
3.35484,82,11,20,16
5.35484,82,11,22,2,3
4.83871,98,11,16,12,17
3.74194,70,11,7,5
5.16129,88,11,10,18,13
5.93548,64,11,3,16,18
5.80645,68,11,8,20,14
5.67742,72,11,3,4,18
5.80645,68,11,14,2,15
3.93548,64,11,2,18
2.83871,98,11,13,16
3.80645,68,11,21,10
5.74194,70,11,12,19,6
4,62,11,12,10
3.93548,64,11,2,2,19
5.74194,70,11,3,6,15
3.6129,74,11,17,9
5.74194,70,11,1,4,20
5.67742,72,11,20,13,21
3.29032,84,11,5,4
3.80645,68,11,4,15
3.80645,68,11,22,5
3.80645,68,11,9,2
4.77419,100,11,15,1,13
3.67742,72,11,17,5
10,62,11,1,12,2,12,2,13,4
7.35484,82,11,10,1,8,8,5
3.22581,86,11,11,2,5
5.87097,66,11,7,19,12
4.58065,106,11,2,13,5
3.93548,64,11,4,7
5.93548,64,11,8,15,5
2.77419,100,11,13,10
2.90323,96,11,4,9
5.87097,66,11,16,14,22
5.6129,74,11,9,12,13
8.51613,108,11,1,8,14,4,5
