3.54839,76,8,9,20
5.22581,86,8,9,3,22
5.35484,82,8,22,10,11
5.09677,90,8,4,14,9
5.74194,70,8,5,18,19
3.93548,64,8,16,12
3.74194,70,8,13,3
5.74194,70,8,2,20,18
5.54839,76,8,5,19,7
5.48387,78,8,15,9,3
7.6129,74,8,3,3,3,4,12,2
7.74194,70,8,1,9,17,7
3.54839,76,8,4,1
5.93548,64,8,18,20,21
4.83871,98,8,18,10,20
7.22581,86,8,1,21,20,11
3.74194,70,8,10,21
5.80645,68,8,21,17,6
3.87097,66,8,9,21
7.16129,88,8,18,12,20,17
5.87097,66,8,3,21,9
7.22581,86,8,8,11,18,18,16,14
3.6129,74,8,5,12
3.48387,78,8,16,4
3.93548,64,8,4,3
5.35484,82,8,15,6,1
3.6129,74,8,12,13,8
5.41935,80,8,7,15,7,2,8
9.35484,82,8,19,18,18,12,20,11
4,62,8,6,17
4,62,8,2,8,20
3.54839,76,8,4,1
5.03226,92,8,1,6,3
5.48387,78,8,15,11,7
5.93548,64,8,10,16,17
9.80645,68,8,1,14,21,12,13
7.35484,82,8,12,19,18,13
3.80645,68,8,2,17
4.32258,114,8,21,10,20
4.77419,100,8,8,22,10,21
3.09677,90,8,10,10,13
4.90323,96,8,3,16,13
5.67742,72,8,5,11,9
5.80645,68,8,17,8,15,14
3.93548,64,8,2,6
5.67742,72,8,15,22,8,16
6,62,8,21,7,16
7.93548,64,8,8,8,12,18,3,11
6.96774,94,8,14,22,13,4,8
5.09677,90,8,16,8,6,19
3.41935,80,8,2,16
7.6129,74,8,11,8,12,13,7
5.80645,68,8,3,4,12,3
3.54839,76,8,13,19
3.93548,64,8,17,14
5.35484,82,8,10,17,5
4,62,8,17,10
7.93548,64,8,14,15,13,2
4.77419,100,8,6,21,5
3.48387,78,8,10,6
4,62,8,2,11
3.03226,92,8,8,9,17,8
3.29032,84,8,10,2
3.35484,82,8,6,9
2.96774,94,8,4,5
3.87097,66,8,13,7
9.6129,74,8,8,7,21,15,19,12
5.22581,86,8,19,6,16
3.54839,76,8,9,2
7.80645,68,8,22,22,15,3,1
4.06452,122,8,12,10,13
5.67742,72,8,17,15,6
7.35484,82,8,18,7,16,19
5.93548,64,8,3,16,17
7.22581,86,8,20,8,20,8,1,10,19
5.41935,80,8,16,18,4
3.87097,66,8,17,9
3.74194,70,8,10,21
5.54839,76,8,7,20,14
3.03226,92,8,6,13,8
5.22581,86,8,2,14,14,2,18
5.54839,76,8,18,17,12
5.93548,64,8,22,7,9
5.67742,72,8,18,8,13,20
5.09677,90,8,19,6,10
3.6129,74,8,4,11
3.29032,84,8,3,17,8
4.77419,100,8,4,20,17
7.29032,84,8,12,21,12,7,20
6,62,8,19,5,5,19,10
4.96774,94,8,13,12,17
5.67742,72,8,10,10,18,12
5.74194,70,8,6,21,2
5.80645,68,8,9,16,12
7.67742,72,8,15,8,3,21,11
5.67742,72,8,1,13,12
4.58065,106,8,22,5,21
9.03226,92,8,3,1,19,7,10
7.80645,68,8,7,22,4,21
2.96774,94,8,13,9
4,62,8,7,5
4.70968,102,8,4,13,10
5.16129,88,8,17,18,6
3.16129,88,8,16,17,8
7.6129,74,8,21,20,3,1
3.87097,66,8,20,20,19
2.96774,94,8,4,5
4,62,8,17,10
5.93548,64,8,9,10,14
7.74194,70,8,3,7,18,16
5.48387,78,8,18,1,4
7.74194,70,8,1,8,22,12,3
7.54839,76,8,19,15,3,9
5.29032,84,8,2,14,9
9.48387,78,8,15,16,10,9,11
5.29032,84,8,2,14,16
3.41935,80,8,2,16
6.90323,96,8,14,3,5,7
5.41935,80,8,21,9,19
4.90323,96,8,3,10,10,2
5.6129,74,8,16,11,7
5.03226,92,8,10,5,13
8,62,8,1,9,15,21
5.16129,88,8,3,6,1
3.67742,72,8,20,6
3.41935,80,8,17,11
5.03226,92,8,12,10,15
3.41935,80,8,17,1
5.67742,72,8,2,12,22
5.54839,76,8,20,21,1
3.6129,74,8,4,11
3.74194,70,8,16,6
5.41935,80,8,18,4,19
5.22581,86,8,3,17,2
5.54839,76,8,7,11,11,10
7.93548,64,8,14,20,14,22,21
3.93548,64,8,20,20,18
5.6129,74,8,4,2,7
5.6129,74,8,3,17,10
4.45161,110,8,13,6,5
5.74194,70,8,6,21,18
3.35484,82,8,9,13
3.35484,82,8,6,9
3.16129,88,8,20,10
7.74194,70,8,19,19,22,7,12,19
3.93548,64,8,20,11
7.48387,78,8,19,21,1,15
3.29032,84,8,2,5
5.6129,74,8,8,22,6,19
3.54839,76,8,5,21
7.35484,82,8,2,22,15,12
5.09677,90,8,3,10,6
3.87097,66,8,6,19
5.93548,64,8,2,12,19
5.48387,78,8,19,6,7,8
5.41935,80,8,22,16,17
7.93548,64,8,19,9,10,18
9.16129,88,8,19,18,12,15,13
5.22581,86,8,16,7,3
3.29032,84,8,16,13
5.35484,82,8,3,3,20,9
5.35484,82,8,18,14,18,2,8
3.93548,64,8,20,11
3.74194,70,8,13,15
7.74194,70,8,19,3,7,3,21
7.22581,86,8,2,7,15,20
3.93548,64,8,20,11
3.48387,78,8,16,4
5.6129,74,8,21,1,22
5.87097,66,8,11,5,16,8
3.93548,64,8,5,15
4,62,8,4,15
9.87097,66,8,8,2,8,3,12,12,14,21
3.80645,68,8,13,22
7.67742,72,8,8,11,21,12,15
3.93548,64,8,17,14
7.93548,64,8,7,19,14,19,21
5.09677,90,8,22,10,15
5.54839,76,8,18,10,3
7.48387,78,8,18,14,10,11
5.29032,84,8,7,8,10,14
10.9677,94,8,19,15,18,9,16,21
7.93548,64,8,3,1,10,19
5.87097,66,8,11,13,12
3.22581,86,8,2,10
5.67742,72,8,15,11,10
5.80645,68,8,11,13,6
5.80645,68,8,22,18,2
5.35484,82,8,9,1,4
7.16129,88,8,14,2,15,9
3.74194,70,8,16,6
3.22581,86,8,2,10
5.93548,64,8,15,18,13
5.54839,76,8,12,19,19,7,8
7.09677,90,8,18,7,11,1,1,7
6,62,8,7,10,5
5.6129,74,8,21,20,6
3.03226,92,8,4,10
5.87097,66,8,12,18,2
5.87097,66,8,3,22,13
11.6774,72,8,11,1,18,14,19,16
7.35484,82,8,15,3,11,21
5.93548,64,8,16,11,12
5.87097,66,8,19,2,22
5.74194,70,8,11,7,1
7.22581,86,8,1,11,17,16
7.16129,88,8,19,18,6,1
4,62,8,9,7
5.35484,82,8,6,15,16
5.03226,92,8,1,13,11
3.41935,80,8,17,11
4,62,8,10,3
3.6129,74,8,17,2
4.32258,114,8,4,20,5
3.87097,66,8,4,8,20
5.87097,66,8,14,3,8,13
4.83871,98,8,22,13,1
3.6129,74,8,13,18
5.16129,88,8,20,14,9
7.6129,74,8,19,22,4,7
3.93548,64,8,17,6
5.54839,76,8,5,11,18
5.35484,82,8,2,7,13
3.03226,92,8,5,13
3.35484,82,8,20,9
5.35484,82,8,12,17,10
3.03226,92,8,9,17,8
3.80645,68,8,8,6,2
5.41935,80,8,6,15,3
5.48387,78,8,22,3,8,12
7.93548,64,8,3,21,15,11
5.16129,88,8,16,18,22,16
5.74194,70,8,10,17,7
3.35484,82,8,8,9,4
5.6129,74,8,22,19,20
7.93548,64,8,19,8,8,8,1,8,15,3
7.16129,88,8,1,7,1,16,14
3.74194,70,8,5,7
5.6129,74,8,21,11,20
3.87097,66,8,13,7
6,62,8,1,15,1,12
3.93548,64,8,17,8,10
5.74194,70,8,10,9,12
5.80645,68,8,1,7,20
5.29032,84,8,17,18,16
5.87097,66,8,8,22,18,22,20
4,62,8,17,10
5.80645,68,8,6,22,14
3.93548,64,8,8,8,2,1
4.90323,96,8,16,17,11
4.25806,116,8,6,6,13,10
5.93548,64,8,1,3,6
4.32258,114,8,22,22,10,20
5.67742,72,8,12,7,11
9.09677,90,8,14,19,16,5,12
4,62,8,12,12,5
5.93548,64,8,10,19,19,18
3.54839,76,8,4,1
5.54839,76,8,13,20,21
9.67742,72,8,8,7,22,18,18,12,13
5.93548,64,8,19,1,19,8,1,7
5.29032,84,8,9,1,13
3.35484,82,8,6,9
3.80645,68,8,2,2,17
5.16129,88,8,20,3,9
5.54839,76,8,13,20,21
5.6129,74,8,7,6,12
3.93548,64,8,5,5,3
5.93548,64,8,15,4,6
5.41935,80,8,18,1,1,17
3.80645,68,8,8,2,17
4,62,8,17,10
7.54839,76,8,11,3,8,4,2
7.35484,82,8,11,16,18,18,10
5.67742,72,8,15,15,2,3
5.03226,92,8,4,21,10
3.93548,64,8,8,20,18
5.54839,76,8,11,22,10
3.29032,84,8,5,2
3.80645,68,8,4,19
5.74194,70,8,4,7,18
5.87097,66,8,19,15,8,11,19
5.09677,90,8,8,6,13,18
3.67742,72,8,20,6
4,62,8,4,15
7.48387,78,8,19,21,11,15
7.74194,70,8,15,21,12,22
3.6129,74,8,6,6,20
5.41935,80,8,18,5,22
5.03226,92,8,22,13,19
4,62,8,7,5
3.48387,78,8,16,4
3.41935,80,8,2,16
5.6129,74,8,11,2,18
3.35484,82,8,13,1
7.48387,78,8,14,15,12,6
3.74194,70,8,13,15
5.03226,92,8,7,11,4
5.93548,64,8,7,17,10
5.22581,86,8,22,20,18
5.41935,80,8,16,14,20
4,62,8,9,7
6,62,8,19,12,6
3.29032,84,8,10,20
5.74194,70,8,21,21,2,17
8,62,8,19,1,18,12
6.58065,106,8,14,7,9,6
3.93548,64,8,17,16
3.80645,68,8,2,17
4.25806,116,8,12,10,20
2.77419,100,8,8,13,10
7.22581,86,8,16,5,9,16,6
3.29032,84,8,6,10
3.74194,70,8,13,15
3.6129,74,8,5,12
7.03226,92,8,14,13,12,6
3.93548,64,8,2,6
7.03226,92,8,5,9,16,4
7.03226,92,8,3,21,6,16
5.35484,82,8,20,14,2
7.03226,92,8,19,11,9,20
4,62,8,2,11
7.09677,90,8,21,11,9,3
5.93548,64,8,1,15,3
5.48387,78,8,12,21,5
3.16129,88,8,4,16
6.19355,118,8,22,21,13,16
3.09677,90,8,5,4
5.87097,66,8,3,22,13
3.93548,64,8,17,19
9.29032,84,8,3,21,13,2,22
3.80645,68,8,4,19
4,62,8,10,22
7.48387,78,8,14,9,11,18
5.41935,80,8,15,20,18
5.80645,68,8,5,18,15
4.45161,110,8,22,20,10
6.12903,120,8,8,7,9,16,13
3.41935,80,8,17,1
3.16129,88,8,18,13,8
5.93548,64,8,21,19,2
4,62,8,2,11
3.22581,86,8,6,5
5.41935,80,8,11,5,21
4,62,8,20,22
5.80645,68,8,4,6,22
7.87097,66,8,14,8,14,22,11,3
3.35484,82,8,5,6
8.83871,98,8,1,22,7,21,9
3.35484,82,8,9,13
7.22581,86,8,17,7,22,13
4,62,8,10,22
7.16129,88,8,21,19,12,17
7.29032,84,8,17,15,7,7,20
5.87097,66,8,3,7,21,3
4.77419,100,8,3,13,10
3.16129,88,8,4,16
7.87097,66,8,16,9,3,12
3.35484,82,8,13,1
7.16129,88,8,7,19,7,14,10
4,62,8,2,11
5.93548,64,8,11,18,4
3.87097,66,8,8,20,12,8
5.67742,72,8,10,11,16
5.74194,70,8,5,11,19
5.6129,74,8,16,16,7,17
7.74194,70,8,12,15,21,13
3.03226,92,8,5,13
7.74194,70,8,14,15,12,2,12,14
7.67742,72,8,11,18,3,21
5.41935,80,8,16,17,6
7.35484,82,8,11,12,19,20
5.35484,82,8,5,18,1
4.58065,106,8,22,4,9
3.74194,70,8,20,2,8
3.80645,68,8,4,19
5.22581,86,8,12,9,14
4,62,8,12,5
5.48387,78,8,3,17,3,22
4,62,8,21,5
4,62,8,10,14
5.35484,82,8,10,9,20
4,62,8,10,3
5.35484,82,8,9,15,2
4.51613,108,8,22,10,6
3.87097,66,8,20,8,4
7.48387,78,8,13,8,11,3,3,18
5.29032,84,8,5,18,5,11
7.22581,86,8,6,7,15,10
7.80645,68,8,11,18,15,4
7.67742,72,8,21,2,15,14
3.6129,74,8,17,2
5.22581,86,8,8,6,14,14,20
5.74194,70,8,5,10,7
5.22581,86,8,2,3,13
3.93548,64,8,2,8,6
5.29032,84,8,21,16,3
5.41935,80,8,20,15,6
5.29032,84,8,10,18,6
4.96774,94,8,1,11,1,8,17,1
3.6129,74,8,9,6
5.74194,70,8,2,12,7
7.93548,64,8,15,7,12,20
5.48387,78,8,16,15,3
7.22581,86,8,19,10,11,15
5.6129,74,8,2,4,15
5.80645,68,8,7,22,8,12
3.74194,70,8,10,21
7.93548,64,8,11,1,15,12
4,62,8,2,19
7.6129,74,8,7,21,21,22,12
3.48387,78,8,10,6
3.93548,64,8,17,14
5.74194,70,8,14,4,17
9.29032,84,8,3,14,14,21,1,7
5.87097,66,8,15,12,7
4.70968,102,8,4,6,5
4.83871,98,8,1,17,11
7.03226,92,8,8,11,12,7,10
7.6129,74,8,3,18,6,15
3.80645,68,8,20,1
4,62,8,6,18
7.22581,86,8,14,2,12,17
7.48387,78,8,7,15,13,6
7.93548,64,8,19,3,7,14
3.35484,82,8,9,13
7.48387,78,8,14,4,6,18
3.48387,78,8,21,16,16,8
5.67742,72,8,9,17,7
3.6129,74,8,6,20
6,62,8,19,10,18
5.6129,74,8,1,20,15
4,62,8,8,2,18
5.22581,86,8,3,2,2,10
3.93548,64,8,5,3
3.93548,64,8,5,3
4,62,8,10,3
5.48387,78,8,1,21,10
9.54839,76,8,8,19,15,14,14,14,20,21
4,62,8,21,5
3.35484,82,8,20,9
3.87097,66,8,6,19
5.93548,64,8,21,20,22
5.16129,88,8,9,22,20
4,62,8,4,15
3.35484,82,8,20,7,8
3.93548,64,8,2,6
5.09677,90,8,22,7,1,22
5.67742,72,8,7,6,6,2
6,62,8,1,18,5
4.96774,94,8,3,6,9
5.87097,66,8,21,21,11,10
4,62,8,2,11
3.6129,74,8,17,2
3.29032,84,8,10,20
5.67742,72,8,15,8,17,17,7
6,62,8,20,20,4,13
3.93548,64,8,2,1
3.93548,64,8,20,18
5.87097,66,8,20,21,2
5.35484,82,8,9,11,13
4.83871,98,8,3,13,16
5.09677,90,8,4,20,11
3.6129,74,8,4,12,8
3.29032,84,8,10,2
7.74194,70,8,12,18,14,14,9
5.29032,84,8,20,7,4
5.87097,66,8,20,21,18
8,62,8,18,12,19,3
3.80645,68,8,20,1
5.93548,64,8,2,3,12
7.41935,80,8,19,1,15,11
3.29032,84,8,10,2
5.41935,80,8,1,6,18
7.35484,82,8,15,7,19,15,9
5.74194,70,8,4,6,15
4.58065,106,8,19,13,16
5.29032,84,8,7,16,15
8.96774,94,8,14,19,21,3,17
5.93548,64,8,15,2,21
3.54839,76,8,17,13
7.29032,84,8,3,4,12,22
6.77419,100,8,15,8,12,4,11
4.96774,94,8,2,3,6
7.87097,66,8,7,22,18,6
5.80645,68,8,3,2,14,3
5.48387,78,8,15,17,20
8.3871,112,8,3,11,14,2,10
6.3871,112,8,21,6,4,5
4,62,8,17,10
3.93548,64,8,20,11
3.29032,84,8,10,20
4,62,8,10,22
5.54839,76,8,22,4,14
3.09677,90,8,5,4
5.03226,92,8,1,6,3
5.29032,84,8,3,9,6
5.87097,66,8,5,16,17
5.80645,68,8,16,3,1
5.09677,90,8,20,2,9
5.80645,68,8,18,11,2
4,62,8,2,11
3.16129,88,8,4,16
3.6129,74,8,16,16,2
5.93548,64,8,7,19,7,8,16
3.48387,78,8,13,17
5.87097,66,8,15,19,4
3.74194,70,8,5,7
3.74194,70,8,8,6,12
4.70968,102,8,13,4,10
5.67742,72,8,7,12,22
5.74194,70,8,11,11,17,7
4.90323,96,8,12,16,21
5.16129,88,8,8,20,14,9
5.41935,80,8,1,20,19
5.93548,64,8,8,19,7,10
5.67742,72,8,2,4,14
7.74194,70,8,21,6,21,19,12
4.96774,94,8,11,17,13
5.54839,76,8,8,9,5,12
5.16129,88,8,17,18,10
3.16129,88,8,4,16
6,62,8,15,1,3
5.67742,72,8,20,2,19
7.54839,76,8,14,1,18,10
5.6129,74,8,17,21,21,22
4,62,8,20,22
5.16129,88,8,9,19,14,9
4.77419,100,8,12,6,16
3.35484,82,8,6,9
5.54839,76,8,16,8,7,7,1
5.80645,68,8,15,4,15,6
8.77419,100,8,18,16,10,9,2
5.80645,68,8,12,2,1
7.22581,86,8,4,13,20,3
7.22581,86,8,14,22,10,18
4.77419,100,8,7,4,16
5.87097,66,8,5,19,14
5.80645,68,8,3,5,17
5.29032,84,8,19,20,17
6,62,8,11,3,8,17
7.29032,84,8,12,15,17,6
3.29032,84,8,10,20
3.74194,70,8,6,12
5.48387,78,8,20,13,20,3
5.54839,76,8,7,1,7,4
5.87097,66,8,19,21,10
5.6129,74,8,1,22,9
5.41935,80,8,2,14,20
9.29032,84,8,11,9,9,16,3,2
4.90323,96,8,18,18,2,9
3.6129,74,8,5,5,12
5.54839,76,8,1,2,18
3.29032,84,8,5,2
7.16129,88,8,9,16,11,16,12
3.87097,66,8,10,10,7
5.35484,82,8,13,21,21,17
3.6129,74,8,16,2
3.41935,80,8,4,8,18,4
5.74194,70,8,20,12,4
5.22581,86,8,9,15,10
5.80645,68,8,18,4,12
4.90323,96,8,17,8,7,10
5.41935,80,8,18,18,2,6
7.22581,86,8,12,13,12,11,7
5.29032,84,8,9,19,4
6,62,8,21,22,9
5.67742,72,8,9,10,21
5.67742,72,8,7,19,2
3.87097,66,8,20,19
4,62,8,8,2,19
5.6129,74,8,16,18,9
4.45161,110,8,22,20,5
6.19355,118,8,22,13,4,10
5.87097,66,8,7,11,1,8
3.87097,66,8,9,9,21
7.03226,92,8,11,10,19,6
5.29032,84,8,8,12,3,8,22,12
5.93548,64,8,19,8,7,16
7.80645,68,8,18,14,22,11
5.80645,68,8,12,2,6
5.67742,72,8,1,18,8,9
5.41935,80,8,7,3,22
5.93548,64,8,16,10,15
7.6129,74,8,18,16,5,19
3.93548,64,8,2,6
5.29032,84,8,1,1,6,19
7.03226,92,8,1,11,13,17
3.93548,64,8,4,3
4.83871,98,8,8,19,20,5
3.80645,68,8,8,13,22
5.67742,72,8,18,12,10
3.93548,64,8,17,19
3.80645,68,8,20,1
5.93548,64,8,20,2,3
3.09677,90,8,5,4
5.6129,74,8,7,19,20
6,62,8,12,3,5
7.6129,74,8,1,1,14,3,13
3.80645,68,8,13,14
5.09677,90,8,3,8,10,2
3.6129,74,8,13,18
3.6129,74,8,5,5,12
5.16129,88,8,5,16,2
5.09677,90,8,8,7,3,6
4.51613,108,8,12,16,2
5.93548,64,8,9,18,22
5.74194,70,8,1,10,21
3.74194,70,8,16,6
3.87097,66,8,10,7
5.74194,70,8,22,16,1
6,62,8,3,22,2
3.09677,90,8,5,4
5.35484,82,8,7,13,3
3.35484,82,8,6,9
4.70968,102,8,3,5,13
6,62,8,19,21,19,13
5.41935,80,8,11,17,10
3.41935,80,8,6,16
5.03226,92,8,12,17,4
5.09677,90,8,19,16,13
3.16129,88,8,20,10
5.35484,82,8,5,10,6
4,62,8,10,14
6.77419,100,8,5,11,1,6
4.83871,98,8,18,18,10,20
3.41935,80,8,6,16
3.54839,76,8,9,9,20
7.93548,64,8,19,14,2,7
5.74194,70,8,12,6,7
3.54839,76,8,5,21
7.67742,72,8,8,22,19,21,18
7.6129,74,8,19,14,2,1
3.93548,64,8,20,11
6,62,8,16,15,21
5.29032,84,8,9,5,19,9
6.58065,106,8,15,18,6,10
5.93548,64,8,22,12,21
3.22581,86,8,5,20
3.16129,88,8,17,8,16,17
5.16129,88,8,17,18,10
6,62,8,22,6,13
3.6129,74,8,6,3
5.80645,68,8,18,3,5
2.96774,94,8,4,5
6.96774,94,8,14,14,15,5,7
5.41935,80,8,22,3,3,20
3.80645,68,8,2,17
2.83871,98,8,13,16
4,62,8,16,21
3.35484,82,8,9,13
7.80645,68,8,3,7,6,22
3.09677,90,8,13,20,8
5.29032,84,8,2,14,9
4.25806,116,8,7,10,20
3.29032,84,8,8,10,20
6.51613,108,8,1,1,19,10,20
3.29032,84,8,2,5
6.96774,94,8,16,8,19,12,5
2.96774,94,8,4,5
3.93548,64,8,17,14
3.6129,74,8,17,2
3.16129,88,8,4,16
5.16129,88,8,9,5,5,20
3.87097,66,8,5,14
3.80645,68,8,13,14
3.93548,64,8,17,6
3.54839,76,8,6,11
5.87097,66,8,11,20,4
7.48387,78,8,14,12,8,3,5
5.6129,74,8,10,1,15
5.74194,70,8,8,2,12,1
4.90323,96,8,20,20,20,13,1
5.22581,86,8,6,4,17
5.6129,74,8,3,7,5
5.87097,66,8,18,7,7,5
5.67742,72,8,7,8,9,19
7.6129,74,8,19,3,13,20
7.22581,86,8,14,1,22,16
5.54839,76,8,6,4,14
4,62,8,21,5
3.54839,76,8,17,13
9.80645,68,8,8,1,11,12,19,21
3.22581,86,8,10,4
3.87097,66,8,13,7
7.6129,74,8,7,21,4,4,4,20
3.93548,64,8,5,3
5.22581,86,8,16,7,3
5.6129,74,8,21,11,22
5.09677,90,8,18,5,21
3.6129,74,8,16,2
5.09677,90,8,18,9,2
2.83871,98,8,13,16
3.80645,68,8,4,19
6.90323,96,8,22,7,20,6
5.93548,64,8,22,8,4,13
3.41935,80,8,6,16
5.41935,80,8,22,14,8,20
5.16129,88,8,2,21,10
4,62,8,6,18
2.77419,100,8,13,10
5.6129,74,8,13,21,21,19
4.45161,110,8,7,10,6
4,62,8,7,5
7.54839,76,8,7,6,13,12
5.93548,64,8,18,5,1
7.93548,64,8,10,5,11,3
3.93548,64,8,8,2,1
7.35484,82,8,16,8,11,9,14
3.41935,80,8,2,9
7.67742,72,8,1,19,11,7
7.93548,64,8,14,12,20,7
5.80645,68,8,1,7,3
3.80645,68,8,2,17
7.80645,68,8,11,3,15,12
4,62,8,10,3
6.83871,98,8,1,18,11,17
3.54839,76,8,6,1
9.35484,82,8,1,15,22,19,9
4.83871,98,8,14,10,2
4,62,8,9,7
3.6129,74,8,9,6
2.96774,94,8,4,5
4,62,8,6,6,8,10
7.74194,70,8,11,16,15,19
5.93548,64,8,1,9,21
5.54839,76,8,15,9,15,20
3.87097,66,8,20,19
7.67742,72,8,15,14,3,19,15
6,62,8,2,12,18
3.29032,84,8,16,13
4,62,8,4,15
7.22581,86,8,2,12,3,22
7.80645,68,8,20,12,3,11
3.93548,64,8,17,5
5.93548,64,8,7,8,11,2
3.6129,74,8,5,12
4.83871,98,8,12,17,17,3
5.80645,68,8,3,22,1
3.74194,70,8,10,12
6.90323,96,8,18,7,21,8,21,10
5.80645,68,8,9,17,22
6,62,8,2,15,22
7.03226,92,8,8,8,3,16,19,4
9.93548,64,8,19,15,22,3,11
5.6129,74,8,8,5,19,21
5.87097,66,8,19,20,4
7.6129,74,8,22,14,12,4
7.93548,64,8,14,6,21,15
4.77419,100,8,8,13,6,11
5.87097,66,8,6,8,19,9
9.16129,88,8,7,8,19,22,18,22,3
5.80645,68,8,22,19,17
5.6129,74,8,18,17,4
7.67742,72,8,19,18,5,11
7.6129,74,8,12,13,21,20
5.80645,68,8,2,14,3
4.64516,104,8,7,4,10
5.74194,70,8,10,19,21
4.96774,94,8,8,4,12,17
5.41935,80,8,17,7,13
4,62,8,10,14
5.35484,82,8,9,19,2
5.67742,72,8,9,19,16
3.93548,64,8,17,5
3.87097,66,8,9,21
3.41935,80,8,17,1
5.41935,80,8,8,2,14,4
3.80645,68,8,8,13,22
3.54839,76,8,21,17,8
3.54839,76,8,13,19
3.87097,66,8,1,22,8
6.83871,98,8,11,8,7,4,1
6.45161,110,8,21,9,10,6
3.29032,84,8,5,2
5.29032,84,8,12,20,16
4,62,8,2,18
5.74194,70,8,15,19,19,13
3.22581,86,8,5,20
3.74194,70,8,10,12
5.74194,70,8,15,4,12
3.54839,76,8,9,20
7.41935,80,8,15,22,22,17,11
3.74194,70,8,4,17
3.54839,76,8,6,1
5.16129,88,8,11,13,17
5.03226,92,8,21,10,22
3.93548,64,8,5,15
3.67742,72,8,17,4
7.29032,84,8,8,1,21,21,22,10
3.22581,86,8,5,20
7.54839,76,8,8,16,9,1,20
5.22581,86,8,15,2,17
3.74194,70,8,10,10,12
5.54839,76,8,15,20,7
3.35484,82,8,9,13
4,62,8,2,18
5.48387,78,8,16,22,12
4.90323,96,8,20,7,9
3.54839,76,8,6,11
5.35484,82,8,8,15,12,16
3.48387,78,8,10,6
5.09677,90,8,7,3,6
7.6129,74,8,19,21,7,10
7.54839,76,8,12,21,22,20
5.35484,82,8,18,17,18,17,1
9.29032,84,8,8,11,12,14,7,13
3.80645,68,8,13,14
9.54839,76,8,8,1,16,9,14,11
7.29032,84,8,19,15,15,1,20
5.6129,74,8,11,7,18,11
5.41935,80,8,14,17,11
5.87097,66,8,4,21,19
4.96774,94,8,15,8,17,2
8.90323,96,8,8,14,19,7,12,12,12,9
3.6129,74,8,6,3
3.48387,78,8,17,3
7.09677,90,8,15,15,19,1,4
5.16129,88,8,8,3,6,1
3.80645,68,8,4,19
3.03226,92,8,4,10
5.29032,84,8,13,6,6,14
5.80645,68,8,14,1,6
7.74194,70,8,3,18,15,3,12
5.74194,70,8,18,18,18,4,7
4.19355,118,8,7,10,4
3.6129,74,8,4,4,11
7.54839,76,8,19,8,19,18,4,22
6,62,8,9,16,7
2.96774,94,8,4,5
9.35484,82,8,1,3,15,18,17
3.93548,64,8,5,3
3.29032,84,8,16,13
7.03226,92,8,3,14,6,16
7.22581,86,8,3,3,15,9,9,18
3.22581,86,8,5,20
3.09677,90,8,4,9
8,62,8,22,22,7,19,19,15,22
3.09677,90,8,10,13
3.54839,76,8,17,21,8
4,62,8,8,10,22
7.54839,76,8,3,10,10,16,15
3.6129,74,8,9,6
3.93548,64,8,17,16
7.87097,66,8,1,19,15,2
5.09677,90,8,17,18,5
6,62,8,6,21,14
8.3871,112,8,14,19,11,10,20
9.41936,80,8,15,8,14,19,3,4
6.83871,98,8,3,5,5,10,2
2.96774,94,8,4,5
5.09677,90,8,6,4,11
5.74194,70,8,19,20,15
3.54839,76,8,5,21
5.41935,80,8,15,6,20
5.67742,72,8,11,22,13
5.03226,92,8,10,11,4
9.48387,78,8,7,15,14,15,6,21
5.93548,64,8,22,12,21
5.29032,84,8,12,12,2,16
5.29032,84,8,12,2,2,16
3.54839,76,8,17,13
3.87097,66,8,9,21
3.93548,64,8,17,16
2.77419,100,8,13,5
5.41935,80,8,17,22,1
5.16129,88,8,9,22,3
5.93548,64,8,12,10,9
7.48387,78,8,19,12,3,19,5
8,62,8,1,2,13,4
3.74194,70,8,5,7
5.87097,66,8,4,6,7
5.09677,90,8,5,19,2
5.29032,84,8,22,3,9
5.74194,70,8,8,1,14,8,6
3.80645,68,8,13,22
5.74194,70,8,6,15,17
3.54839,76,8,13,11
4.70968,102,8,15,4,16
3.6129,74,8,6,20
5.48387,78,8,12,3,7,8
5.35484,82,8,19,19,20,6
5.48387,78,8,22,1,18
5.22581,86,8,10,19,2
5.80645,68,8,14,16,3
3.6129,74,8,20,17
3.74194,70,8,2,20,8
5.41935,80,8,12,6,14
5.87097,66,8,11,10,15
5.22581,86,8,6,14,4
2.83871,98,8,13,16
5.22581,86,8,21,6,10
9.87097,66,8,1,8,14,15,18,10
7.48387,78,8,6,8,3,11,15
3.80645,68,8,4,19
7.03226,92,8,15,22,9,7
7.54839,76,8,12,12,19,21,17
6,62,8,6,7,21
6.58065,106,8,11,19,9,13
3.35484,82,8,9,13
4,62,8,20,20,22
5.29032,84,8,16,19,13
7.54839,76,8,11,3,11,2,7
5.22581,86,8,12,18,8,13
6.77419,100,8,14,7,2,5
5.48387,78,8,18,16,12
5.6129,74,8,1,22,9
7.6129,74,8,8,21,21,7,12,15
8,62,8,7,8,19,21,2
7.74194,70,8,21,12,20,4
7.41935,80,8,1,11,4,22
9.48387,78,8,18,7,21,22,4
5.87097,66,8,4,2,12
3.93548,64,8,20,11
3.54839,76,8,6,11
4,62,8,2,11
4.70968,102,8,18,20,10
3.16129,88,8,4,16
5.35484,82,8,15,6,1
3.67742,72,8,17,4
4,62,8,10,22
5.09677,90,8,19,16,13
9.35484,82,8,19,14,8,1,3,10
4.58065,106,8,16,8,20,9
6,62,8,19,8,9,15
3.80645,68,8,2,17
6.64516,104,8,22,22,1,11,17
2.83871,98,8,13,16
4,62,8,10,3
5.74194,70,8,16,18,1
4,62,8,10,22
5.22581,86,8,15,12,5
5.80645,68,8,3,13,22
7.67742,72,8,14,21,11,14,3
6.51613,108,8,8,15,14,6,10
3.41935,80,8,2,9
7.35484,82,8,11,9,11,18,2
5.54839,76,8,3,3,2,7,8
3.54839,76,8,4,1
5.93548,64,8,5,9,15
6.90323,96,8,1,18,9,12
7.80645,68,8,8,19,1,14,6
3.6129,74,8,17,12
7.22581,86,8,3,12,13,20,8
3.48387,78,8,17,3
6,62,8,7,4,7,17
5.93548,64,8,21,22,10
3.22581,86,8,6,5
5.48387,78,8,8,22,20,22,20,4
5.09677,90,8,20,7,11
7.54839,76,8,14,8,6,7,19
5.80645,68,8,10,18,7
7.48387,78,8,19,14,13,3
7.74194,70,8,9,19,14,15
3.48387,78,8,17,20
5.87097,66,8,14,21,8,4
4.96774,94,8,4,22,10
5.22581,86,8,9,11,6
3.54839,76,8,13,19
5.87097,66,8,8,7,17,16
3.29032,84,8,2,5
7.54839,76,8,14,12,13,11
3.6129,74,8,6,3
5.16129,88,8,22,3,5
4.90323,96,8,12,6,1
3.87097,66,8,9,21
7.48387,78,8,21,3,8,8,19,5
5.80645,68,8,11,9,21
3.29032,84,8,10,20
7.80645,68,8,21,12,18,11
3.48387,78,8,13,17
8.77419,100,8,14,19,11,5,12
4,62,8,14,2,8
3.74194,70,8,10,12
3.48387,78,8,10,6
7.74194,70,8,14,21,12,16
4.3871,112,8,20,4,9
5.74194,70,8,13,8,15,19
3.54839,76,8,5,21
6,62,8,22,6,6,13
4,62,8,16,21
7.22581,86,8,21,15,22,21,10
5.87097,66,8,1,15,4
3.80645,68,8,2,17
7.6129,74,8,1,9,19,9,1,21
7.80645,68,8,19,2,20,13
5.22581,86,8,8,9,11,6
5.6129,74,8,15,8,1,17
3.03226,92,8,5,5,13
4,62,8,6,17
7.67742,72,8,16,22,16,5,5,16,22,18
7.03226,92,8,9,10,16,4
5.35484,82,8,2,2,8,7,1
3.93548,64,8,17,5
5.48387,78,8,2,7,4
5.35484,82,8,9,14,4
5.67742,72,8,20,14,3
7.22581,86,8,18,12,15,5
3.80645,68,8,5,8,13
9.54839,76,8,18,19,19,5,9,11
