5.74194,70,9,21,2,21,22
5.22581,86,9,21,2,8
2.19355,118,9,9,9,13,10
3.93548,64,9,15,15,19,9
3.48387,78,9,21,16
3.93548,64,9,7,20
4.58065,106,9,3,20,16
3.48387,78,9,12,16
5.03226,92,9,11,6,19
7.54839,76,9,5,11,11,18,17
5.67742,72,9,22,21,11
5.6129,74,9,14,3,4
7.35484,82,9,14,18,18,17,18,1
4,62,9,22,22,20
9.54839,76,9,16,3,12,19,21
4.96774,94,9,21,6,8
5.80645,68,9,8,16,8,12
4,62,9,22,16,9
5.6129,74,9,22,22,22,18,5
5.09677,90,9,19,4,18
3.74194,70,9,3,3,3,6
5.87097,66,9,22,22,14,1
7.35484,82,9,10,11,5,8
5.74194,70,9,9,7,19,1
3.35484,82,9,13,9,18
7.74194,70,9,17,7,15,6
5.80645,68,9,18,12,22
5.6129,74,9,22,12,2
7.48387,78,9,21,21,14,12,8
3.22581,86,9,13,22
5.6129,74,9,3,9,1,7
5.41935,80,9,11,7,11,22
4.83871,98,9,3,9,5,13
3.22581,86,9,4,3
5.87097,66,9,11,22,14
2.83871,98,9,6,10
5.48387,78,9,11,2,15
2.58065,106,9,21,2,9
5.80645,68,9,11,10,17
3.80645,68,9,9,22,5
7.93548,64,9,5,3,19,18
5.6129,74,9,8,15,16
8,62,9,5,8,18,22
3.54839,76,9,20,3
5.67742,72,9,19,1,22
5.67742,72,9,18,8,1,18
5.80645,68,9,15,17,18
5.87097,66,9,14,14,13,14,18
6,62,9,16,11,4
6,62,9,1,22,14
3.93548,64,9,8,13
3.93548,64,9,7,13
3.6129,74,9,6,14
4,62,9,4,13
7.80645,68,9,5,17,18,19
7.35484,82,9,11,3,22,3,2
5.67742,72,9,9,12,19,1
7.67742,72,9,1,18,21,13
2.32258,114,9,4,10
5.80645,68,9,19,15,10
5.6129,74,9,22,14,6
3.16129,88,9,4,18
2.83871,98,9,4,1
3.6129,74,9,6,14
3.29032,84,9,2,6
6,62,9,22,21,8
5.41935,80,9,21,22,12
5.29032,84,9,10,2,14
3.41935,80,9,12,10
7.54839,76,9,10,12,21,18
5.29032,84,9,3,20,15
5.54839,76,9,9,7,15,19,19,19,9
3.93548,64,9,15,10,9
5.74194,70,9,11,3,17
7.67742,72,9,8,8,3,2,2,21
3.54839,76,9,20,14
3.80645,68,9,20,21
7.48387,78,9,18,3,1,16
7.80645,68,9,8,11,19,1
6.51613,108,9,11,16,5,13
2.90323,96,9,4,4,11
3.48387,78,9,21,21,16
3.16129,88,9,9,13,3
5.54839,76,9,1,22,3
5.93548,64,9,8,7,17
4.19355,118,9,20,9,5,13
3.48387,78,9,2,15
3.67742,72,9,17,17,20
4.77419,100,9,18,20,17
5.87097,66,9,8,19,2
5.48387,78,9,1,12,16
3.80645,68,9,22,5
5.6129,74,9,22,12,18
5.87097,66,9,3,19,16
4.83871,98,9,19,6,1
5.16129,88,9,21,18,20
5.54839,76,9,1,2,2,1,15
3.6129,74,9,20,4
3.54839,76,9,12,17
7.22581,86,9,14,22,14,15,4
3.35484,82,9,9,4,22
4.70968,102,9,22,12,5
4,62,9,16,13
3.87097,66,9,2,4
3.35484,82,9,4,14
5.35484,82,9,22,2,2,14
3.54839,76,9,6,18
3.48387,78,9,12,16
5.16129,88,9,16,6,16,12
7.80645,68,9,15,22,18,17
4.19355,118,9,22,4,5
3.16129,88,9,13,15
3.87097,66,9,20,12
6.45161,110,9,11,8,20,16
3.48387,78,9,20,15
5.29032,84,9,17,14,6
2.45161,110,9,5,5,2,9
3.93548,64,9,6,4
3.03226,92,9,4,17
4,62,9,22,9,17
3.80645,68,9,5,13
3.54839,76,9,13,6
5.48387,78,9,18,11,7
3.54839,76,9,12,12,17
3.35484,82,9,21,10
3.54839,76,9,6,18
5.29032,84,9,15,10,10,11
5.09677,90,9,14,4,8
5.41935,80,9,9,9,16,20,7
3.35484,82,9,13,9,9,18
3.09677,90,9,6,11
5.16129,88,9,2,20,22
3.6129,74,9,17,1
4.45161,110,9,21,2,5
4,62,9,5,20
5.16129,88,9,14,16,22
3.54839,76,9,13,6
7.67742,72,9,10,21,7,14
5.16129,88,9,15,3,5
5.09677,90,9,19,2,1
2.83871,98,9,6,10
5.41935,80,9,1,4,20
5.87097,66,9,1,21,11
4,62,9,8,17
5.09677,90,9,7,17,12
2.77419,100,9,11,20,9
2.64516,104,9,6,9,13
3.35484,82,9,20,8
4.58065,106,9,10,22,6,10
6.96774,94,9,8,21,7,5
6,62,9,8,18,1
5.67742,72,9,5,17,12
4.70968,102,9,15,15,16,6
6.83871,98,9,7,15,15,7,6,11
3.35484,82,9,2,18
4,62,9,12,7
3.87097,66,9,7,11
3.35484,82,9,4,22
5.87097,66,9,11,8,13
2.96774,94,9,13,8
3.93548,64,9,7,20
5.22581,86,9,12,2,18
5.87097,66,9,22,14,1
5.80645,68,9,17,15,12
5.54839,76,9,8,4,2
3.54839,76,9,2,22
5.29032,84,9,11,2,6
3.87097,66,9,3,9,7
5.6129,74,9,17,6,4
5.54839,76,9,12,18,1
3.80645,68,9,13,2
5.48387,78,9,10,20,21
2.58065,106,9,5,6,9
5.29032,84,9,18,9,17,5
5.6129,74,9,21,19,12
5.87097,66,9,15,14,20
5.87097,66,9,15,14,4
5.22581,86,9,14,20,22
7.03226,92,9,15,7,4,17
6,62,9,7,15,12
5.87097,66,9,1,1,18,5
3.35484,82,9,6,8
3.16129,88,9,13,3
3.67742,72,9,17,3
8,62,9,16,17,7,6
5.74194,70,9,7,18,1
2.25806,116,9,4,5
3.09677,90,9,6,11
2.58065,106,9,20,10
5.67742,72,9,15,8,16
3.54839,76,9,13,6
4.3871,112,9,18,10,4
5.87097,66,9,21,18,19
3.87097,66,9,5,4
5.93548,64,9,16,9,22,3
5.48387,78,9,12,3,16
5.93548,64,9,22,8,19
2.96774,94,9,13,19
3.22581,86,9,13,22
3.41935,80,9,12,18,9
2.77419,100,9,13,13,1
5.74194,70,9,14,15,11
3.6129,74,9,6,14
5.03226,92,9,19,10,21
7.67742,72,9,8,19,12,12,11
5.93548,64,9,3,1,5
9.74194,70,9,8,14,19,15,17
3.87097,66,9,7,1
5.16129,88,9,22,16,15
5.67742,72,9,21,2,4
5.22581,86,9,3,1,4
9.48387,78,9,16,15,15,14,8,10
3.35484,82,9,20,11
5.87097,66,9,14,18,5
3.93548,64,9,8,13
3.09677,90,9,4,8
3.29032,84,9,6,12
3.41935,80,9,6,19
5.87097,66,9,14,8,10
5.67742,72,9,11,15,3
5.54839,76,9,9,3,4,2
3.09677,90,9,6,1
2.58065,106,9,2,9,4
3.67742,72,9,4,2
6,62,9,18,10,16
3.6129,74,9,6,14
9.29032,84,9,16,16,16,17,16,11,1,7
5.09677,90,9,18,1,4
5.80645,68,9,22,16,10
3.80645,68,9,20,21
5.74194,70,9,22,21,17
3.03226,92,9,13,18
5.87097,66,9,21,20,2
3.87097,66,9,10,13
3.09677,90,9,6,1
7.54839,76,9,10,15,18,20
3.93548,64,9,9,14,11,9
5.87097,66,9,15,11,8
5.67742,72,9,22,14,2
5.03226,92,9,20,2,6
3.87097,66,9,9,6,6,22
5.09677,90,9,17,10,14
7.35484,82,9,19,7,19,15,11
5.35484,82,9,14,17,21
7.87097,66,9,16,8,3,5
6,62,9,19,8,5
3.35484,82,9,4,14
7.87097,66,9,16,18,1,1,10
3.35484,82,9,9,12,5
5.74194,70,9,19,22,3
3.87097,66,9,7,9,17
5.93548,64,9,18,12,15
4.83871,98,9,19,6,11
2.64516,104,9,2,5
3.41935,80,9,20,22
3.09677,90,9,6,1
5.67742,72,9,10,7,7,11
5.93548,64,9,8,2,20
5.41935,80,9,12,14,13
4.96774,94,9,12,8,13
4,62,9,8,17
4,62,9,22,3
7.03226,92,9,16,22,8,13
5.6129,74,9,14,3,22
7.54839,76,9,17,22,22,14,1
5.41935,80,9,19,4,12
5.67742,72,9,19,12,21,19
5.87097,66,9,8,22,19
5.35484,82,9,3,16,16,19
6.77419,100,9,3,3,12,21,5
6.96774,94,9,16,22,2,17
3.6129,74,9,20,4
5.93548,64,9,21,14,22
5.22581,86,9,5,6,6,17
5.67742,72,9,10,17,20
5.54839,76,9,14,20,13
3.87097,66,9,6,22
9.41936,80,9,11,19,18,15,16
3.87097,66,9,2,12
7.16129,88,9,16,12,18,5
7.80645,68,9,10,5,21,4
4.64516,104,9,8,10,6
5.16129,88,9,21,4,18
3.67742,72,9,4,6
5.74194,70,9,8,9,3,19
4,62,9,10,4
5.80645,68,9,3,16,16,10
5.67742,72,9,5,14,16
3.41935,80,9,4,20
7.74194,70,9,16,17,21,4
3.41935,80,9,20,22
2.90323,96,9,13,17
2.3871,112,9,15,4,9
3.09677,90,9,4,19
5.16129,88,9,7,12,7,7,3
4.19355,118,9,12,4,4,10
4,62,9,3,13
2.32258,114,9,4,10
7.80645,68,9,5,18,18,12,20
7.74194,70,9,15,21,4,6
3.22581,86,9,21,5
4.96774,94,9,11,13,8
5.80645,68,9,15,18,2
3.80645,68,9,6,13
4,62,9,19,13
5.16129,88,9,15,12,17
8,62,9,1,14,22,21
5.16129,88,9,12,19,2
5.29032,84,9,17,7,10
3.93548,64,9,21,17
3.87097,66,9,7,1
3.29032,84,9,4,15
4,62,9,3,13
3.54839,76,9,13,6
3.93548,64,9,7,20
3.93548,64,9,3,5
6,62,9,14,11,19
3.35484,82,9,12,5
5.03226,92,9,10,21,5
8.96774,94,9,1,12,18,14,10
3.74194,70,9,17,13
5.80645,68,9,11,18,6
5.48387,78,9,15,11,18
5.74194,70,9,17,21,4
7.6129,74,9,5,10,21,17
3.74194,70,9,22,9,12
3.35484,82,9,21,10
6,62,9,8,7,7,14
5.6129,74,9,14,3,22
3.54839,76,9,6,6,17
7.87097,66,9,16,11,14,17
2.58065,106,9,21,2,9
5.22581,86,9,14,9,19,2
5.67742,72,9,12,4,12,12,14
2.19355,118,9,13,10
3.87097,66,9,22,10
3.74194,70,9,3,9,21
3.54839,76,9,12,17
3.6129,74,9,20,4
5.93548,64,9,11,7,6
5.87097,66,9,10,8,6
2.96774,94,9,12,9,4
2.83871,98,9,6,10
4.83871,98,9,5,6,20
3.16129,88,9,2,17
3.29032,84,9,6,12
7.80645,68,9,5,16,19,6
7.54839,76,9,16,19,17,18
2.32258,114,9,4,10
3.93548,64,9,7,3
5.87097,66,9,17,16,5
3.93548,64,9,7,13
4.45161,110,9,12,20,10
5.29032,84,9,3,3,15,2
3.93548,64,9,3,10
5.87097,66,9,14,19,3,14
4.90323,96,9,9,10,20,1
3.29032,84,9,13,7
7.03226,92,9,18,21,2,1
5.6129,74,9,5,6,4
3.48387,78,9,20,7
7.93548,64,9,8,8,14,22,21
5.74194,70,9,5,18,5,3
6,62,9,11,19,5
3.54839,76,9,13,6
5.80645,68,9,11,20,21
5.54839,76,9,10,17,22,10
3.03226,92,9,4,17
7.35484,82,9,1,19,17,21
3.80645,68,9,20,21
3.93548,64,9,1,9,1,9,20
7.35484,82,9,1,9,14,14,18,20
3.16129,88,9,6,20
5.29032,84,9,8,4,20
7.41935,80,9,18,21,20,13
3.6129,74,9,7,10
4,62,9,18,13
7.22581,86,9,11,1,20,15
3.54839,76,9,7,5
5.80645,68,9,1,7,4
3.87097,66,9,17,4
4.90323,96,9,11,13,17
3.87097,66,9,17,4
5.16129,88,9,11,1,2,11
7.22581,86,9,8,8,14,4,14,20
5.16129,88,9,3,7,1
5.67742,72,9,10,17,3
5.93548,64,9,11,21,13
5.54839,76,9,21,6,4
2.19355,118,9,13,5
3.93548,64,9,12,22
5.48387,78,9,8,20,13
5.48387,78,9,18,17,16
3.35484,82,9,2,19
3.16129,88,9,13,15
4.51613,108,9,16,16,18,20,9
6.96774,94,9,18,1,11,6
5.29032,84,9,14,1,20
4.96774,94,9,21,19,13
4.83871,98,9,3,9,3,16,21
7.74194,70,9,19,14,12,14,4
3.29032,84,9,4,15
5.93548,64,9,14,1,19
3.87097,66,9,7,1
3.6129,74,9,12,6
5.6129,74,9,18,21,18,4
6.77419,100,9,1,18,11,6
7.54839,76,9,16,15,3,21
5.09677,90,9,1,5,20
3.22581,86,9,4,3
5.22581,86,9,7,21,16
5.87097,66,9,19,18,4
4,62,9,22,22,3
5.48387,78,9,12,3,16
3.54839,76,9,7,5
9.80645,68,9,9,1,8,11,19,7
2.96774,94,9,6,16
9.29032,84,9,10,5,18,11,21
3.22581,86,9,13,22
3.87097,66,9,17,4
5.41935,80,9,14,14,13,6
3.16129,88,9,4,18
4.45161,110,9,21,4,16
5.48387,78,9,14,3,10
3.93548,64,9,8,13
5.09677,90,9,8,16,12
9.22581,86,9,16,18,15,15,17,4
7.09677,90,9,16,18,16,17,8
5.6129,74,9,21,12,11
5.93548,64,9,9,3,8,10
3.29032,84,9,20,19
3.80645,68,9,17,2
5.80645,68,9,14,11,18
5.6129,74,9,12,18,3
2.25806,116,9,13,16
5.16129,88,9,21,2,18
3.67742,72,9,4,21
3.87097,66,9,17,4
3.29032,84,9,13,7
6,62,9,7,21,22
2.25806,116,9,13,16
5.67742,72,9,19,11,2
3.87097,66,9,5,4
5.67742,72,9,5,3,13
7.03226,92,9,10,18,11,13
5.16129,88,9,3,16,22
3.16129,88,9,2,17
3.41935,80,9,6,9,22
2.96774,94,9,6,16
4,62,9,15,18,9
5.74194,70,9,12,2,4
4.83871,98,9,15,15,13,19
5.48387,78,9,22,14,16
2.77419,100,9,2,16
3.80645,68,9,14,9,12
5.22581,86,9,10,12,16
5.29032,84,9,14,11,13
7.29032,84,9,11,14,4,20
7.48387,78,9,1,19,22,19,6
7.35484,82,9,15,8,14,20
5.93548,64,9,1,19,20
3.54839,76,9,6,17
4,62,9,19,13
3.41935,80,9,17,17,9,20
3.35484,82,9,4,22
3.54839,76,9,20,3
6,62,9,8,3,4
3.87097,66,9,21,21,1
3.16129,88,9,6,20
5.16129,88,9,14,20,11
3.80645,68,9,22,5
7.16129,88,9,8,3,18,13
7.03226,92,9,9,1,11,9,19,6
5.35484,82,9,3,16,19
4.70968,102,9,1,17,11
7.09677,90,9,9,11,12,8,4
3.48387,78,9,21,16
5.22581,86,9,12,18,2
5.93548,64,9,14,21,11
5.03226,92,9,17,16,7
4.96774,94,9,10,8,9,7
5.87097,66,9,1,10,14
7.41935,80,9,18,19,15,13
3.48387,78,9,2,15
4,62,9,9,16,13
5.74194,70,9,21,7,22,21
5.74194,70,9,10,7,7,20
5.67742,72,9,10,7,1
5.93548,64,9,22,19,1
7.93548,64,9,10,17,14,18
5.74194,70,9,1,16,21
3.54839,76,9,12,12,17
4.77419,100,9,21,6,20
5.54839,76,9,7,14,4
5.09677,90,9,19,4,18
3.48387,78,9,20,7
7.41935,80,9,16,19,7,7,7,18,9
3.93548,64,9,6,7
3.93548,64,9,22,11
3.41935,80,9,4,7
5.03226,92,9,1,20,17
5.22581,86,9,11,20,1
3.22581,86,9,21,22,9
3.54839,76,9,12,17
7.41935,80,9,5,18,22,1
3.6129,74,9,7,10
7.74194,70,9,19,1,14,15
5.29032,84,9,18,4,22
3.22581,86,9,21,5
2.58065,106,9,20,5
7.93548,64,9,5,19,5,10,8
5.93548,64,9,14,21,11
3.74194,70,9,17,13
5.22581,86,9,3,1,6
3.67742,72,9,4,6
2.96774,94,9,13,11
4,62,9,13,4
5.80645,68,9,9,10,15,13
3.35484,82,9,18,9,4
5.6129,74,9,17,14,22
5.93548,64,9,16,1,9,17
3.48387,78,9,21,14,9
4.3871,112,9,9,19,5,4
3.87097,66,9,20,12
3.93548,64,9,5,17,9
5.48387,78,9,19,19,3,6
4.83871,98,9,14,6,11
3.22581,86,9,20,1
5.54839,76,9,19,10,17
4,62,9,16,13
5.80645,68,9,12,18,8
4.06452,122,9,14,13,5
5.35484,82,9,9,11,12,12,5
5.93548,64,9,10,1,4
9.67742,72,9,8,14,15,21,4
5.74194,70,9,12,2,21
5.03226,92,9,7,19,13
3.80645,68,9,5,13
3.35484,82,9,20,11
5.16129,88,9,21,3,7
3.29032,84,9,20,19
2.64516,104,9,4,9,6
7.35484,82,9,22,17,15,12
7.22581,86,9,1,3,15,10
7.67742,72,9,1,16,19,7
5.48387,78,9,22,16,1
7.67742,72,9,9,16,14,15,4
4.77419,100,9,15,1,17
3.48387,78,9,20,15
4,62,9,3,13
5.22581,86,9,9,7,6,8
3.35484,82,9,20,18
3.93548,64,9,12,22
3.93548,64,9,7,20
5.87097,66,9,10,21,6
3.41935,80,9,4,7
4.77419,100,9,8,20,17
5.35484,82,9,12,18,10
7.80645,68,9,11,15,18,8
3.03226,92,9,13,18
5.54839,76,9,1,20,20,3
3.87097,66,9,6,22
2.19355,118,9,13,10
3.93548,64,9,6,4
2.77419,100,9,20,16
3.35484,82,9,2,18
3.29032,84,9,4,15
5.6129,74,9,17,14,11
3.35484,82,9,9,2,11
3.87097,66,9,2,12
5.54839,76,9,1,2,15
4.32258,114,9,19,5,13
4.64516,104,9,17,6,16
3.93548,64,9,14,10
2.45161,110,9,4,4,16
3.54839,76,9,20,3
3.80645,68,9,17,12
5.03226,92,9,1,1,16,13
7.48387,78,9,8,7,22,4
5.09677,90,9,1,20,6
5.03226,92,9,21,12,12,12,17
5.6129,74,9,5,7,3
3.80645,68,9,17,12
5.74194,70,9,9,21,7,19
5.29032,84,9,3,15,16
2.19355,118,9,13,10
5.87097,66,9,14,11,16
7.16129,88,9,19,12,2,8
4,62,9,22,20
5.35484,82,9,8,20,4
5.48387,78,9,5,5,6,15
3.87097,66,9,7,11
5.09677,90,9,14,9,10,20
3.35484,82,9,4,4,14
7.93548,64,9,3,21,14,18
6.96774,94,9,5,1,7,10
3.48387,78,9,21,16
3.67742,72,9,17,3
8,62,9,1,18,22,21
5.41935,80,9,17,21,1
5.74194,70,9,19,15,5
5.41935,80,9,15,13,20
3.22581,86,9,20,1
8,62,9,16,3,19,22
6,62,9,1,14,13
5.54839,76,9,7,4,21
3.6129,74,9,2,14
3.29032,84,9,4,15
4.90323,96,9,17,16,21
2.19355,118,9,13,10
4,62,9,15,5
5.80645,68,9,22,18,17
4.51613,108,9,19,20,16
3.93548,64,9,3,10
3.87097,66,9,22,10
5.54839,76,9,13,9,16,1
7.35484,82,9,15,14,7,20
5.74194,70,9,1,8,1,10,8
5.74194,70,9,5,7,2
5.54839,76,9,11,5,3
2.96774,94,9,6,16
7.67742,72,9,1,18,21,3
3.54839,76,9,6,18
5.03226,92,9,3,3,4,18
5.09677,90,9,16,9,16,2,17
5.93548,64,9,8,18,16
3.54839,76,9,12,17
5.22581,86,9,15,16,3
3.35484,82,9,4,4,22
5.80645,68,9,5,19,4
5.35484,82,9,15,2,22
4.70968,102,9,22,6,5
4.12903,120,9,15,13,16
5.74194,70,9,19,11,7
5.29032,84,9,9,12,18,5
4,62,9,3,9,22
6,62,9,11,3,10
7.09677,90,9,16,3,20,8
8,62,9,5,8,11,14
3.6129,74,9,17,1
3.6129,74,9,17,1
5.29032,84,9,8,4,20
3.35484,82,9,9,4,22
6.83871,98,9,1,21,13,8
3.6129,74,9,2,14
5.29032,84,9,16,20,8
7.6129,74,9,11,19,3,3,20
3.6129,74,9,2,7
5.80645,68,9,10,12,15
3.67742,72,9,4,2
3.03226,92,9,4,17
3.93548,64,9,8,13
5.74194,70,9,19,16,8
6.77419,100,9,11,5,10,20
5.35484,82,9,12,19,10
5.80645,68,9,14,18,18,20
5.74194,70,9,7,19,21
2.96774,94,9,6,16
2.77419,100,9,13,13,1
4.83871,98,9,16,9,4,11
2.51613,108,9,19,20,9
4.77419,100,9,7,12,16
5.87097,66,9,15,11,8
5.80645,68,9,5,14,20
5.93548,64,9,22,9,1,16
9.48387,78,9,1,11,21,11,21,14,4
5.09677,90,9,19,6,2
5.35484,82,9,12,2,15
7.74194,70,9,5,8,1,12
5.80645,68,9,12,21,18
5.74194,70,9,7,19,21
2.58065,106,9,2,10
5.87097,66,9,21,22,17
5.87097,66,9,15,7,16
5.16129,88,9,7,8,2
5.22581,86,9,9,8,7,10
3.87097,66,9,7,9,14
5.41935,80,9,18,4,18,1
3.03226,92,9,4,17
5.35484,82,9,22,14,10
6.96774,94,9,10,17,14,5
5.29032,84,9,19,4,22
3.67742,72,9,4,6
7.22581,86,9,16,21,22,22,11
3.16129,88,9,2,17
3.54839,76,9,2,2,9,8
11.9355,64,9,16,5,5,11,19,8,3
5.35484,82,9,14,12,16
5.22581,86,9,10,20,14
5.67742,72,9,1,2,3
4.90323,96,9,1,6,3
5.74194,70,9,11,21,1
2.77419,100,9,13,1
2.96774,94,9,13,8
5.67742,72,9,3,11,20
3.29032,84,9,13,7
3.6129,74,9,17,1
5.16129,88,9,12,3,6
3.6129,74,9,13,12
5.80645,68,9,5,15,4
3.29032,84,9,2,1
3.29032,84,9,20,19
3.16129,88,9,13,3
5.22581,86,9,1,5,6
3.09677,90,9,4,19
3.22581,86,9,21,5
4.70968,102,9,1,2,5
7.74194,70,9,7,15,8,11
5.41935,80,9,15,11,5
7.54839,76,9,5,3,21,18
7.80645,68,9,1,3,14,4
3.41935,80,9,12,19,9
8,62,9,8,9,8,14,18,11
4.77419,100,9,16,6,5
9.87097,66,9,16,22,7,15,2
4.83871,98,9,15,13,11
3.29032,84,9,4,15
5.48387,78,9,18,8,14,9
3.80645,68,9,22,5
5.67742,72,9,14,18,13
3.09677,90,9,9,4,8
5.22581,86,9,22,8,2
7.54839,76,9,1,10,11,12
5.87097,66,9,12,8,11
2.64516,104,9,2,5
3.09677,90,9,20,6
3.22581,86,9,13,22
3.93548,64,9,2,9,1
3.80645,68,9,9,20,20,21
3.48387,78,9,2,15
5.09677,90,9,2,9,5,3
4.25806,116,9,16,7,4,9
5.54839,76,9,1,13,12
5.03226,92,9,18,2,1
7.03226,92,9,16,11,2,17
3.80645,68,9,17,12
5.35484,82,9,8,7,16
5.6129,74,9,10,6,21
5.16129,88,9,14,4,18
3.41935,80,9,2,8
5.6129,74,9,18,22,5
3.93548,64,9,8,13
4,62,9,4,13
5.41935,80,9,8,22,13
4,62,9,22,3
8,62,9,9,1,22,7,18
9.29032,84,9,10,8,8,18,22,22,4
3.67742,72,9,4,6
7.03226,92,9,10,9,16,11,21,9
5.35484,82,9,1,17,1,12
5.80645,68,9,15,3,14
5.93548,64,9,21,12,3
8,62,9,16,1,14,2
7.80645,68,9,18,21,7,14
5.80645,68,9,7,14,1
3.03226,92,9,13,18
6,62,9,1,7,19
5.67742,72,9,15,1,19
4,62,9,11,17
3.22581,86,9,4,3
3.03226,92,9,13,18
3.35484,82,9,4,14
4.83871,98,9,21,13,8
5.54839,76,9,21,12,12,4
4,62,9,3,13
5.16129,88,9,8,4,15
2.45161,110,9,7,2,9
5.54839,76,9,22,12,13
6,62,9,3,19,12
5.41935,80,9,7,18,4
3.22581,86,9,21,5
3.09677,90,9,4,8
5.67742,72,9,14,6,7
7.48387,78,9,1,22,15,11
3.22581,86,9,4,4,3
6,62,9,21,15,14
6.70968,102,9,9,11,1,5,4
5.80645,68,9,5,14,6
5.67742,72,9,19,19,2,4
5.87097,66,9,22,8,11
3.67742,72,9,17,20
3.35484,82,9,2,11
3.35484,82,9,2,18
3.54839,76,9,6,17
5.80645,68,9,12,3,18
5.80645,68,9,5,14,4
3.03226,92,9,7,9,13
6,62,9,18,15,4
6.70968,102,9,9,11,14,20,17
6,62,9,18,14,13
7.22581,86,9,5,8,7,20
3.6129,74,9,3,14,9
3.6129,74,9,17,11
3.87097,66,9,7,11
4.64516,104,9,12,20,16
3.87097,66,9,17,8
3.93548,64,9,3,5
3.54839,76,9,2,22
3.35484,82,9,9,6,2
5.74194,70,9,3,20,3,14
5.29032,84,9,10,9,14,7,9
5.29032,84,9,11,8,12,9
5.93548,64,9,1,22,6
5.29032,84,9,14,21,6,14
4.64516,104,9,12,20,16
6.77419,100,9,1,11,16,1,13
5.22581,86,9,8,4,22
2.32258,114,9,4,10
5.80645,68,9,10,10,18,15,9
7.74194,70,9,11,3,8,17
5.67742,72,9,14,4,21
5.22581,86,9,11,6,11,21
7.54839,76,9,16,8,4,2
7.03226,92,9,18,22,18,3,5
3.16129,88,9,13,15
3.87097,66,9,17,4
5.16129,88,9,15,9,3,16
5.87097,66,9,8,20,2
5.93548,64,9,8,12,11
3.80645,68,9,17,12
5.6129,74,9,12,20,13
5.03226,92,9,7,4,18
7.35484,82,9,22,15,6,14
5.6129,74,9,14,22,16
5.16129,88,9,15,20,18
3.35484,82,9,4,22
3.6129,74,9,17,11
5.80645,68,9,9,16,6,13
3.93548,64,9,12,22
5.16129,88,9,7,21,7,5
3.54839,76,9,6,18
5.54839,76,9,9,7,12,18
4.32258,114,9,9,7,2,5
5.74194,70,9,1,5,22
3.6129,74,9,17,11
4.45161,110,9,14,4,16
5.09677,90,9,19,4,4,18
7.16129,88,9,3,3,12,13,14
5.87097,66,9,11,9,21,14
5.6129,74,9,18,4,2
7.67742,72,9,14,12,21,8
7.48387,78,9,8,18,8,11,15
3.93548,64,9,6,7
3.6129,74,9,2,3
3.54839,76,9,6,18
5.22581,86,9,8,4,14
5.87097,66,9,12,3,12,13
5.41935,80,9,11,4,12
4.70968,102,9,2,9,16,20
5.16129,88,9,16,4,18
4,62,9,22,20
4.96774,94,9,12,12,12,15,5
5.67742,72,9,12,19,21
5.22581,86,9,1,11,9,2
3.22581,86,9,20,1
5.29032,84,9,7,2,3
5.35484,82,9,22,12,7
7.80645,68,9,10,11,3,4
5.29032,84,9,11,21,21,11,19,9
7.48387,78,9,5,16,12,1
5.16129,88,9,1,4,18
3.48387,78,9,4,12
2.19355,118,9,13,10
5.35484,82,9,22,22,12,7
4.32258,114,9,18,14,4,9
5.09677,90,9,19,2,6
3.6129,74,9,7,10
5.54839,76,9,19,19,1,20
7.74194,70,9,19,3,14,1
9.6129,74,9,11,14,15,14,12,2
7.54839,76,9,10,17,7,11
3.35484,82,9,4,14
7.80645,68,9,16,22,8,18
3.80645,68,9,6,13
7.41935,80,9,19,14,22,22,11
3.16129,88,9,12,9,9,20
3.41935,80,9,2,9,3
5.80645,68,9,1,20,21
5.09677,90,9,12,20,1
3.87097,66,9,14,5
4.70968,102,9,20,9,5,21
4,62,9,12,1
3.93548,64,9,12,22
3.35484,82,9,4,14
3.41935,80,9,4,7
5.67742,72,9,21,4,4,4,6
3.93548,64,9,21,17
4.19355,118,9,17,5,4
2.83871,98,9,6,10
3.6129,74,9,15,17,9
7.22581,86,9,3,19,21,1
5.6129,74,9,21,14,20
5.41936,80,9,9,10,20,13
3.87097,66,9,8,18,9
8,62,9,18,14,12,13
5.29032,84,9,2,20,14
3.35484,82,9,6,8
5.48387,78,9,22,6,18
5.09677,90,9,17,10,14
7.35484,82,9,10,11,18,4
4.96774,94,9,10,10,8,10,13
5.09677,90,9,10,2,8
3.87097,66,9,21,1
5.87097,66,9,19,1,14,19
5.54839,76,9,18,1,15
5.16129,88,9,12,4,15
7.22581,86,9,5,11,12,6
3.74194,70,9,21,9,17
6,62,9,22,14,7
7.93548,64,9,16,7,22,22,8
3.67742,72,9,4,2
7.80645,68,9,19,11,1,12
5.67742,72,9,10,17,3
3.09677,90,9,20,6
3.80645,68,9,13,2
6.96774,94,9,8,19,12,10
5.03226,92,9,18,9,17,8
5.03226,92,9,8,5,22
3.67742,72,9,4,6
5.6129,74,9,14,14,7,14,13
5.80645,68,9,1,5,15
7.67742,72,9,18,15,12,20
7.67742,72,9,10,14,12,15
3.93548,64,9,22,11
7.80645,68,9,16,12,19,14
5.87097,66,9,10,12,11
7.09677,90,9,3,8,11,17
5.80645,68,9,10,15,13
4.83871,98,9,22,16,21
5.35484,82,9,12,20,15
2.25806,116,9,21,13,9
4,62,9,8,17
5.93548,64,9,19,3,20
5.22581,86,9,12,20,8
3.54839,76,9,7,7,5
3.48387,78,9,20,15
3.35484,82,9,4,4,14
4.83871,98,9,11,6,11,13
2.90323,96,9,13,17
3.80645,68,9,17,2
3.35484,82,9,20,8
5.74194,70,9,9,16,5,4
4,62,9,9,4,13
5.93548,64,9,19,4,13
5.93548,64,9,11,21,3
3.67742,72,9,9,17,20
6,62,9,11,22,17
5.41935,80,9,15,2,3
5.6129,74,9,18,1,21
2.19355,118,9,13,13,10
3.93548,64,9,7,20
5.09677,90,9,17,18,13
6.96774,94,9,10,7,17,4
7.16129,88,9,8,1,18,5
2.19355,118,9,9,13,10
3.67742,72,9,3,17
5.87097,66,9,19,10,19,1
4.25806,116,9,12,13,16
6,62,9,19,11,18
3.22581,86,9,21,5
7.41936,80,9,16,11,13,20
3.54839,76,9,13,6
4,62,9,15,15,5
2.19355,118,9,13,10
7.87097,66,9,5,16,11,22
3.41935,80,9,6,19
3.87097,66,9,17,9,7
5.6129,74,9,11,15,4
7.80645,68,9,16,16,22,15,5
4.51613,108,9,8,20,16
3.22581,86,9,13,22
4,62,9,13,4
5.74194,70,9,20,2,13
7.67742,72,9,16,8,18,4
3.54839,76,9,20,3
3.48387,78,9,4,12
7.41935,80,9,5,3,8,4
5.6129,74,9,17,10,1
5.03226,92,9,11,4,8
5.6129,74,9,17,17,19,21
3.93548,64,9,3,10
5.80645,68,9,7,2,20
5.6129,74,9,3,8,13
4.96774,94,9,2,20,1
5.74194,70,9,5,7,2
3.35484,82,9,4,22
3.54839,76,9,11,12,9
7.29032,84,9,16,21,19,17
5.41935,80,9,1,1,2,11
3.87097,66,9,22,10
6.90323,96,9,15,21,4,1
3.35484,82,9,12,5
5.93548,64,9,14,12,15
5.09677,90,9,15,6,1
9.67742,72,9,10,8,18,19,11
3.74194,70,9,9,3,6
3.87097,66,9,17,8
4.96774,94,9,9,8,6,8,4
5.80645,68,9,16,6,15
5.16129,88,9,5,2,15
