2.58065,106,5,20,9
5.22581,86,5,18,9,14
3.09677,90,5,20,19
3.16129,88,5,20,11
7.41936,80,5,9,7,22,10
4,62,5,18,4
3.48387,78,5,2,7
3.35484,82,5,5,20,14
4,62,5,16,5,2
4,62,5,11,13
5.54839,76,5,19,6,7
5.54839,76,5,1,5,7,17
7.35484,82,5,14,15,18,9
3.35484,82,5,12,9
6.96774,94,5,9,16,6,20
4,62,5,9,4
3.74194,70,5,7,1
5.41936,80,5,10,22,7,5
4,62,5,9,13
9.74194,70,5,16,19,8,14,19,1
3.74194,70,5,17,20
5.80645,68,5,9,12,12,1
5.16129,88,5,19,10,14
5.09677,90,5,19,9,12
7.6129,74,5,9,15,6,13
2,62,5,13
3.67742,72,5,21,11
3.22581,86,5,6,2
3.29032,84,5,4,7
5.54839,76,5,7,18,16
3.93548,64,5,12,11
2.83871,98,5,6,16
2,62,5,13
5.87097,66,5,9,14,13
3.48387,78,5,2,3
3.93548,64,5,17,4
9.41936,80,5,1,5,10,9,17,21
3.93548,64,5,17,17,8
5.54839,76,5,18,11,10
3.16129,88,5,20,11
5.09677,90,5,5,21,22,3
2.83871,98,5,20,17
7.87097,66,5,8,15,22,17
6.83871,98,5,1,21,12,17
3.35484,82,5,2,15
3.67742,72,5,17,1
3.93548,64,5,3,22
3.93548,64,5,8,6
3.93548,64,5,7,12
3.48387,78,5,2,14
3.87097,66,5,21,6
5.54839,76,5,19,6,7
3.80645,68,5,6,7
3.48387,78,5,2,7
5.93548,64,5,9,18,20
5.54839,76,5,22,17,19
7.48387,78,5,10,17,18,9
3.74194,70,5,6,22
7.41935,80,5,1,8,22,2
5.93548,64,5,18,12,13
5.6129,74,5,3,14,6
3.80645,68,5,6,7
3.93548,64,5,7,2
3.67742,72,5,6,15
3.29032,84,5,6,19
4.96774,94,5,17,17,19,13
7.6129,74,5,15,21,7,7,19
2.3871,112,5,20,10
3.80645,68,5,7,13
3.67742,72,5,6,13
2.77419,100,5,4,4,11
2.45161,110,5,2,10
3.67742,72,5,21,1
5.87097,66,5,10,14,14,14,13
5.87097,66,5,3,12,4
5.41935,80,5,7,14,20
3.87097,66,5,15,10
4,62,5,22,12
4,62,5,5,21,2
3.87097,66,5,5,3,13
2.90323,96,5,20,6
5.74194,70,5,3,18,12
5.80645,68,5,11,16,18
3.74194,70,5,7,1
5.35484,82,5,11,2,22
3.87097,66,5,18,13
3.41935,80,5,5,21,5,3
5.22581,86,5,7,19,17
3.35484,82,5,5,4,12
3.87097,66,5,22,20
5.35484,82,5,8,9,18
3.74194,70,5,12,22
3.29032,84,5,20,15
5.80645,68,5,15,22,20
5.93548,64,5,3,11,16
3.29032,84,5,12,16
3.80645,68,5,12,7
5.80645,68,5,17,15,17,21
5.87097,66,5,5,1,7,6
7.67742,72,5,9,7,22,2
2.83871,98,5,6,5,21
5.6129,74,5,15,6,13
4,62,5,3,7
4.96774,94,5,5,5,15,12,9
3.54839,76,5,3,17
2.32258,114,5,4,16
2.58065,106,5,20,16
5.93548,64,5,16,21,20
3.87097,66,5,12,4
3.16129,88,5,5,4,15
5.67742,72,5,16,12,1
3.87097,66,5,17,2
2.58065,106,5,20,16
9.67742,72,5,19,15,7,18,21
2.96774,94,5,4,8
5.22581,86,5,1,2,11
5.6129,74,5,14,8,14,16
5.29032,84,5,3,21,3,4
3.54839,76,5,21,5,8
4,62,5,21,2
3.16129,88,5,20,8
7.29032,84,5,10,16,20,4
3.16129,88,5,21,10
3.6129,74,5,3,6
2.58065,106,5,20,16
3.67742,72,5,17,11
3.41935,80,5,20,4
2.25806,116,5,4,9
3.03226,92,5,5,2,17
2.45161,110,5,2,10
6,62,5,18,11,8
3.80645,68,5,7,3
3.54839,76,5,7,9
5.67742,72,5,17,7,20
5.80645,68,5,17,7,4
3.41935,80,5,6,17
2.83871,98,5,2,5,12
5.09677,90,5,10,20,11
3.6129,74,5,20,21
5.48387,78,5,8,15,20
4,62,5,12,8
7.41935,80,5,3,12,20,13
5.67742,72,5,1,10,3
2,62,5,13
3.41935,80,5,12,6
3.29032,84,5,12,16
3.93548,64,5,10,13
2.83871,98,5,6,16
5.35484,82,5,22,6,18
4,62,5,14,4
3.80645,68,5,12,12,1
5.67742,72,5,17,22,1
3.93548,64,5,14,17
2.77419,100,5,6,9
4.96774,94,5,18,11,6
3.87097,66,5,5,22,3
6,62,5,18,12,20
3.93548,64,5,17,16,5
2,62,5,13
3.41935,80,5,20,4
7.74194,70,5,16,11,12,12,4
3.6129,74,5,7,16
7.54839,76,5,9,7,15,15,7,9,3
5.87097,66,5,18,22,8
4,62,5,21,8
3.87097,66,5,4,13
2,62,5,13
5.41935,80,5,8,22,2
3.87097,66,5,22,13
5.54839,76,5,15,5,11,9
3.67742,72,5,5,21,11
3.54839,76,5,7,9
3.54839,76,5,20,5,1
3.93548,64,5,3,4
5.35484,82,5,19,9,3
5.80645,68,5,18,21,18,1
5.54839,76,5,17,16,11
6,62,5,1,7,21
3.74194,70,5,2,4
3.93548,64,5,11,4
5.6129,74,5,19,7,3
3.22581,86,5,2,11
4,62,5,12,19
2.96774,94,5,6,1
3.74194,70,5,6,22
3.03226,92,5,18,5,5,13
7.80645,68,5,7,22,14,21
7.41935,80,5,16,21,12,21,3
3.16129,88,5,2,6
5.87097,66,5,19,14,13
7.29032,84,5,15,8,3,2
2,62,5,5,13
5.74194,70,5,18,7,20
3.29032,84,5,2,8
3.22581,86,5,6,2
6.96774,94,5,1,12,20,19
5.22581,86,5,15,3,20
7.35484,82,5,9,11,9,17,6
5.80645,68,5,10,8,13
3.74194,70,5,14,10
5.6129,74,5,16,12,22
3.03226,92,5,4,4,18
3.93548,64,5,8,6
5.09677,90,5,11,18,8,5
7.80645,68,5,9,11,14,17
7.80645,68,5,16,5,7,22,14
3.87097,66,5,22,20
5.54839,76,5,22,7,9
4.96774,94,5,18,11,11,6
5.35484,82,5,18,10,18,16
5.09677,90,5,21,22,13
3.80645,68,5,22,9
5.80645,68,5,1,12,7
3.03226,92,5,18,5,13
4,62,5,9,9,9,8,5
5.41935,80,5,12,3,20
5.29032,84,5,5,19,12,17
3.54839,76,5,20,13
3.80645,68,5,22,1
4.90323,96,5,17,10,12
5.22581,86,5,8,12,17
5.67742,72,5,17,19,22
2,62,5,13
5.67742,72,5,11,1,13
2.3871,112,5,5,20,10
3.87097,66,5,21,6
5.6129,74,5,22,18,9
3.22581,86,5,2,11
2,62,5,13
7.54839,76,5,16,17,21,21,4
3.6129,74,5,2,5,1
5.22581,86,5,22,19,20
5.87097,66,5,5,16,11,13
4.96774,94,5,9,22,9,4
3.74194,70,5,17,3
3.80645,68,5,22,1
3.87097,66,5,15,13
4,62,5,5,5,2,20
3.03226,92,5,4,18
4,62,5,19,4
3.54839,76,5,20,13
3.09677,90,5,15,5,20
5.80645,68,5,7,21,7,21,18
3.29032,84,5,6,19
5.16129,88,5,14,2,15
4,62,5,5,16,4
5.87097,66,5,8,12,13
5.6129,74,5,22,6,21
5.29032,84,5,1,3,14,14,5
5.74194,70,5,15,22,22,9
3.74194,70,5,6,22
5.6129,74,5,12,18,8
2,62,5,13
2.77419,100,5,4,11
7.6129,74,5,19,18,7,2
7.09677,90,5,19,16,10,15
4,62,5,22,4
3.35484,82,5,12,9
2.70968,102,5,6,10
5.93548,64,5,15,21,3
7.35484,82,5,18,15,17,6
5.80645,68,5,7,22,8
2.96774,94,5,6,11
2.64516,104,5,2,16
4.96774,94,5,8,2,8,5,15
5.93548,64,5,3,8,22
2.90323,96,5,4,17
5.48387,78,5,16,17,3
2.83871,98,5,20,17
5.35484,82,5,22,14,13
7.22581,86,5,9,14,22,10
3.74194,70,5,17,3
2,62,5,13
3.74194,70,5,14,10
5.03226,92,5,14,2,19
3.80645,68,5,16,13
5.09677,90,5,18,6,19
3.87097,66,5,22,13
2,62,5,13
7.87097,66,5,10,10,18,15,11
4.32258,114,5,18,16,13
7.80645,68,5,22,7,21,8
6.96774,94,5,11,8,12,10
5.93548,64,5,10,7,4
2.83871,98,5,6,16
3.48387,78,5,6,6,14
3.87097,66,5,21,13
3.48387,78,5,2,3
5.48387,78,5,19,22,10
3.80645,68,5,15,5,3
5.35484,82,5,11,16,21
2.58065,106,5,12,5,13
8,62,5,10,15,7,12
3.80645,68,5,19,19,5,7
3.09677,90,5,4,3
9.87097,66,5,10,14,18,19,3
2.58065,106,5,20,9
3.74194,70,5,2,12
7.6129,74,5,10,14,3,2
5.03226,92,5,22,17,1
3.03226,92,5,6,3
2.96774,94,5,6,11
3.80645,68,5,16,13
5.22581,86,5,1,7,9
3.80645,68,5,6,4
5.67742,72,5,15,19,10
3.93548,64,5,20,2
3.16129,88,5,20,8
3.35484,82,5,9,7,5
5.93548,64,5,19,12,8
7.22581,86,5,11,15,22,3
3.93548,64,5,21,20
3.87097,66,5,11,6
5.74194,70,5,18,12,1
4,62,5,9,4
2,62,5,13
5.67742,72,5,1,14,10
4,62,5,2,20
3.03226,92,5,14,5,5,20
5.93548,64,5,3,14,11
5.22581,86,5,8,21,9
5.16129,88,5,8,7,9
4,62,5,15,20
5.41935,80,5,14,3,16
3.87097,66,5,21,13
2.45161,110,5,2,5,20
2,62,5,13
2,62,5,13
2,62,5,13
3.80645,68,5,17,13
3.87097,66,5,21,3
5.6129,74,5,11,20,21
7.54839,76,5,17,15,7,13
4,62,5,22,2
3.09677,90,5,20,19
2,62,5,13
4.25806,116,5,1,5,3,5,13
5.80645,68,5,18,8,16
3.87097,66,5,15,10
5.80645,68,5,18,18,8,16
5.6129,74,5,19,19,16,8
4.45161,110,5,14,2,9
5.93548,64,5,9,22,2
3.93548,64,5,5,7,2
3.87097,66,5,14,9
5.87097,66,5,17,22,12
5.87097,66,5,18,12,11
3.35484,82,5,2,15
3.74194,70,5,22,10
3.74194,70,5,7,11
2.83871,98,5,20,17
7.80645,68,5,19,19,14,12,11
4.90323,96,5,19,16,6
5.29032,84,5,5,14,14,22,11
5.16129,88,5,19,10,3
3.41935,80,5,6,17
5.16129,88,5,14,12,16
7.41935,80,5,10,9,5,12,7
7.35484,82,5,9,8,18,18,13
3.93548,64,5,17,8
3.80645,68,5,7,20
3.16129,88,5,21,10
5.41935,80,5,19,5,17,21
2.58065,106,5,20,16
3.80645,68,5,12,7
3.09677,90,5,18,12,5
5.67742,72,5,17,22,9
3.93548,64,5,12,11
4,62,5,22,2
7.09677,90,5,10,7,19,6
7.41936,80,5,9,19,16,17
5.35484,82,5,8,15,10
5.48387,78,5,8,3,17
3.87097,66,5,4,13
3.93548,64,5,11,4
4,62,5,21,19
5.09677,90,5,11,5,22,20
5.29032,84,5,18,21,16
3.93548,64,5,7,2
2,62,5,13
5.67742,72,5,8,19,20
5.35484,82,5,8,5,1,22
4,62,5,18,20
4,62,5,22,12
3.80645,68,5,22,1
5.93548,64,5,10,14,10,18
5.41935,80,5,16,15,17,16
3.74194,70,5,2,12
3.80645,68,5,16,13
5.74194,70,5,22,8,11
2.64516,104,5,2,16
5.48387,78,5,18,19,13
3.54839,76,5,4,6
3.54839,76,5,3,17
3.74194,70,5,12,22
3.03226,92,5,6,20
5.22581,86,5,10,10,2,15
2.3871,112,5,20,10
5.80645,68,5,10,11,6
5.93548,64,5,11,11,2,20
3.41935,80,5,6,18
3.54839,76,5,5,4,21
3.29032,84,5,4,20
4,62,5,19,20
4.3871,112,5,8,9,9,13
5.03226,92,5,3,20,8
5.87097,66,5,9,15,13
5.22581,86,5,22,8,9
3.87097,66,5,21,6
4,62,5,14,4
3.29032,84,5,4,20
5.09677,90,5,1,20,20,19
3.93548,64,5,8,6
3.87097,66,5,12,15
4,62,5,9,4
3.16129,88,5,2,6
3.93548,64,5,3,9
3.80645,68,5,7,13
5.35484,82,5,19,11,13
4,62,5,1,6
3.41935,80,5,2,22
5.54839,76,5,1,16,16,21
5.6129,74,5,10,2,4
3.93548,64,5,22,16
3.74194,70,5,7,11
3.22581,86,5,21,9
2.58065,106,5,20,16
5.6129,74,5,12,21,19
5.54839,76,5,7,15,10
4,62,5,15,20
5.16129,88,5,11,21,15,11
2,62,5,13
3.29032,84,5,20,15
5.80645,68,5,1,16,3
3.87097,66,5,2,2,13
3.74194,70,5,17,20
3.67742,72,5,21,11
4.90323,96,5,17,17,10,21
5.87097,66,5,1,8,17
3.03226,92,5,5,2,17
7.80645,68,5,9,10,21,8
3.29032,84,5,4,7
5.67742,72,5,8,1,22
5.41935,80,5,3,1,22
5.6129,74,5,18,6,4
4,62,5,15,11
5.54839,76,5,14,8,20
4,62,5,22,12
5.41935,80,5,14,3,9
2,62,5,13
2.77419,100,5,4,11
3.80645,68,5,7,20
5.03226,92,5,16,20,19
4.32258,114,5,18,10,2
5.67742,72,5,11,16,22
3.35484,82,5,12,9
5.80645,68,5,10,8,13
5.35484,82,5,14,3,3,3,13
4,62,5,16,4
4,62,5,1,6
5.87097,66,5,17,19,18
4.77419,100,5,16,20,17
3.16129,88,5,2,1
3.67742,72,5,21,1
5.6129,74,5,16,17,12
5.16129,88,5,1,7,10
2.70968,102,5,4,1
4,62,5,5,11,13
4.51613,108,5,3,2,9
5.74194,70,5,9,22,11
3.87097,66,5,8,17
3.80645,68,5,12,7
3.74194,70,5,21,17
7.93548,64,5,18,3,11,1
5.09677,90,5,7,19,2
5.22581,86,5,10,4,14
3.16129,88,5,22,5,6
3.54839,76,5,14,5,7
7.80645,68,5,5,19,22,15,8
4.96774,94,5,18,1,6
3.29032,84,5,20,7
3.93548,64,5,7,4
4,62,5,22,22,12
2.25806,116,5,4,9
5.87097,66,5,16,18,16,7
5.80645,68,5,19,3,20
4,62,5,21,4
3.6129,74,5,7,7,16
7.22581,86,5,19,11,14,20
7.41935,80,5,16,18,3,18,6
5.80645,68,5,22,8,19
3.67742,72,5,20,12
3.93548,64,5,17,5,22
6,62,5,16,19,2
5.93548,64,5,16,5,11,22
2.19355,118,5,4,10
2.96774,94,5,4,19
5.87097,66,5,10,17,2
5.6129,74,5,19,7,20
3.87097,66,5,21,6
3.87097,66,5,22,22,3
4,62,5,11,13
3.09677,90,5,20,19
5.41935,80,5,18,17,17,10
5.16129,88,5,5,19,1,17
4,62,5,12,8
5.03226,92,5,19,17,8
5.93548,64,5,5,22,15,22,8
5.93548,64,5,10,16,4
4,62,5,19,20
3.16129,88,5,6,12
3.22581,86,5,6,8
2.32258,114,5,4,16
5.35484,82,5,22,14,9
2,62,5,13
5.29032,84,5,6,5,16,18
3.87097,66,5,15,10
7.6129,74,5,9,19,17,15
5.6129,74,5,3,2,12
3.6129,74,5,5,3,6
7.16129,88,5,5,11,16,5,11,1,22
5.09677,90,5,22,17,3
3.93548,64,5,17,16,5
3.03226,92,5,6,3
3.80645,68,5,6,4
7.74194,70,5,8,3,12,7
5.80645,68,5,9,12,7
3.93548,64,5,1,17
4,62,5,18,2
4,62,5,22,2
5.67742,72,5,5,22,18,16
7.22581,86,5,5,8,3,11,4
5.93548,64,5,11,20,2
3.93548,64,5,10,13
5.22581,86,5,18,7,17,5
5.54839,76,5,19,2,21
3.87097,66,5,3,13
3.80645,68,5,12,12,1
5.35484,82,5,16,6,17
2.83871,98,5,12,5,2
3.74194,70,5,2,12
3.09677,90,5,5,4,3
5.35484,82,5,19,9,3
2.77419,100,5,6,9
2.58065,106,5,12,5,13
5.80645,68,5,7,19,18
4,62,5,15,20
2,62,5,13
4,62,5,21,8
4,62,5,15,1
5.16129,88,5,19,1,17
3.54839,76,5,1,5,20
2.51613,108,5,20,5,6
5.80645,68,5,1,14,16
3.74194,70,5,12,22
5.80645,68,5,14,11,19
4,62,5,15,11
5.29032,84,5,12,12,12,2,7
4.45161,110,5,12,20,16
3.80645,68,5,12,7
5.6129,74,5,11,14,10
3.35484,82,5,2,2,15
3.87097,66,5,3,13
3.74194,70,5,6,22
2,62,5,13
5.29032,84,5,1,20,7
2,62,5,13
5.41935,80,5,14,1,21
3.54839,76,5,4,21
3.48387,78,5,2,7
4,62,5,1,4
7.48387,78,5,10,17,10,16,5,15
4,62,5,14,20
3.87097,66,5,14,9
3.54839,76,5,1,5,20
3.80645,68,5,6,7
5.35484,82,5,3,3,14,10
5.35484,82,5,11,22,12
5.03226,92,5,5,10,2,1
5.54839,76,5,11,10,18
2.83871,98,5,6,16
3.80645,68,5,8,13
5.54839,76,5,22,17,19
6,62,5,8,18,8,12
3.93548,64,5,11,5,7
6,62,5,3,1,9
3.93548,64,5,11,4
3.93548,64,5,22,16
4,62,5,18,4
5.87097,66,5,16,8,4
4,62,5,7,8
5.35484,82,5,14,8,13
2,62,5,13
4,62,5,14,4
5.48387,78,5,21,12,19
5.74194,70,5,14,15,15,12
5.80645,68,5,15,22,3
3.93548,64,5,1,17
3.29032,84,5,20,7
5.67742,72,5,18,7,1
6,62,5,14,14,21,20
5.09677,90,5,19,2,8
5.74194,70,5,9,14,10
3.93548,64,5,22,22,16
5.87097,66,5,16,21,3
9.16129,88,5,10,19,21,22,13
4.64516,104,5,8,16,2
5.80645,68,5,18,22,12
4.96774,94,5,10,11,22,5
3.93548,64,5,22,16
7.67742,72,5,9,7,22,12
3.6129,74,5,3,6
9.80645,68,5,10,8,14,12,13
3.80645,68,5,8,13
3.93548,64,5,17,4
5.87097,66,5,17,22,4
5.87097,66,5,16,22,3
3.67742,72,5,17,1
4,62,5,21,8
5.09677,90,5,16,20,8
3.80645,68,5,7,3
4,62,5,14,4
3.16129,88,5,4,15
4.96774,94,5,17,21,10
4.90323,96,5,18,1,1,13
3.74194,70,5,3,5,22
7.29032,84,5,16,19,3,6
2,62,5,13
2,62,5,13
4,62,5,22,22,12
3.93548,64,5,8,4
4,62,5,3,5,19
3.22581,86,5,2,18
5.22581,86,5,19,9,19,4
5.16129,88,5,1,20,8
5.41935,80,5,1,15,13
5.93548,64,5,14,18,11
5.29032,84,5,7,14,16
6,62,5,1,16,11,1
3.87097,66,5,17,2
4,62,5,16,4
3.74194,70,5,12,22
2,62,5,13
9.67742,72,5,16,9,5,10,21,7
3.03226,92,5,20,1
6,62,5,10,9,13
3.93548,64,5,20,2
7.74194,70,5,14,18,15,6
5.16129,88,5,8,16,7
4.77419,100,5,12,2,12,5,7
3.67742,72,5,21,11
5.74194,70,5,15,22,9
3.74194,70,5,22,10
7.35484,82,5,10,1,22,13
2,62,5,13
5.6129,74,5,9,12,9,14
5.74194,70,5,7,22,12
4.51613,108,5,10,20,16
6.96774,94,5,8,8,12,8,1,20
5.54839,76,5,18,6,22
9.80645,68,5,1,14,22,15,21
3.54839,76,5,18,11,5
2.77419,100,5,6,9
5.22581,86,5,1,22,10
3.16129,88,5,2,1
3.29032,84,5,4,7
2.83871,98,5,14,5,13
3.48387,78,5,2,3
3.93548,64,5,3,16
3.29032,84,5,20,15
5.54839,76,5,14,15,1
3.67742,72,5,20,12
3.93548,64,5,1,17
5.22581,86,5,17,10,15
3.74194,70,5,6,22
2.25806,116,5,4,9
6,62,5,14,19,12
5.74194,70,5,16,2,13
5.67742,72,5,18,6,18,8
4.96774,94,5,18,17,13
3.09677,90,5,4,3
5.80645,68,5,22,14,11
3.93548,64,5,1,13
3.87097,66,5,3,13
5.35484,82,5,1,22,20
3.48387,78,5,2,2,3
2.32258,114,5,4,16
5.29032,84,5,19,5,9,2
4,62,5,3,7
3.74194,70,5,7,1
6.45161,110,5,16,1,2,9
5.6129,74,5,18,8,2
3.29032,84,5,20,15
5.41935,80,5,22,8,15
5.87097,66,5,22,21,19
4,62,5,11,13
2.96774,94,5,4,8
3.16129,88,5,21,10
9.48387,78,5,19,8,14,18,6
5.67742,72,5,3,1,12
5.67742,72,5,9,21,1
3.41935,80,5,4,5,1
6,62,5,16,15,3
3.74194,70,5,2,4
3.93548,64,5,3,9
2.77419,100,5,6,9
5.67742,72,5,19,15,10
4.96774,94,5,19,6,8
3.35484,82,5,12,17
6.25806,116,5,19,21,2,10
4,62,5,18,4
9.74194,70,5,16,1,1,11,15,14
4,62,5,5,9,13
2.96774,94,5,6,11
5.74194,70,5,18,18,1,10
3.74194,70,5,7,11
3.16129,88,5,20,5,20,11
5.29032,84,5,10,4,20
5.48387,78,5,11,18,20
3.54839,76,5,3,19,5
5.74194,70,5,22,21,3
7.54839,76,5,9,22,7,16
5.87097,66,5,1,7,6
4.96774,94,5,15,17,17,15,5,12
3.67742,72,5,6,13
6,62,5,16,21,2
3.87097,66,5,11,6
5.6129,74,5,15,6,13
3.87097,66,5,21,13
3.93548,64,5,3,4
4.58065,106,5,11,20,16
3.93548,64,5,7,4
3.87097,66,5,18,13
4,62,5,15,16
5.93548,64,5,17,16,10
7.35484,82,5,1,3,12,17
3.93548,64,5,10,13
5.67742,72,5,3,19,9
5.03226,92,5,12,20,8
3.29032,84,5,20,7
3.87097,66,5,21,6
5.22581,86,5,7,19,7,3
3.80645,68,5,5,7,3
7.54839,76,5,3,14,18,11
3.03226,92,5,6,20
6,62,5,9,1,4
5.80645,68,5,14,12,11
7.74194,70,5,16,11,21,4
3.67742,72,5,20,12
3.67742,72,5,17,1
4,62,5,14,20
3.41935,80,5,2,22
7.54839,76,5,16,18,22,11
3.87097,66,5,5,12,4
5.87097,66,5,17,19,18
7.41935,80,5,3,14,15,6
5.93548,64,5,9,22,4
3.67742,72,5,20,12
5.41935,80,5,14,8,17
6.3871,112,5,8,1,16,4
4.77419,100,5,11,1,21,5
4,62,5,2,20
5.29032,84,5,19,3,17
3.87097,66,5,14,9
5.54839,76,5,10,20,21
6,62,5,16,1,20
4,62,5,18,2
3.16129,88,5,20,11
4,62,5,1,4
5.74194,70,5,19,12,1
5.29032,84,5,14,21,9
2,62,5,13
4,62,5,15,2
3.74194,70,5,7,1
3.16129,88,5,20,8
3.80645,68,5,7,13
4,62,5,18,4
3.74194,70,5,7,11
4.83871,98,5,12,21,9
4,62,5,1,4
3.80645,68,5,6,7
3.87097,66,5,3,13
7.48387,78,5,19,7,15,20
7.29032,84,5,8,11,12,7
5.35484,82,5,3,1,2
4.45161,110,5,8,2,16
5.80645,68,5,18,11,19
5.93548,64,5,16,3,15
3.80645,68,5,5,7,13
5.54839,76,5,18,1,18,17
3.41935,80,5,2,22
3.48387,78,5,2,7
3.41935,80,5,6,18
5.03226,92,5,15,17,3
4,62,5,9,13
2,62,5,13
3.09677,90,5,20,19
3.87097,66,5,3,13
5.67742,72,5,21,15,21,18
3.80645,68,5,8,5,8,13
7.22581,86,5,15,21,7,11
7.87097,66,5,18,19,8,12
5.74194,70,5,9,7,9,7,9,15
4,62,5,16,5,2
2,62,5,13
3.6129,74,5,19,5,21
5.74194,70,5,7,19,15
5.6129,74,5,19,19,7,20
5.67742,72,5,1,10,3
3.87097,66,5,18,13
7.29032,84,5,1,9,8,22
8.83871,98,5,10,18,15,6,6,3
3.74194,70,5,21,17
2.83871,98,5,6,16
5.67742,72,5,7,21,6
5.74194,70,5,9,8,13
7.93548,64,5,9,1,14,4
4.25806,116,5,19,2,10
7.41936,80,5,7,15,22,1
5.54839,76,5,19,1,22
2.96774,94,5,4,19
7.67742,72,5,16,5,9,10,16,6
3.29032,84,5,12,16
3.93548,64,5,17,4
3.16129,88,5,4,15
5.87097,66,5,14,12,13
2.64516,104,5,12,21,5
5.67742,72,5,15,14,20
3.87097,66,5,21,21,5,1
3.41935,80,5,6,18
4.96774,94,5,18,1,6
5.09677,90,5,14,2,14,9
2,62,5,5,13
5.29032,84,5,1,9,2
3.87097,66,5,5,4,13
5.67742,72,5,15,22,10
6,62,5,10,10,14,4
2,62,5,5,13
5.22581,86,5,16,20,15
2.77419,100,5,4,11
5.22581,86,5,3,18,20
3.6129,74,5,7,16
3.93548,64,5,3,9
6.90323,96,5,1,8,19,1,6
5.74194,70,5,18,1,1,10
2.77419,100,5,4,11
4.58065,106,5,19,6,16
7.29032,84,5,5,9,19,21,16
5.93548,64,5,1,11,4
7.41935,80,5,10,16,17,20
3.22581,86,5,21,9
5.67742,72,5,19,12,12,22
5.22581,86,5,7,19,17
3.87097,66,5,5,22,13
3.41935,80,5,6,17
4,62,5,22,4
3.6129,74,5,7,16
3.41935,80,5,20,4
3.16129,88,5,21,10
5.74194,70,5,14,18,6
5.22581,86,5,12,18,9
4,62,5,22,12
3.93548,64,5,3,4
5.74194,70,5,11,14,16
9.22581,86,5,16,8,21,14,13
3.41935,80,5,20,4
5.29032,84,5,19,11,4
4,62,5,15,16
5.87097,66,5,3,18,7
4,62,5,21,18
3.87097,66,5,21,6
4.96774,94,5,1,11,11,5,21
5.67742,72,5,16,21,1
4.83871,98,5,9,7,9,4
3.67742,72,5,17,11
3.22581,86,5,2,11
4,62,5,21,18
5.29032,84,5,8,16,3
7.22581,86,5,16,18,9,15
6,62,5,1,21,4
3.74194,70,5,2,4
3.87097,66,5,11,6
3.80645,68,5,3,10
3.48387,78,5,2,3
6,62,5,10,19,20
3.67742,72,5,16,5,3,16
5.54839,76,5,8,2,21
4,62,5,21,2
3.48387,78,5,2,3
3.93548,64,5,5,1,13
5.16129,88,5,21,7,11
3.74194,70,5,22,10
7.80645,68,5,16,16,18,1,9
3.67742,72,5,14,5,22
3.87097,66,5,21,3
5.16129,88,5,9,2,11
3.87097,66,5,22,13
4,62,5,7,8
5.29032,84,5,10,4,7
3.93548,64,5,17,8
5.03226,92,5,5,8,2,19
3.80645,68,5,12,7
3.48387,78,5,7,10
7.09677,90,5,16,19,19,10,3
4,62,5,12,19
5.87097,66,5,10,22,20
3.54839,76,5,7,9
2.58065,106,5,20,9
6.90323,96,5,16,9,6,9,12
3.74194,70,5,2,4
5.48387,78,5,21,5,16,8
3.87097,66,5,21,6
3.87097,66,5,18,13
5.22581,86,5,8,22,11
2.58065,106,5,20,16
3.35484,82,5,12,17
4,62,5,1,6
3.48387,78,5,2,7
5.41935,80,5,19,7,16
4,62,5,21,18
5.87097,66,5,16,7,2
5.93548,64,5,3,19,21
5.29032,84,5,21,15,20
5.41935,80,5,11,15,20
7.29032,84,5,11,14,15,13
4,62,5,15,9
4,62,5,12,13
4,62,5,9,4
9.54839,76,5,16,19,14,18,4
5.93548,64,5,9,18,2
7.29032,84,5,11,12,18,17
6,62,5,16,8,2
3.74194,70,5,7,11
6,62,5,10,18,4
3.93548,64,5,5,8,4
3.93548,64,5,1,13
2.83871,98,5,20,17
6,62,5,9,8,9,17
5.93548,64,5,1,22,18
4.90323,96,5,15,12,16
3.93548,64,5,22,16
4,62,5,7,8
3.74194,70,5,17,20
5.35484,82,5,16,2,3
3.74194,70,5,7,11
2.3871,112,5,20,10
2,62,5,13
3.29032,84,5,12,16
3.29032,84,5,12,16
3.6129,74,5,3,6
6,62,5,10,5,21,22
3.87097,66,5,4,13
5.03226,92,5,3,20,11
4,62,5,15,9
3.93548,64,5,7,7,12
9.22581,86,5,11,14,15,22,13
4,62,5,14,4
7.74194,70,5,10,19,16,11
6,62,5,18,8,12
7.80645,68,5,17,22,19,15
7.74194,70,5,18,14,19,10
3.29032,84,5,4,20
3.41935,80,5,2,22
5.29032,84,5,18,10,19
3.74194,70,5,14,10
3.93548,64,5,8,6
2,62,5,13
5.35484,82,5,3,2,14
5.54839,76,5,5,15,14,16
5.35484,82,5,17,9,19
5.16129,88,5,11,22,22,9
3.16129,88,5,2,1
5.74194,70,5,16,6,4
7.6129,74,5,16,11,22,21
5.48387,78,5,1,22,4
4,62,5,12,19
4.96774,94,5,5,7,17,12
5.87097,66,5,18,17,18,7
4,62,5,18,4
5.74194,70,5,19,8,8,4
7.54839,76,5,14,3,3,12,18
5.74194,70,5,1,21,17
5.09677,90,5,17,5,9,4
4,62,5,21,4
3.16129,88,5,5,6,12
5.74194,70,5,1,9,7
3.6129,74,5,20,21
3.74194,70,5,21,17
5.03226,92,5,10,2,6
2.3871,112,5,20,10
5.54839,76,5,1,11,18,5
3.29032,84,5,20,7
5.74194,70,5,15,21,11
3.87097,66,5,22,3
4,62,5,18,16,5
2,62,5,13
4,62,5,14,4
5.35484,82,5,15,21,16
3.93548,64,5,22,16
5.87097,66,5,3,2,20
