3.6129,74,4,21,4,10
5.54839,76,4,19,21,1
7.93548,64,4,14,19,1,9
3.03226,92,4,10,4,19
5.67742,72,4,7,14,10
3.35484,82,4,9,18
3.93548,64,4,17,6
6,62,4,6,15,3
5.09677,90,4,8,9,14
5.93548,64,4,19,12,14
3.48387,78,4,16,18
3.80645,68,4,11,15
6,62,4,12,9,16
3.67742,72,4,21,4,9
3.93548,64,4,18,2
3.67742,72,4,11,22
2.58065,106,4,9,2
2.96774,94,4,16,12
5.16129,88,4,11,16,15
5.80645,68,4,21,17,5
6,62,4,14,17,14,21
3.54839,76,4,1,4,8
7.41935,80,4,22,21,8,16
7.41935,80,4,20,2,13,18
5.22581,86,4,6,20,22
3.09677,90,4,5,18
6.96774,94,4,21,4,11,1,2
5.29032,84,4,21,1,6
5.87097,66,4,20,4,8,14
4.96774,94,4,22,12,10
4,62,4,18,5
5.80645,68,4,22,11,3
3.93548,64,4,8,2
3.6129,74,4,1,22
9.48387,78,4,21,7,18,22,12
3.67742,72,4,19,13
5.48387,78,4,22,10,1
7.09677,90,4,21,14,10,15
3.80645,68,4,8,6
9.67742,72,4,6,7,12,7,22,18
3.29032,84,4,11,17
5.93548,64,4,13,18,1
5.35484,82,4,6,4,17,9
5.03226,92,4,21,10,22
5.6129,74,4,1,19,21
5.93548,64,4,7,14,20
3.80645,68,4,13,5
2.96774,94,4,5,3
5.6129,74,4,13,17,19
4.77419,100,4,1,4,6,11
5.93548,64,4,15,14,2
3.48387,78,4,11,13
3.35484,82,4,16,22
3.41935,80,4,17,11
2.64516,104,4,5,12
3.80645,68,4,19,20
3.87097,66,4,2,9
2.64516,104,4,16,20
6.45161,110,4,12,13,6,10
5.54839,76,4,6,8,9
3.6129,74,4,17,4,17,2
3.29032,84,4,9,15
6,62,4,14,12,1
5.41935,80,4,7,17,13
4,62,4,15,5
5.41935,80,4,17,21,13
5.93548,64,4,8,3,2
4,62,4,5,10
3.87097,66,4,13,16
5.67742,72,4,15,18,13
3.41935,80,4,6,20,20,4
2.32258,114,4,5,2
7.54839,76,4,13,21,7,10
3.67742,72,4,11,22
5.41935,80,4,12,4,8,16
3.09677,90,4,5,8
4.25806,116,4,22,13,16
4,62,4,3,13
3.87097,66,4,20,17
2.77419,100,4,5,7
4.70968,102,4,19,10,21
4.32258,114,4,15,22,16,4
3.80645,68,4,14,6,4
7.22581,86,4,3,19,21,11
5.54839,76,4,21,21,20,17
3.35484,82,4,16,15
4,62,4,16,10
4.90323,96,4,19,12,5
4,62,4,8,10
7.41935,80,4,21,14,17,6
9.22581,86,4,13,2,20,19,10
3.16129,88,4,5,17
3.29032,84,4,10,19
4,62,4,7,10
3.48387,78,4,11,13
3.87097,66,4,17,9
3.87097,66,4,8,20
4,62,4,16,10
4,62,4,22,5
2.32258,114,4,16,13
4.64516,104,4,7,2,10
3.35484,82,4,9,18
5.09677,90,4,18,1,18,13
5.35484,82,4,2,4,4,17,9
3.80645,68,4,6,5
5.09677,90,4,19,4,4,20,18
5.35484,82,4,14,17,16
4,62,4,4,19,5
3.22581,86,4,10,18
2.51613,108,4,21,16,4
5.80645,68,4,14,6,7
4.51613,108,4,11,9,9,2
3.93548,64,4,7,5
5.6129,74,4,11,11,8,22
4,62,4,16,5
4.70968,102,4,12,13,5
3.6129,74,4,17,12
2.64516,104,4,16,20
3.74194,70,4,8,17
5.54839,76,4,17,21,19
3.03226,92,4,10,3
5.09677,90,4,19,12,12,19,13
5.74194,70,4,7,15,8,7
3.29032,84,4,10,19
2.96774,94,4,9,12
3.67742,72,4,16,1
3.29032,84,4,16,3
6.3871,112,4,21,22,2,10
6,62,4,21,8,5
5.35484,82,4,18,17,10
3.54839,76,4,5,4,21
3.93548,64,4,11,10
5.74194,70,4,13,17,21
5.48387,78,4,3,9,11
5.6129,74,4,20,19,21
9.29032,84,4,14,11,1,3,2
7.29032,84,4,19,14,3,7
7.29032,84,4,3,19,11,5
6,62,4,22,16,10
5.93548,64,4,14,10,9
3.54839,76,4,20,4,14,20
4.45161,110,4,11,11,11,16,20
5.80645,68,4,7,6,17
3.54839,76,4,17,13
3.80645,68,4,19,20
3.93548,64,4,20,6
7.67742,72,4,12,18,21,20
8,62,4,14,19,9,10
3.35484,82,4,11,6
5.22581,86,4,20,8,5
5.29032,84,4,20,1,12
5.93548,64,4,20,13,13,21
3.93548,64,4,17,5
3.03226,92,4,16,21
4.64516,104,4,12,9,12,5
2.32258,114,4,10,20
5.67742,72,4,22,6,17
5.35484,82,4,2,3,3,17
2.58065,106,4,9,2
3.16129,88,4,9,4,18
7.80645,68,4,20,7,15,14
7.93548,64,4,13,12,12,21,1
5.35484,82,4,14,14,4,15,2
5.6129,74,4,19,21,17
5.41935,80,4,19,3,3,13
3.48387,78,4,17,20
2.12903,120,4,10,5,4
3.74194,70,4,11,7
4.96774,94,4,15,3,6
5.80645,68,4,18,15,20
2.3871,112,4,9,13
5.29032,84,4,3,20,7
5.74194,70,4,15,17,10
6,62,4,7,15,5
5.74194,70,4,2,6,15
3.87097,66,4,11,21
5.03226,92,4,11,14,5
4.83871,98,4,7,2,16
2.3871,112,4,14,9,4
5.74194,70,4,4,14,1,21
5.87097,66,4,4,6,18,1
2.64516,104,4,9,6
3.54839,76,4,16,19
5.03226,92,4,19,10,15
4.96774,94,4,14,13,11
3.48387,78,4,4,1,20
3.93548,64,4,6,9
3.22581,86,4,9,3
5.29032,84,4,20,12,5
3.54839,76,4,17,13
6,62,4,7,12,21
3.93548,64,4,6,9
3.6129,74,4,4,20,9
6,62,4,21,18,5
5.41935,80,4,22,8,2
3.93548,64,4,8,2
3.16129,88,4,5,19
4,62,4,17,10
3.80645,68,4,1,21
3.09677,90,4,5,18
3.54839,76,4,6,18,4
7.54839,76,4,22,14,3,21
7.48387,78,4,14,3,11,15
7.74194,70,4,21,18,21,6,22
3.93548,64,4,18,2
3.16129,88,4,9,22
2.51613,108,4,22,16,4
7.93548,64,4,12,19,21,14
5.80645,68,4,15,17,18
5.74194,70,4,4,2,17,15
5.93548,64,4,7,1,8
4.83871,98,4,12,17,2
8,62,4,21,7,3,8
3.80645,68,4,6,5
4.06452,122,4,15,13,5
5.09677,90,4,8,12,9
7.35484,82,4,12,15,14,20
3.54839,76,4,4,10,1
5.22581,86,4,12,17,10
5.6129,74,4,7,8,10
3.74194,70,4,2,2,5
5.54839,76,4,8,18,10
3.80645,68,4,5,16
7.80645,68,4,21,20,14,8
3.41935,80,4,20,10
2.96774,94,4,16,12
7.16129,88,4,22,8,1,15
3.35484,82,4,10,11
5.54839,76,4,19,19,21,1
2.32258,114,4,10,20
2.58065,106,4,9,20
5.22581,86,4,1,3,9
7.6129,74,4,7,14,18,5
4,62,4,4,14,5
4.83871,98,4,15,1,6
5.93548,64,4,13,15,3
6.06452,122,4,7,15,13,10
5.41935,80,4,19,7,7,20
5.74194,70,4,3,8,6
5.6129,74,4,14,12,14,5
3.35484,82,4,11,6
5.74194,70,4,11,4,11,3,18
3.03226,92,4,16,21
4.96774,94,4,22,16,12
5.93548,64,4,7,2,2,12
3.87097,66,4,13,16
5.48387,78,4,3,19,20
4,62,4,9,5
3.16129,88,4,5,5,17
5.67742,72,4,21,14,4,12
4.64516,104,4,12,17,1
3.41935,80,4,17,11
3.22581,86,4,9,3
3.67742,72,4,2,10
2.90323,96,4,5,14
3.03226,92,4,9,7
5.54839,76,4,22,13,20
3.80645,68,4,13,5
5.35484,82,4,14,17,6
5.6129,74,4,22,11,19
4.83871,98,4,12,6,3
3.41935,80,4,20,5
3.41935,80,4,17,11
5.6129,74,4,20,13,22
3.09677,90,4,5,8
3.67742,72,4,11,22
5.35484,82,4,7,2,6
7.6129,74,4,21,18,11,12
2.32258,114,4,18,9,4
3.74194,70,4,8,17
3.03226,92,4,16,21
7.67742,72,4,3,19,22,18
7.54839,76,4,3,21,21,14,1
5.87097,66,4,1,8,18
3.67742,72,4,11,2
4,62,4,19,5
3.54839,76,4,19,18,4
2.25806,116,4,5,20
3.87097,66,4,17,9
5.16129,88,4,8,8,16,14
2.64516,104,4,9,6
7.09677,90,4,22,14,12,6
7.16129,88,4,4,12,19,3,10
5.16129,88,4,15,17,11
3.54839,76,4,10,1
4.96774,94,4,11,19,13
3.09677,90,4,5,18
2.77419,100,4,16,6
5.09677,90,4,14,21,4,11
4.83871,98,4,18,10,7
5.22581,86,4,19,22,5
7.16129,88,4,22,15,8,13
3.67742,72,4,8,13
2.32258,114,4,5,2
3.67742,72,4,1,7
5.6129,74,4,15,20,21
5.54839,76,4,12,7,1
5.67742,72,4,19,3,2
5.6129,74,4,11,19,7
5.67742,72,4,3,7,14
7.67742,72,4,18,22,21,12
3.93548,64,4,12,10
3.29032,84,4,10,10,19
5.54839,76,4,15,8,10
5.41935,80,4,6,11,18
5.67742,72,4,14,6,6,13
3.74194,70,4,1,15
5.29032,84,4,18,12,12,6
3.35484,82,4,9,8
5.48387,78,4,18,11,5
7.48387,78,4,13,21,17,5
3.93548,64,4,3,10
9.16129,88,4,13,7,14,15,15,1
3.03226,92,4,10,22
7.16129,88,4,2,20,20,13,1
5.67742,72,4,14,1,15
3.74194,70,4,1,15
5.35484,82,4,9,16,18
7.93548,64,4,2,14,19,11
4,62,4,1,5
5.22581,86,4,11,8,3,4
2.90323,96,4,9,21
5.80645,68,4,21,13,15
5.67742,72,4,12,17,22
5.03226,92,4,13,1,6
5.67742,72,4,19,15,15,3
5.41935,80,4,1,9,19
4,62,4,15,4,8
3.54839,76,4,4,18,6,4
5.09677,90,4,2,11,6
3.22581,86,4,9,3
5.93548,64,4,6,13,6,6,17
3.74194,70,4,1,15
7.74194,70,4,22,18,21,19
3.16129,88,4,5,19
5.80645,68,4,2,1,14
4,62,4,22,5
7.67742,72,4,15,7,18,10
3.93548,64,4,11,5
3.22581,86,4,4,1,13
5.6129,74,4,12,9,1
5.41935,80,4,20,14,13
5.87097,66,4,2,11,9
6,62,4,8,1,16
7.93548,64,4,13,21,18,1
3.03226,92,4,9,7
3.41935,80,4,17,1
5.09677,90,4,2,13,5
3.93548,64,4,17,14
3.93548,64,4,3,10
4.25806,116,4,19,16,13
4.3871,112,4,20,11,20,5
7.29032,84,4,20,2,7,7,13
7.41935,80,4,4,12,18,12,8,22
2.77419,100,4,10,21
5.67742,72,4,17,4,21,6
5.22581,86,4,4,7,20,19
3.87097,66,4,5,9
3.87097,66,4,13,13,16
3.93548,64,4,8,2
3.87097,66,4,1,12
3.29032,84,4,10,17
5.6129,74,4,19,1,12
3.29032,84,4,16,16,14
3.6129,74,4,17,2
8,62,4,22,7,17,15
7.6129,74,4,2,21,11,14
6,62,4,22,3,8
5.54839,76,4,3,15,6
3.16129,88,4,9,22
6,62,4,18,21,12
3.6129,74,4,9,11
3.22581,86,4,9,14
5.80645,68,4,6,12,18
5.6129,74,4,18,18,21,1
5.87097,66,4,15,12,18
7.22581,86,4,20,12,14,10
5.35484,82,4,2,6,19
3.80645,68,4,6,5
3.09677,90,4,5,8
3.6129,74,4,20,9
5.6129,74,4,12,11,22
5.09677,90,4,12,1,13
2.64516,104,4,16,2
3.93548,64,4,17,6
3.54839,76,4,1,2
5.67742,72,4,7,1,16
5.93548,64,4,18,4,18,10,9
5.41935,80,4,21,17,17,21,9
2.64516,104,4,16,20
5.67742,72,4,7,11,9
4.25806,116,4,3,9,13
3.22581,86,4,9,3
5.6129,74,4,19,16,16,1
8.90323,96,4,3,8,15,7,9
4.83871,98,4,2,17,1
3.35484,82,4,22,4,9
3.80645,68,4,6,5
5.35484,82,4,21,6,16
3.74194,70,4,11,7
5.22581,86,4,7,1,22
3.22581,86,4,1,17
3.03226,92,4,4,10,14
8,62,4,21,7,22,13
6.70968,102,4,14,18,6,1
3.16129,88,4,16,7
3.80645,68,4,13,5
4.51613,108,4,12,4,3,4,9
2.96774,94,4,10,4,17
3.74194,70,4,7,12,4
4,62,4,3,13
3.22581,86,4,9,3
3.93548,64,4,17,19
5.41935,80,4,7,11,11,21
4.96774,94,4,18,21,5
3.93548,64,4,12,10
7.22581,86,4,11,3,8,2
3.93548,64,4,3,10
7.54839,76,4,14,8,16,1
3.29032,84,4,5,11
5.87097,66,4,1,11,16
2.64516,104,4,5,12
5.67742,72,4,6,18,6,17
7.29032,84,4,7,1,7,22,2
3.74194,70,4,8,17
5.22581,86,4,3,18,13
3.22581,86,4,1,17
3.80645,68,4,13,10
3.03226,92,4,10,22
5.54839,76,4,6,20,13
6.70968,102,4,20,20,20,3,11,6
5.87097,66,4,22,17,19
3.93548,64,4,17,4,15
5.48387,78,4,3,22,6
3.16129,88,4,5,19
5.22581,86,4,15,10,17
5.29032,84,4,22,2,19
5.09677,90,4,11,16,3
7.80645,68,4,8,3,14,7
9.48387,78,4,22,15,8,1,14
4,62,4,1,5
4.64516,104,4,14,2,5
6.77419,100,4,4,21,8,21,6,9
5.54839,76,4,19,7,12
3.22581,86,4,9,9,14
5.87097,66,4,18,19,9
8,62,4,14,18,7,18,7,19
2.96774,94,4,5,3
3.48387,78,4,16,18
4.70968,102,4,7,2,5
3.54839,76,4,4,17,13
6,62,4,8,8,11,9
5.41935,80,4,3,14,5
2.77419,100,4,5,7
3.22581,86,4,9,14
7.09677,90,4,21,19,5,8
3.35484,82,4,16,15
5.35484,82,4,7,11,15
3.93548,64,4,8,2
2.90323,96,4,5,22
2.58065,106,4,5,21
5.16129,88,4,6,2,17
5.93548,64,4,19,16,10
7.80645,68,4,18,11,1,8
4.96774,94,4,14,16,21
3.74194,70,4,2,5
5.80645,68,4,21,4,7,20
5.09677,90,4,10,5,18
5.87097,66,4,22,17,16
5.80645,68,4,1,1,10,16
7.54839,76,4,8,19,15,19,16
4,62,4,8,10
4.90323,96,4,16,9,21
3.67742,72,4,17,8
4.64516,104,4,12,12,9,12,5
5.16129,88,4,19,10,8
5.22581,86,4,8,7,11
6.83871,98,4,4,18,15,17,3
2.32258,114,4,10,2
5.67742,72,4,21,13,18
5.54839,76,4,2,22,10
2.64516,104,4,4,16,20
5.6129,74,4,15,1,14
7.03226,92,4,6,18,21,21,18,20
3.74194,70,4,15,4,1
5.67742,72,4,18,4,12,8
5.54839,76,4,8,15,12
5.22581,86,4,18,16,18,5
3.29032,84,4,16,14
7.93548,64,4,20,2,13,21
5.41935,80,4,7,20,15
6,62,4,18,3,12
2.64516,104,4,9,6
3.93548,64,4,21,18,4
3.74194,70,4,1,15
3.54839,76,4,17,13
3.41935,80,4,20,5
3.87097,66,4,2,16
3.41935,80,4,4,17,11
5.16129,88,4,1,16,17
2.90323,96,4,18,1,4
6.96774,94,4,14,12,21,10
3.29032,84,4,1,6
5.87097,66,4,13,15,11
6,62,4,18,12,21
3.74194,70,4,9,1
3.6129,74,4,9,11
5.35484,82,4,20,14,20,8
3.16129,88,4,5,19
3.87097,66,4,10,16
2.64516,104,4,16,2
7.87097,66,4,18,14,21,3
7.35484,82,4,4,7,14,15,13
5.67742,72,4,7,3,21
4.83871,98,4,3,9,12
5.74194,70,4,22,12,12,8
5.48387,78,4,4,17,22,3
5.93548,64,4,7,11,11,8
7.74194,70,4,14,8,1,21
7.48387,78,4,3,15,15,15,22,6
5.48387,78,4,21,16,18
2.90323,96,4,5,14
5.93548,64,4,20,11,11,20,2
4,62,4,15,5
5.16129,88,4,1,16,15
2.58065,106,4,5,21
5.87097,66,4,15,22,10
3.87097,66,4,14,15,4
6,62,4,13,7,3
7.87097,66,4,14,21,19,11
3.67742,72,4,19,13
5.22581,86,4,6,3,22
7.80645,68,4,21,18,14,13
4,62,4,10,9
5.35484,82,4,12,12,7,9
5.16129,88,4,1,11,6
6.96774,94,4,12,12,18,14,12,17
5.16129,88,4,15,7,4,18
3.6129,74,4,16,11
5.74194,70,4,3,12,21,4
5.6129,74,4,12,20,20,1
3.22581,86,4,9,17
5.80645,68,4,21,17,6
3.35484,82,4,16,15
4.77419,100,4,12,18,11,4
5.54839,76,4,2,1,21
5.16129,88,4,21,9,22
5.74194,70,4,22,12,8
3.87097,66,4,11,21
7.54839,76,4,3,8,11,7
3.09677,90,4,5,18
3.54839,76,4,1,2
4.77419,100,4,8,4,12,12,5
3.67742,72,4,4,11,20
5.48387,78,4,14,17,21
3.48387,78,4,17,3
3.74194,70,4,9,1
3.41935,80,4,17,11
3.74194,70,4,11,7
4.58065,106,4,19,19,9,6
3.29032,84,4,11,17
3.87097,66,4,4,10,16
2.90323,96,4,9,21
4,62,4,3,13
5.16129,88,4,9,10,8
5.22581,86,4,6,20,22
5.35484,82,4,22,1,12
5.67742,72,4,2,22,20
7.29032,84,4,18,7,14,6
5.09677,90,4,6,6,11,20
3.80645,68,4,8,6
7.29032,84,4,2,1,1,11,7
4,62,4,16,16,10
5.48387,78,4,4,20,3,7
3.87097,66,4,2,14,4
4.70968,102,4,7,20,9
4,62,4,1,5
3.87097,66,4,13,16
5.29032,84,4,15,21,5
8,62,4,21,9,16,9,10
8,62,4,13,17,22,7
2.64516,104,4,16,2
6,62,4,1,11,19
5.54839,76,4,22,12,7
6,62,4,6,7,11
5.54839,76,4,7,8,5
3.87097,66,4,5,9
3.67742,72,4,3,17
5.16129,88,4,22,22,20,18
5.22581,86,4,20,22,1
5.16129,88,4,4,8,16,3
3.87097,66,4,13,15,4
5.22581,86,4,7,11,22
5.22581,86,4,8,7,1
5.93548,64,4,13,13,22,16
5.80645,68,4,13,3,9
5.74194,70,4,22,3,1
3.67742,72,4,11,2
6,62,4,2,4,18,8
3.67742,72,4,17,17,8
7.48387,78,4,14,22,15,13
2.19355,118,4,9,10,4
3.80645,68,4,4,1,21
3.87097,66,4,1,12
3.16129,88,4,16,7
7.93548,64,4,13,3,12,20
5.74194,70,4,22,14,17
3.87097,66,4,2,16
4.83871,98,4,13,6,4,9
7.29032,84,4,12,18,11,10
7.67742,72,4,19,7,15,17
5.67742,72,4,2,19,9
5.22581,86,4,19,19,10,17
5.22581,86,4,7,6,16
5.22581,86,4,15,9,14
3.22581,86,4,10,18
3.80645,68,4,19,20
5.16129,88,4,22,8,13
5.22581,86,4,22,22,6,11
5.80645,68,4,6,17,18
5.35484,82,4,22,16,15
3.03226,92,4,13,1,4
6,62,4,3,19,12
5.93548,64,4,6,19,19,11
5.93548,64,4,12,1,12,13
3.93548,64,4,3,5
4.96774,94,4,2,1,17
6.51613,108,4,14,8,9,6
3.93548,64,4,17,14
4,62,4,14,13,4
3.87097,66,4,11,21
5.87097,66,4,6,13,22
4,62,4,6,16
5.03226,92,4,1,10,15
5.09677,90,4,3,22,3,16
7.48387,78,4,7,22,19,15,7,19
4.77419,100,4,15,1,13
5.54839,76,4,11,3,20
5.87097,66,4,14,17,22
3.87097,66,4,17,9
7.22581,86,4,22,16,16,9,14
5.80645,68,4,19,15,12
5.29032,84,4,14,16,22
5.48387,78,4,22,14,5
5.54839,76,4,19,14,10
6,62,4,13,20,1
5.41935,80,4,7,8,6
2.32258,114,4,5,2
8,62,4,13,12,22,18
3.80645,68,4,14,8,4
3.67742,72,4,19,13
2.32258,114,4,10,2
3.93548,64,4,17,14
3.93548,64,4,4,3,5
5.67742,72,4,22,6,18
5.35484,82,4,21,17,20
5.29032,84,4,21,9,15
3.48387,78,4,16,18
3.29032,84,4,16,14
6,62,4,13,6,12
7.6129,74,4,14,21,18,16
5.87097,66,4,12,20,7
7.74194,70,4,14,15,7,3
5.29032,84,4,13,2,19,4
5.67742,72,4,6,1,3
5.80645,68,4,12,19,17
5.03226,92,4,22,20,1
3.93548,64,4,17,16
2.64516,104,4,9,6
5.22581,86,4,11,14,9
3.87097,66,4,5,4,13
6,62,4,11,1,14
5.6129,74,4,7,11,12
3.03226,92,4,10,3
3.41935,80,4,17,17,11
3.09677,90,4,10,15
3.22581,86,4,5,4,14
5.35484,82,4,22,8,20
3.35484,82,4,16,17
7.35484,82,4,17,22,7,1
7.29032,84,4,21,6,22,20
4,62,4,6,16
2.32258,114,4,16,13
5.48387,78,4,1,8,9
3.48387,78,4,11,13
3.16129,88,4,5,17
5.16129,88,4,14,10,8
5.22581,86,4,14,6,8
4,62,4,4,13,9
9.35484,82,4,7,4,4,7,14,18,12,18,1
9.16129,88,4,12,15,22,7,22,5
5.87097,66,4,12,9,5
5.87097,66,4,19,8,22
5.87097,66,4,12,1,12,11
3.74194,70,4,1,15
7.16129,88,4,6,17,22,9
4.64516,104,4,21,9,6
4.90323,96,4,22,6,5
3.03226,92,4,16,16,21
3.87097,66,4,10,16
3.80645,68,4,6,5
3.35484,82,4,16,15
3.87097,66,4,2,9
3.87097,66,4,19,2
5.6129,74,4,16,9,11
2.77419,100,4,10,21
6,62,4,1,8,8,11
3.87097,66,4,17,9
6.83871,98,4,6,22,22,12,9
3.22581,86,4,1,13
3.74194,70,4,21,21,4,16
5.80645,68,4,13,13,3,16
5.48387,78,4,22,22,21,16
5.87097,66,4,6,3,11
3.35484,82,4,16,17
4.3871,112,4,15,20,5
3.87097,66,4,13,16
3.74194,70,4,1,15
5.48387,78,4,21,16,8
3.87097,66,4,11,21
3.87097,66,4,17,9
3.41935,80,4,5,1
6,62,4,21,3,15
3.67742,72,4,19,13
5.87097,66,4,7,2,7,19
5.80645,68,4,14,1,12
3.54839,76,4,4,1,2
5.48387,78,4,12,13,19
3.22581,86,4,1,17
3.6129,74,4,20,16
4.64516,104,4,2,6,2,5
5.41935,80,4,6,13,1
5.74194,70,4,4,12,11,11,15
5.48387,78,4,7,20,3
3.29032,84,4,16,3
5.22581,86,4,6,17,3
2.3871,112,4,9,13
2.58065,106,4,9,20
4.45161,110,4,12,9,20
5.74194,70,4,22,4,18,7
4.77419,100,4,17,21,9
5.87097,66,4,12,9,5
5.67742,72,4,19,14,13
3.16129,88,4,5,5,17
7.87097,66,4,4,20,21,21,19,14
5.22581,86,4,22,22,10,17
3.87097,66,4,6,10
3.93548,64,4,7,5
3.03226,92,4,1,19,4
7.29032,84,4,4,7,22,8,20
2.06452,122,4,5,13
5.54839,76,4,20,19,7
4.64516,104,4,7,2,10
5.87097,66,4,11,1,18
3.80645,68,4,5,16
7.54839,76,4,21,22,22,20,22,21,2
4.90323,96,4,19,21,5
5.22581,86,4,6,3,16
5.54839,76,4,6,18,20
3.22581,86,4,1,13
5.87097,66,4,12,4,13,11
3.93548,64,4,11,5
5.93548,64,4,20,20,20,3,19
3.03226,92,4,4,9,7
3.48387,78,4,1,20
3.22581,86,4,9,9,17
5.93548,64,4,4,15,3,12
3.67742,72,4,2,10
3.16129,88,4,16,7
2.96774,94,4,5,15
5.03226,92,4,3,12,19,4
3.93548,64,4,3,10
5.03226,92,4,8,16,7
6.83871,98,4,22,14,3,17
5.29032,84,4,19,12,19,2
2.32258,114,4,16,13
4.45161,110,4,1,10,6
5.09677,90,4,3,22,20
5.67742,72,4,15,17,5
7.41936,80,4,7,2,13,21
3.74194,70,4,9,1
5.6129,74,4,20,7,8
3.67742,72,4,19,13
6.58065,106,4,2,21,20,5
5.80645,68,4,7,6,18
5.09677,90,4,6,3,10
5.16129,88,4,15,6,20
5.6129,74,4,18,7,18,5
3.93548,64,4,11,5
5.29032,84,4,18,9,9,8
5.80645,68,4,13,20,17
3.87097,66,4,17,9
5.03226,92,4,11,14,5
5.22581,86,4,22,21,21,5
5.87097,66,4,6,6,3,11
7.29032,84,4,13,11,3,9
7.22581,86,4,21,12,8,13
3.16129,88,4,5,19
4.32258,114,4,11,9,13
5.03226,92,4,3,21,21,10
3.41935,80,4,20,10
9.41936,80,4,4,13,21,7,19,9
4.25806,116,4,14,10,20
3.93548,64,4,17,6
7.6129,74,4,3,11,19,7
3.87097,66,4,20,17
5.03226,92,4,12,2,5
5.09677,90,4,15,19,11,19,4
5.54839,76,4,6,21,6,6,20
2.90323,96,4,5,14
5.22581,86,4,21,9,17
3.54839,76,4,4,16,19
5.80645,68,4,15,12,13
7.6129,74,4,13,13,14,18,20
5.80645,68,4,13,3,9
9.54839,76,4,2,13,12,3,21
5.35484,82,4,14,20,22
4,62,4,12,16
4,62,4,22,13,4
7.48387,78,4,2,21,3,15
5.67742,72,4,3,18,1
4.51613,108,4,11,4,6,5
2.96774,94,4,5,15
2.90323,96,4,15,11,4
5.74194,70,4,21,3,10
5.93548,64,4,20,20,13,21
3.87097,66,4,20,17
5.22581,86,4,21,1,13
5.93548,64,4,6,22,20
3.22581,86,4,1,13
5.87097,66,4,14,15,2
5.09677,90,4,6,3,5
3.93548,64,4,4,3,10
7.35484,82,4,18,14,22,16
2.3871,112,4,5,6
5.41935,80,4,4,20,15,1
3.93548,64,4,17,16
3.74194,70,4,22,18,4
3.48387,78,4,17,3
4,62,4,9,5
2.96774,94,4,5,3
4,62,4,5,10
3.80645,68,4,1,21
2.32258,114,4,10,2
2.90323,96,4,16,4,1
7.80645,68,4,21,8,7,14
4,62,4,17,10
3.67742,72,4,8,13
6.96774,94,4,22,7,20,1
3.67742,72,4,11,20
2.96774,94,4,16,12
3.35484,82,4,11,6
7.09677,90,4,13,11,14,16
5.16129,88,4,2,4,11,20
5.35484,82,4,15,2,22
5.87097,66,4,19,8,16
4.32258,114,4,8,1,9,4
5.41935,80,4,17,7,20
3.67742,72,4,11,22
7.54839,76,4,6,15,12,19
5.80645,68,4,7,4,4,6,17
5.67742,72,4,19,14,16
3.67742,72,4,3,17
3.87097,66,4,19,6
5.93548,64,4,4,6,19,22
7.41935,80,4,2,7,17,17,21
3.6129,74,4,9,11
5.54839,76,4,1,19,7
7.35484,82,4,13,20,15,11
3.22581,86,4,1,17
3.80645,68,4,6,5
2.3871,112,4,9,13
5.22581,86,4,15,3,13
3.54839,76,4,17,13
3.74194,70,4,16,4,6
9.87097,66,4,2,7,15,22,6
5.74194,70,4,22,6,14
3.35484,82,4,16,15
9.48387,78,4,7,19,14,14,21,13
5.74194,70,4,21,6,6,8
2.51613,108,4,10,6
5.35484,82,4,21,16,22
5.41936,80,4,17,15,7,4
5.74194,70,4,18,18,19,17
3.67742,72,4,11,22
7.74194,70,4,15,19,18,3
4,62,4,13,9
3.16129,88,4,5,19
7.35484,82,4,21,2,3,20
3.09677,90,4,16,4,17
2.64516,104,4,16,2
2.58065,106,4,5,5,21
5.29032,84,4,14,2,6
4.70968,102,4,6,8,1,4
3.74194,70,4,1,15
3.87097,66,4,6,10
5.29032,84,4,2,12,22,4
4.51613,108,4,18,9,2
5.74194,70,4,15,1,9
5.16129,88,4,12,2,4,2,6
4,62,4,3,13
7.54839,76,4,3,15,22,14
4,62,4,21,21,5
5.6129,74,4,18,22,13
3.87097,66,4,2,9
3.67742,72,4,8,13
5.74194,70,4,6,14,17
5.16129,88,4,12,1,6
3.87097,66,4,19,6
5.22581,86,4,15,12,6
7.54839,76,4,15,14,1,10
7.54839,76,4,1,8,8,8,14,22
7.74194,70,4,13,4,22,7,6,22
5.22581,86,4,18,17,9
3.35484,82,4,4,10,10,4,7
5.87097,66,4,3,18,21
5.74194,70,4,11,3,21
5.35484,82,4,20,13,19
2.32258,114,4,11,16,4
4.77419,100,4,15,15,13,17
5.35484,82,4,7,6,1
3.87097,66,4,1,12
2.90323,96,4,9,21
2.90323,96,4,10,7
2.3871,112,4,9,13
4.96774,94,4,14,6,1
4.51613,108,4,7,22,4,16
5.48387,78,4,6,2,15
7.29032,84,4,13,13,2,13,19,17
5.67742,72,4,15,14,15,10
7.54839,76,4,2,3,21,8
5.87097,66,4,21,11,5
5.54839,76,4,19,3,7
7.35484,82,4,21,17,15,3
7.6129,74,4,22,15,11,14
4,62,4,11,18
5.22581,86,4,18,10,19
6,62,4,3,19,7
3.6129,74,4,16,11
7.22581,86,4,2,15,14,13
3.35484,82,4,9,9,9,18
7.22581,86,4,13,4,19,22,3
5.48387,78,4,4,18,6,6,22
5.22581,86,4,8,15,13
5.41935,80,4,1,1,9,19
4,62,4,16,10
3.22581,86,4,3,4,9
3.29032,84,4,5,11
5.80645,68,4,8,11,19,8
5.35484,82,4,13,20,10
3.22581,86,4,9,14
3.29032,84,4,1,6
5.87097,66,4,19,18,11
4.51613,108,4,22,9,20
5.48387,78,4,15,21,9
3.93548,64,4,6,9
3.93548,64,4,12,10
3.22581,86,4,9,17
3.35484,82,4,7,4,10
5.93548,64,4,22,18,9
5.16129,88,4,8,11,17
3.93548,64,4,17,16
3.48387,78,4,16,8
5.80645,68,4,6,17,21
5.09677,90,4,8,12,17
5.67742,72,4,6,19,9
5.41935,80,4,20,14,16
4.64516,104,4,7,16,6
5.09677,90,4,3,15,5
4,62,4,16,10
3.93548,64,4,17,19
5.22581,86,4,19,10,17
5.74194,70,4,20,1,8
2.25806,116,4,5,20
3.87097,66,4,20,17
2.32258,114,4,4,16,13
4,62,4,4,4,3,13
5.6129,74,4,18,4,20,21
2.90323,96,4,10,7
2.58065,106,4,9,20
3.93548,64,4,11,5
3.35484,82,4,16,17
5.48387,78,4,11,1,2
5.09677,90,4,2,13,5
5.80645,68,4,19,8,19,10
3.93548,64,4,11,5
3.67742,72,4,1,7
4,62,4,16,10
5.80645,68,4,19,12,20
3.87097,66,4,20,17
5.35484,82,4,22,17,11
3.87097,66,4,19,19,6
3.93548,64,4,17,19
2.32258,114,4,16,13
8.90323,96,4,13,4,14,3,3,12,16
6,62,4,21,16,5
5.48387,78,4,3,12,9
3.29032,84,4,10,4,14
7.74194,70,4,13,8,11,14
5.6129,74,4,13,2,10
