7.54839,76,18,8,13,8,14,22
5.67742,72,18,17,5,1
9.54839,76,18,21,14,14,4,13,20
6,62,18,18,12,20,22
3.93548,64,18,1,6
5.80645,68,18,8,6,21
7.67742,72,18,8,21,2,22
5.35484,82,18,6,22,5
5.16129,88,18,7,17,18,13
7.16129,88,18,5,16,10,12
5.87097,66,18,5,10,3
4.83871,98,18,12,17,1
7.74194,70,18,1,16,9,15
4,62,18,21,21,5
5.80645,68,18,17,21,3
5.74194,70,18,22,19,18,4
3.87097,66,18,5,22
7.41935,80,18,1,14,3,15
3.35484,82,18,9,13
3.54839,76,18,6,9
8,62,18,8,9,11,1
3.93548,64,18,5,3
5.48387,78,18,12,17,21
3.87097,66,18,9,21
7.6129,74,18,14,12,6,13
5.41935,80,18,17,16,22
7.09677,90,18,13,4,2,19
5.54839,76,18,3,20,22
7.22581,86,18,21,2,12,2,17
5.87097,66,18,14,11,17
5.22581,86,18,2,12,9
5.67742,72,18,22,3,4
5.48387,78,18,1,3,1,4
5.80645,68,18,19,19,1,6
5.74194,70,18,15,5,19
3.29032,84,18,18,10,2
5.80645,68,18,5,9,22
5.29032,84,18,11,22,20
4.96774,94,18,12,6,6,11
4.90323,96,18,21,13,16
4.90323,96,18,16,7,7,10
3.48387,78,18,6,10
3.54839,76,18,13,17
3.80645,68,18,17,1
7.67742,72,18,22,10,16,1
3.41935,80,18,13,1
3.87097,66,18,20,19
5.03226,92,18,17,6,3
3.93548,64,18,9,12
3.6129,74,18,4,1
5.48387,78,18,19,14,4,4,19
3.54839,76,18,5,21
3.6129,74,18,13,13,8
5.48387,78,18,13,18,22,20
5.54839,76,18,22,12,17
3.87097,66,18,17,3
7.35484,82,18,12,13,6,13,7
5.80645,68,18,10,11,11,14
3.29032,84,18,10,2
5.93548,64,18,3,13,2
3.87097,66,18,1,17
4,62,18,20,22
7.22581,86,18,11,16,1,21
7.87097,66,18,14,1,9,15
3.54839,76,18,5,21
5.22581,86,18,9,17,9,3
3.6129,74,18,16,2
6.51613,108,18,22,18,14,10,20
3.80645,68,18,4,17
5.41935,80,18,16,15,1
3.29032,84,18,16,13
3.03226,92,18,13,9
5.09677,90,18,11,9,9,20
4,62,18,10,14
4,62,18,6,8
4,62,18,10,14
3.09677,90,18,10,13
7.74194,70,18,10,16,8,1
3.87097,66,18,10,7
5.87097,66,18,8,1,6
3.87097,66,18,2,1
4,62,18,6,6,8
5.03226,92,18,19,2,9
5.22581,86,18,21,11,17
4.83871,98,18,10,17,1
5.6129,74,18,12,7,16
3.93548,64,18,17,13
3.93548,64,18,5,15
5.41936,80,18,3,6,13
7.6129,74,18,16,10,17,15
5.35484,82,18,16,9,4
3.35484,82,18,20,16
3.80645,68,18,6,3
7.09677,90,18,12,8,7,16
7.35484,82,18,10,5,10,8,16
5.22581,86,18,15,20,16
7.03226,92,18,8,14,5,3
5.29032,84,18,8,10,21
7.29032,84,18,22,14,4,3
5.80645,68,18,7,18,4,20
3.93548,64,18,20,11
11.0968,90,18,14,3,12,2,20,1
5.54839,76,18,18,21,6,6,3
3.87097,66,18,5,14
5.74194,70,18,18,1,3,12,1
7.41936,80,18,14,1,14,2,11
3.80645,68,18,6,3
5.67742,72,18,4,2,7
7.87097,66,18,19,18,19,21,2,3
9.80645,68,18,15,22,18,21,7,6
4.64516,104,18,6,17,6,6,9
3.80645,68,18,13,18,2
4,62,18,16,21
7.80645,68,18,19,8,20,21
5.93548,64,18,17,7,4
9.35484,82,18,14,15,10,16,8
7.48387,78,18,15,15,3,12,3,10
5.67742,72,18,19,20,15
5.09677,90,18,5,18,3,6
2.83871,98,18,13,10
7.54839,76,18,22,14,3,3,10
5.35484,82,18,17,8,7
5.16129,88,18,12,20,5
7.35484,82,18,22,6,15,22,15,2
9.67742,72,18,19,12,19,14,1,10
4.64516,104,18,18,21,16,2
7.35484,82,18,14,3,8,9,3
5.93548,64,18,9,14,8
3.6129,74,18,16,2
7.35484,82,18,3,2,4,12
3.87097,66,18,1,13
3.80645,68,18,4,17
5.41935,80,18,5,19,19,16
5.67742,72,18,4,2,3
3.03226,92,18,4,5
5.29032,84,18,6,7,5
6.51613,108,18,8,5,5,10,13
4,62,18,10,22
3.29032,84,18,10,2
5.22581,86,18,7,5,5,15
5.48387,78,18,10,17,21
4.58065,106,18,1,2,16
5.48387,78,18,22,5,8
4,62,18,11,4
3.54839,76,18,6,9
3.93548,64,18,5,15
5.41936,80,18,11,13,6
7.6129,74,18,21,7,4,12
6,62,18,15,11,21
4.70968,102,18,13,6,16
3.6129,74,18,9,6
5.29032,84,18,1,22,13
3.35484,82,18,5,6
5.41935,80,18,11,10,14
5.93548,64,18,13,4,12
3.03226,92,18,5,13
3.41935,80,18,13,1
5.35484,82,18,8,6,2
5.93548,64,18,10,16,15
9.22581,86,18,21,22,16,9,9,8
8.90323,96,18,7,13,2,20,1
5.87097,66,18,8,15,10
5.87097,66,18,22,21,9
8,62,18,7,17,10,16
5.16129,88,18,20,3,9
5.22581,86,18,12,2,5
5.6129,74,18,7,11,22
7.54839,76,18,3,1,11,13
4,62,18,10,14
5.80645,68,18,16,3,19
3.93548,64,18,9,12
5.67742,72,18,12,17,12,13
6.77419,100,18,15,13,6,3
5.35484,82,18,12,17,19
5.6129,74,18,7,1,22
7.6129,74,18,12,1,14,22
7.54839,76,18,3,9,16,8
7.29032,84,18,8,16,10,7
4.64516,104,18,11,13,1
3.87097,66,18,17,3
9.29032,84,18,14,21,14,10,16,15
5.54839,76,18,4,13,8
5.74194,70,18,7,6,11
4.90323,96,18,13,6,20
4.90323,96,18,1,5,2
3.80645,68,18,17,1
5.6129,74,18,3,15,2
5.09677,90,18,11,5,12
5.87097,66,18,9,19,11
5.74194,70,18,15,6,1
3.03226,92,18,11,18,6,11
3.6129,74,18,5,12
5.16129,88,18,10,15,4
3.54839,76,18,5,21
5.48387,78,18,6,19,12
5.41935,80,18,12,18,1,6
5.22581,86,18,12,10,8
5.09677,90,18,6,21,10
5.6129,74,18,1,5,16,18
5.16129,88,18,16,22,5
5.93548,64,18,18,14,16,17
4.90323,96,18,4,20,6
6.90323,96,18,21,7,12,5
4.70968,102,18,22,10,20
5.54839,76,18,19,18,21,19,20
3.80645,68,18,6,20
6.70968,102,18,15,17,16,2
3.93548,64,18,1,7,18
4.45161,110,18,6,13,10
5.74194,70,18,19,1,17
7.16129,88,18,7,15,7,13,13,1
4.96774,94,18,19,5,20
7.16129,88,18,8,19,17,2
3.93548,64,18,5,15
5.87097,66,18,14,16,14,18,5
5.74194,70,18,1,16,3
5.29032,84,18,12,12,10,17
7.22581,86,18,18,18,3,3,14,7,10
4,62,18,10,3
5.35484,82,18,21,11,4
5.87097,66,18,21,13,14
5.09677,90,18,16,18,5,22
7.54839,76,18,8,14,12,10
5.67742,72,18,22,21,5
5.09677,90,18,2,7,16
4.64516,104,18,8,10,13
5.29032,84,18,9,18,16,7
3.93548,64,18,16,12
3.93548,64,18,20,18,4
5.67742,72,18,8,9,22
9.03226,92,18,14,3,14,17,22,11
5.67742,72,18,3,3,7,2
3.48387,78,18,10,6
8.83871,98,18,8,3,10,9,21
3.74194,70,18,16,6
5.54839,76,18,15,6,9
3.87097,66,18,11,17
3.29032,84,18,10,20
7.54839,76,18,22,8,12,4
5.80645,68,18,1,21,13
3.80645,68,18,6,20
3.93548,64,18,9,12
5.29032,84,18,6,17,16
7.35484,82,18,10,16,8,7
7.54839,76,18,15,21,4,13,18
3.6129,74,18,4,1
7.74194,70,18,22,11,8,21
4.51613,108,18,12,10,6
5.93548,64,18,14,14,10,11
7.74194,70,18,15,3,21,2
3.93548,64,18,20,11
5.67742,72,18,17,16,11
4.70968,102,18,14,10,13
5.22581,86,18,21,2,5
5.80645,68,18,2,21,6
3.6129,74,18,6,16
5.35484,82,18,4,20,3
3.41935,80,18,13,1
4.96774,94,18,6,18,10,7
3.93548,64,18,18,16,12
5.35484,82,18,14,6,10
5.87097,66,18,9,16,21
7.29032,84,18,11,19,22,22,13
3.87097,66,18,4,8
4.77419,100,18,18,9,17,11
3.54839,76,18,13,17
3.80645,68,18,18,6,20
9.29032,84,18,19,14,2,13,22
5.74194,70,18,7,4,19
6,62,18,8,20,12
4.90323,96,18,10,17,20
5.22581,86,18,11,22,1
3.80645,68,18,6,6,3
5.6129,74,18,16,19,16,16,18,10
7.22581,86,18,21,4,7,11
3.6129,74,18,5,12
4.25806,116,18,12,12,5,20
7.35484,82,18,15,16,1,16,22
3.93548,64,18,13,7
6.19355,118,18,7,14,10,4
5.41935,80,18,3,13,7
4.96774,94,18,4,14,5
5.87097,66,18,1,15,17
6.77419,100,18,18,1,11,10,6
5.03226,92,18,20,4,17
5.29032,84,18,12,5,11
3.93548,64,18,18,1,6
3.87097,66,18,13,14
5.80645,68,18,3,12,9
5.80645,68,18,3,12,17
3.74194,70,18,6,1
3.48387,78,18,16,4
5.16129,88,18,10,18,4,15
6,62,18,7,22,6,18
3.16129,88,18,20,5
5.80645,68,18,2,7,2,13
5.35484,82,18,6,15,5
5.35484,82,18,21,9,8
5.74194,70,18,16,14,22
3.93548,64,18,4,21,18
3.87097,66,18,4,19
7.6129,74,18,7,13,12,2
5.35484,82,18,10,9,20
5.54839,76,18,13,21,3
5.41935,80,18,17,8,15
5.87097,66,18,2,12,19
7.35484,82,18,8,11,2,22
3.67742,72,18,4,11
5.87097,66,18,5,1,19
5.93548,64,18,20,7,15
3.80645,68,18,4,15,18
3.80645,68,18,13,3
5.54839,76,18,19,11,18,6
5.54839,76,18,11,15,3
3.87097,66,18,11,17
6.77419,100,18,21,14,6,10
5.48387,78,18,1,15,11
5.35484,82,18,11,15,10
5.6129,74,18,18,4,22,19
3.6129,74,18,13,8
6,62,18,9,8,11
4.83871,98,18,20,4,1
5.93548,64,18,16,3,12
7.67742,72,18,9,10,19,22
3.29032,84,18,10,2
5.54839,76,18,21,1,2
6,62,18,3,11,22
5.48387,78,18,3,5,11
3.93548,64,18,2,19
5.93548,64,18,14,13,7
7.22581,86,18,15,20,4,22
5.09677,90,18,22,16,2
5.87097,66,18,18,14,6,8
5.54839,76,18,15,4,11
4,62,18,2,8
5.87097,66,18,19,2,14
5.03226,92,18,11,16,2
5.35484,82,18,18,12,18,19,12,9
3.87097,66,18,17,20
5.93548,64,18,19,18,9,18,10
5.93548,64,18,2,14,19
3.54839,76,18,9,20
5.29032,84,18,5,5,8,16
3.80645,68,18,4,17
3.41935,80,18,6,5
5.48387,78,18,3,5,11
3.41935,80,18,13,1
5.67742,72,18,15,11,12,18
5.09677,90,18,9,3,5
5.09677,90,18,6,15,6,1
6,62,18,21,10,9
5.22581,86,18,12,16,3
3.09677,90,18,4,10
4.32258,114,18,3,5,4
3.16129,88,18,3,13,18
6,62,18,3,7,14
8.83871,98,18,14,19,22,4,1
5.87097,66,18,22,21,9
2.83871,98,18,13,10
5.67742,72,18,19,4,15
5.74194,70,18,18,1,19,6
6.70968,102,18,14,22,20,16
3.80645,68,18,17,1
5.67742,72,18,21,19,19,21,9
5.35484,82,18,3,22,1
5.16129,88,18,19,6,16
5.09677,90,18,13,6,6,2
3.48387,78,18,10,6
7.16129,88,18,14,12,10,8
4.83871,98,18,13,21,10
5.67742,72,18,20,18,15,13
7.87097,66,18,19,9,1,14
5.54839,76,18,8,12,5
3.6129,74,18,5,12
4.77419,100,18,5,17,20
5.54839,76,18,12,7,9
6,62,18,21,7,16
5.48387,78,18,21,17,2
5.29032,84,18,10,11,22
5.87097,66,18,15,3,13
5.93548,64,18,18,2,21,19
3.22581,86,18,10,4
3.93548,64,18,21,1,18
5.09677,90,18,3,5,14
7.80645,68,18,21,21,2,20,7
5.93548,64,18,15,6,12
4.96774,94,18,20,14,5
3.87097,66,18,13,22
3.80645,68,18,20,1
6.77419,100,18,1,16,1,10,12
5.35484,82,18,9,9,15,15,4
5.93548,64,18,3,20,21
5.16129,88,18,4,15,2
3.87097,66,18,5,22
3.16129,88,18,4,9
7.03226,92,18,12,19,10,15
5.67742,72,18,22,3,4
3.87097,66,18,4,8
7.67742,72,18,7,5,10,10,1
3.54839,76,18,6,9
4,62,18,10,3
3.54839,76,18,5,21
3.87097,66,18,9,8,18
7.48387,78,18,1,5,9,17
5.93548,64,18,12,13,14
5.48387,78,18,17,7,10
7.93548,64,18,12,3,11,15
3.16129,88,18,2,10
4,62,18,16,21
5.93548,64,18,11,3,13
5.74194,70,18,8,7,18,1
4,62,18,3,17
6.70968,102,18,19,12,13,9
9.29032,84,18,19,3,21,3,3,8,4
7.29032,84,18,14,12,21,18,13
5.35484,82,18,9,9,8,2
3.6129,74,18,4,1
5.67742,72,18,4,13,4,19
5.41935,80,18,1,18,16,7
5.22581,86,18,13,13,20,20,22
7.09677,90,18,18,12,14,20,1
5.93548,64,18,2,4,6
5.09677,90,18,2,20,16
5.6129,74,18,17,10,11
3.03226,92,18,5,13
3.74194,70,18,10,12
5.48387,78,18,14,6,16
3.93548,64,18,9,12
3.93548,64,18,17,13
7.29032,84,18,19,2,13,13,14
3.29032,84,18,5,2
3.80645,68,18,13,3
7.6129,74,18,15,10,15,7,1
5.74194,70,18,17,7,11
5.16129,88,18,22,10,21
3.35484,82,18,5,5,6
5.16129,88,18,7,18,6,9
5.29032,84,18,2,22,12
4.64516,104,18,14,5,13
5.54839,76,18,17,19,9
5.29032,84,18,6,17,16
3.22581,86,18,4,16
5.22581,86,18,5,17,16
4,62,18,17,2
3.6129,74,18,16,20
7.35484,82,18,14,11,11,11,20,7
7.80645,68,18,7,6,13,20
5.41935,80,18,20,18,6,15
5.41935,80,18,11,9,21
5.80645,68,18,3,12,9
3.35484,82,18,2,9
5.87097,66,18,8,17,7
5.16129,88,18,8,17,12
3.09677,90,18,10,13
4.77419,100,18,17,18,6,9
7.54839,76,18,8,22,17,10
5.35484,82,18,12,1,4
4.90323,96,18,4,6,9
5.80645,68,18,17,17,15,9
5.29032,84,18,16,14,9
4.83871,98,18,21,13,5
7.29032,84,18,19,14,20,6
7.67742,72,18,7,14,15,5
5.93548,64,18,19,9,3
6,62,18,12,13,7
4,62,18,3,17
5.03226,92,18,9,9,10,13
5.16129,88,18,20,3,4
5.48387,78,18,18,15,6,10
5.87097,66,18,3,1,22
4,62,18,6,8
7.54839,76,18,18,9,11,19,21
3.6129,74,18,20,17
4,62,18,6,2
5.67742,72,18,6,17,15
5.67742,72,18,6,17,15
3.35484,82,18,5,6
5.09677,90,18,19,5,5,6
4,62,18,4,3
5.41935,80,18,1,2,3
5.22581,86,18,6,19,6,14
3.54839,76,18,9,20
3.93548,64,18,4,21,18
3.48387,78,18,6,10
5.87097,66,18,9,16,11,9
3.80645,68,18,6,20
3.93548,64,18,9,12
6,62,18,6,22,19
5.48387,78,18,1,10,7
5.29032,84,18,4,20,7
5.93548,64,18,16,19,19,7
4.64516,104,18,11,20,9
5.35484,82,18,15,10,12
5.29032,84,18,12,9,14
3.6129,74,18,16,20
7.22581,86,18,7,12,15,4
7.80645,68,18,7,21,22,20
4.12903,120,18,10,18,5,13
7.35484,82,18,22,22,10,10,16,15
5.16129,88,18,9,22,13
8.3871,112,18,7,19,9,5,6
5.48387,78,18,4,2,8
7.29032,84,18,12,3,9,15
3.6129,74,18,16,20
5.48387,78,18,17,7,10
5.41935,80,18,8,18,11,17
7.16129,88,18,18,9,1,14,16
5.29032,84,18,20,3,15
6,62,18,9,8,1
4.51613,108,18,11,5,13
7.35484,82,18,14,22,6,11
3.80645,68,18,6,3
5.35484,82,18,2,4,19
2.83871,98,18,13,10
7.80645,68,18,15,1,15,7,13
3.29032,84,18,6,13,18
5.48387,78,18,15,11,6
5.29032,84,18,2,13,17
5.48387,78,18,1,15,11
5.22581,86,18,17,21,16
5.22581,86,18,10,16,20
5.93548,64,18,20,7,22
4,62,18,21,5
5.74194,70,18,19,18,20,15
5.67742,72,18,5,9,7
5.93548,64,18,13,2,4
6,62,18,14,11,4
5.74194,70,18,7,21,5
7.80645,68,18,15,13,13,21,14
5.74194,70,18,10,18,11,12
3.87097,66,18,17,20
7.03226,92,18,12,7,7,17,8
6,62,18,21,6,14
7.48387,78,18,2,12,3,21
3.16129,88,18,2,10
9.74194,70,18,22,22,7,19,14,17
5.29032,84,18,9,3,7
9.48387,78,18,21,19,15,22,20
3.54839,76,18,13,13,17
5.48387,78,18,15,20,17
7.87097,66,18,8,14,15,13
7.74194,70,18,3,2,21,15
9.35484,82,18,3,11,14,7,8
6,62,18,21,9,5
5.54839,76,18,16,22,8
4,62,18,9,7
7.35484,82,18,4,18,19,1,12
5.93548,64,18,8,22,12
5.67742,72,18,16,8,22
7.6129,74,18,7,2,20,22
7.03226,92,18,9,18,12,3,6
4,62,18,3,3,17
7.22581,86,18,18,11,11,22,15,4
3.87097,66,18,1,17
3.16129,88,18,2,10
3.87097,66,18,1,13
5.54839,76,18,5,1,1,21
3.67742,72,18,20,20,6
7.93548,64,18,15,16,1,8
3.16129,88,18,20,5
7.35484,82,18,1,14,8,4
5.80645,68,18,8,22,3
7.16129,88,18,7,8,19,7,13
5.22581,86,18,11,18,1,4
5.93548,64,18,15,16,17
6.3871,112,18,18,8,11,2,10
5.22581,86,18,14,9,9,2
4.64516,104,18,17,6,5
3.87097,66,18,17,3
3.16129,88,18,20,10
6,62,18,19,10,17
3.80645,68,18,6,20
3.67742,72,18,20,6
5.54839,76,18,8,7,7,5
7.6129,74,18,6,21,21,15,17
3.6129,74,18,13,8
3.87097,66,18,17,3
5.22581,86,18,12,16,3
5.87097,66,18,15,9,17
3.93548,64,18,1,1,4
5.09677,90,18,19,6,9
7.74194,70,18,12,1,19,3
3.93548,64,18,16,12
9.74194,70,18,12,14,7,21,2
7.74194,70,18,15,17,17,6,22
4.90323,96,18,12,17,20
7.74194,70,18,14,12,7,20
5.09677,90,18,19,19,5,6
5.80645,68,18,15,12,18,1
3.6129,74,18,8,17,18
7.6129,74,18,7,1,11,15
5.87097,66,18,11,15,17
5.74194,70,18,18,7,21,5
5.80645,68,18,8,5,11
3.6129,74,18,5,12
7.80645,68,18,14,8,6,15
5.16129,88,18,10,15,11
3.6129,74,18,13,8
4.90323,96,18,3,10,21
5.41935,80,18,6,15,13
3.6129,74,18,5,12
5.74194,70,18,3,3,21,19,3
5.16129,88,18,4,15,11
5.35484,82,18,7,10,15
5.41935,80,18,1,19,12,1
5.87097,66,18,15,16,14
3.48387,78,18,10,10,6
5.67742,72,18,22,3,9
4.3871,112,18,21,9,4
3.03226,92,18,4,5
5.74194,70,18,5,10,7
4.77419,100,18,12,6,9
5.74194,70,18,2,7,14
6,62,18,1,8,5
5.22581,86,18,8,17,17,4
8,62,18,14,4,22,7
5.54839,76,18,10,10,11,5
4,62,18,10,3
5.74194,70,18,5,8,11
5.80645,68,18,16,16,17,15
3.67742,72,18,20,2,18
6.64516,104,18,22,16,1,16,6
6,62,18,15,3,7
4,62,18,6,8
5.87097,66,18,17,18,21,1
4,62,18,10,22
4.3871,112,18,17,10,13
5.87097,66,18,8,17,7
3.41935,80,18,6,5
5.29032,84,18,17,8,16
7.87097,66,18,8,22,7,2
4,62,18,16,21
5.48387,78,18,1,22,8
4.25806,116,18,13,6,13,16
7.74194,70,18,8,11,9,15
4.83871,98,18,4,20,17
3.54839,76,18,5,21
4.96774,94,18,4,14,5
7.87097,66,18,21,3,14,11
6.96774,94,18,10,5,1,17
3.03226,92,18,5,13
5.6129,74,18,9,15,6
3.87097,66,18,5,5,14
3.93548,64,18,2,21,18
3.35484,82,18,18,9,4
5.09677,90,18,20,13,8
3.41935,80,18,13,1
5.35484,82,18,13,2,1
7.35484,82,18,19,3,4,15
5.80645,68,18,11,22,21
3.16129,88,18,20,5
3.93548,64,18,2,11
3.54839,76,18,9,20
4.96774,94,18,20,20,7,7,16
5.29032,84,18,8,5,7
5.93548,64,18,12,13,22
5.93548,64,18,15,20,15,2
4.64516,104,18,21,16,2
7.41935,80,18,19,19,12,7,13
5.16129,88,18,14,4,9
5.74194,70,18,15,20,19
7.48387,78,18,14,2,7,7,4
5.74194,70,18,15,1,2
7.67742,72,18,16,9,14,22
7.29032,84,18,22,7,6,22,10
3.6129,74,18,6,16
5.74194,70,18,15,5,19
5.67742,72,18,17,22,5
3.6129,74,18,4,1
4.25806,116,18,17,18,5,13
5.35484,82,18,8,8,3,10,8
7.48387,78,18,1,16,9,7
7.6129,74,18,19,12,4,20
7.48387,78,18,16,10,8,12
5.87097,66,18,1,12,11
3.6129,74,18,16,20
5.80645,68,18,19,20,4
3.80645,68,18,6,3
5.6129,74,18,20,12,20,14
6.90323,96,18,19,19,8,16,4
4.90323,96,18,14,5,2
7.48387,78,18,22,3,8,5
6,62,18,8,20,12
5.87097,66,18,4,21,20
4,62,18,17,2
7.6129,74,18,18,15,19,19,9,17
3.54839,76,18,7,13,18
3.6129,74,18,20,17
3.6129,74,18,16,2
5.09677,90,18,11,13,13,22
7.80645,68,18,15,21,2,6
5.80645,68,18,4,7,15,18
5.16129,88,18,8,4,11
7.74194,70,18,6,7,21,22
2.83871,98,18,13,10
6,62,18,1,1,19,9
3.35484,82,18,5,6
9.87097,66,18,14,22,19,8,15
3.87097,66,18,5,14
5.16129,88,18,17,5,22
3.87097,66,18,11,17
5.48387,78,18,7,10,7,3
3.93548,64,18,5,15
3.80645,68,18,17,1
8,62,18,11,19,14,22
7.48387,78,18,16,8,11,12
3.80645,68,18,17,1
3.35484,82,18,2,9
4.90323,96,18,10,17,10,21
5.6129,74,18,3,20,20,15
5.54839,76,18,16,15,18,12
5.87097,66,18,21,4,19
3.93548,64,18,2,19
7.6129,74,18,19,17,22,8
4,62,18,20,22
7.09677,90,18,1,11,20,8
5.29032,84,18,8,4,17
3.09677,90,18,10,13
5.6129,74,18,2,7,19
4.90323,96,18,13,20,6
3.29032,84,18,16,13
4.96774,94,18,12,6,1
5.74194,70,18,22,3,7
6.45161,110,18,8,19,5,4
5.41935,80,18,16,15,16,17
5.74194,70,18,1,19,6
4.32258,114,18,4,12,4,5
6.90323,96,18,3,8,10,10,12
5.6129,74,18,21,13,11
4,62,18,10,3
3.29032,84,18,10,2
5.48387,78,18,22,20,1
5.29032,84,18,19,4,11
5.09677,90,18,12,11,18,2
5.87097,66,18,8,7,7,11
8.96774,94,18,8,1,5,1,9,9,7
5.87097,66,18,9,5,3
2.90323,96,18,13,16
5.87097,66,18,7,18,11,22
5.35484,82,18,11,16,12
5.80645,68,18,19,21,10
5.03226,92,18,7,4,9
3.74194,70,18,6,1
5.35484,82,18,16,9,18,16,3
7.87097,66,18,18,15,21,2,19
6.51613,108,18,12,4,2,5
3.54839,76,18,5,21
5.29032,84,18,11,12,10
3.67742,72,18,4,11
7.48387,78,18,14,17,7,3
4,62,18,10,14
5.29032,84,18,1,12,9
5.6129,74,18,18,20,14,11
5.22581,86,18,4,7,7,11
5.29032,84,18,14,9,6
7.67742,72,18,18,20,12,3,14
5.03226,92,18,12,10,22
3.16129,88,18,4,9
7.09677,90,18,22,1,3,13
5.54839,76,18,13,21,3
5.54839,76,18,4,22,6
5.54839,76,18,3,22,3,20
2.83871,98,18,13,5
5.80645,68,18,7,2,19
4.77419,100,18,3,9,2
3.54839,76,18,13,17
3.93548,64,18,16,12
5.80645,68,18,21,12,17
3.80645,68,18,13,3
3.87097,66,18,4,19
4,62,18,6,2
7.22581,86,18,16,18,18,8,15,4
8.96774,94,18,18,14,3,4,13,19
5.16129,88,18,22,10,21
8,62,18,18,5,16,11,1
4.58065,106,18,16,17,16,4
7.87097,66,18,7,19,8,10
3.87097,66,18,4,8
7.29032,84,18,12,18,18,21,7,5
4.32258,114,18,12,10,2
5.29032,84,18,4,7,3
6.77419,100,18,19,5,1,4
5.87097,66,18,5,16,22
5.74194,70,18,1,15,8
4.77419,100,18,7,16,4
7.54839,76,18,22,19,6,4
9.48387,78,18,8,19,1,3,15
5.41935,80,18,1,22,12
5.48387,78,18,3,15,10
7.48387,78,18,22,8,14,10
3.87097,66,18,11,17
5.48387,78,18,16,19,6
5.41935,80,18,11,22,12
5.6129,74,18,5,19,21
12.4516,110,18,19,11,16,5,10,9,2
5.03226,92,18,18,4,20,1
5.87097,66,18,14,6,8
7.80645,68,18,12,19,1,10
3.22581,86,18,2,5
5.80645,68,18,15,11,2
3.48387,78,18,16,4
3.22581,86,18,5,20
5.09677,90,18,4,22,11
3.74194,70,18,5,7
7.74194,70,18,8,18,3,11,21
5.6129,74,18,10,10,5,18,8
5.29032,84,18,9,3,7
5.74194,70,18,17,16,1
4,62,18,5,18,4
3.87097,66,18,4,19
3.93548,64,18,1,4
5.54839,76,18,8,10,3
4,62,18,2,8
5.35484,82,18,13,18,11,11,5
6.77419,100,18,19,4,21,9
5.54839,76,18,19,2,6
5.93548,64,18,9,14,19
3.09677,90,18,10,13
5.93548,64,18,22,11,12
5.09677,90,18,20,7,11
5.48387,78,18,12,21,18,2
5.16129,88,18,22,1,13
4.77419,100,18,12,18,5,2
4.58065,106,18,2,13,10
3.87097,66,18,9,21
5.29032,84,18,17,21,17,8
5.93548,64,18,5,1,3
4.32258,114,18,20,13,5
5.93548,64,18,7,19,4
5.87097,66,18,19,19,13,12
7.48387,78,18,22,15,17,22,10
5.41935,80,18,16,17,6
6,62,18,7,12,22
5.93548,64,18,21,13,13,2,21
6.96774,94,18,11,12,19,4
7.74194,70,18,19,7,21,12,18
7.03226,92,18,19,18,22,22,12,5
5.48387,78,18,11,20,4
5.35484,82,18,13,20,20,14
3.80645,68,18,17,11
5.41935,80,18,7,13,17
5.80645,68,18,19,11,6
5.16129,88,18,8,16,20
5.48387,78,18,20,7,19
5.41935,80,18,10,11,15
4.45161,110,18,3,10,2
5.16129,88,18,16,18,11,6
4.77419,100,18,11,5,2
5.16129,88,18,10,9,10,2
5.54839,76,18,3,6,7
2.90323,96,18,13,16
4,62,18,10,14
4.96774,94,18,5,17,4
5.41935,80,18,7,12,5
5.29032,84,18,17,4,20
5.87097,66,18,17,22,20
4.58065,106,18,13,20,16
5.35484,82,18,18,19,17,11
3.87097,66,18,13,22
5.35484,82,18,11,20,15
3.16129,88,18,2,10
5.41935,80,18,3,22,20
5.6129,74,18,3,15,4
5.74194,70,18,10,5,5,7
3.22581,86,18,4,16
5.35484,82,18,1,10,21
3.48387,78,18,16,4
5.67742,72,18,11,10,17
5.93548,64,18,16,8,21
5.03226,92,18,21,21,10,3
5.93548,64,18,5,10,10,15
6.64516,104,18,12,15,6,16
5.41935,80,18,8,5,22
5.29032,84,18,11,12,10
6,62,18,8,15,16
7.41935,80,18,15,20,21,1
3.80645,68,18,2,15,18
9.41936,80,18,21,12,12,3,8,4
4,62,18,16,21
7.54839,76,18,10,16,9,12
3.74194,70,18,6,1
5.54839,76,18,14,18,16,6
5.22581,86,18,15,9,2
3.16129,88,18,20,5
5.87097,66,18,22,8,5
9.03226,92,18,14,11,10,16,21
3.54839,76,18,9,2
6,62,18,9,19,15
5.09677,90,18,18,9,3,5
3.93548,64,18,13,7
5.67742,72,18,6,6,17,15
4.83871,98,18,1,20,6
5.16129,88,18,18,15,5,21
5.22581,86,18,4,18,18,3,5
6.25806,116,18,15,1,5,4
5.35484,82,18,11,5,22
7.6129,74,18,19,16,5,5,15
7.67742,72,18,19,1,12,15
3.74194,70,18,6,11
6.64516,104,18,15,9,5,13
3.35484,82,18,20,16
5.03226,92,18,11,5,21
4,62,18,6,2
3.93548,64,18,2,11
5.09677,90,18,2,20,16
6.96774,94,18,19,16,1,1,17
3.87097,66,18,11,17
4.3871,112,18,17,17,16,13
7.74194,70,18,19,21,3,2
6.45161,110,18,18,21,14,13,9
5.80645,68,18,18,11,14,13
4.96774,94,18,13,20,13,11
7.6129,74,18,22,3,22,18,21,4
5.93548,64,18,8,22,4
7.87097,66,18,22,9,22,21,14
4,62,18,10,3
9.16129,88,18,12,14,8,1,6
5.48387,78,18,6,13,22
3.87097,66,18,17,3
4.83871,98,18,5,8,13
3.74194,70,18,10,12
5.67742,72,18,13,6,7
3.93548,64,18,16,16,12
3.74194,70,18,6,11
5.87097,66,18,21,3,16
4.3871,112,18,20,4,9
6.70968,102,18,14,6,4,16
3.93548,64,18,16,22,18
4,62,18,2,8
3.6129,74,18,9,6
3.87097,66,18,13,22
3.22581,86,18,5,20
3.6129,74,18,13,19
3.35484,82,18,9,13
7.35484,82,18,19,19,7,3,15
7.16129,88,18,8,3,20,17
6.77419,100,18,12,4,6,16
7.22581,86,18,11,21,15,16
5.48387,78,18,18,5,1,15
9.16129,88,18,21,8,3,12,16
5.6129,74,18,14,20,17
5.35484,82,18,9,11,9,12
5.48387,78,18,13,12,1
5.80645,68,18,15,17,1
5.41935,80,18,19,2,17
7.35484,82,18,12,14,4,15
4,62,18,20,22
3.22581,86,18,4,16
5.41935,80,18,19,17,3
3.80645,68,18,6,3
7.29032,84,18,18,12,18,3,19,20
3.22581,86,18,2,5
7.6129,74,18,7,19,3,4
5.41935,80,18,16,7,8
6,62,18,21,22,9
5.67742,72,18,3,13,6
5.87097,66,18,20,21,4
9.48387,78,18,18,7,21,22,17,14
3.22581,86,18,10,4
4.77419,100,18,18,3,9,2
5.67742,72,18,10,10,5,10,12
2.83871,98,18,13,10
5.80645,68,18,18,22,22,3,22,12
3.16129,88,18,4,9
3.09677,90,18,5,4
4,62,18,1,12,12,18
5.41935,80,18,7,12,5
5.6129,74,18,18,8,12,11,18
3.87097,66,18,1,17
3.41935,80,18,13,1
7.03226,92,18,3,12,7,10
5.29032,84,18,14,9,6
5.41936,80,18,1,16,12
3.87097,66,18,2,6
5.09677,90,18,11,9,2
3.74194,70,18,19,6,18
4.25806,116,18,12,16,13
8,62,18,12,3,21,8
4.90323,96,18,15,4,5
7.87097,66,18,21,13,4,20
4.58065,106,18,3,6,16
7.67742,72,18,19,22,8,7
3.35484,82,18,20,9
5.87097,66,18,14,16,3
3.48387,78,18,22,13,18
3.87097,66,18,9,21
7.48387,78,18,1,10,16,14
7.16129,88,18,12,3,22,11
4.96774,94,18,18,17,6,11
8,62,18,7,7,14,1,10
5.6129,74,18,4,4,22,19
7.16129,88,18,8,18,22,13,15
7.93548,64,18,15,14,11,14,17
7.22581,86,18,14,1,20,3
3.80645,68,18,6,3
7.29032,84,18,14,12,17,6
3.54839,76,18,18,9,20
3.93548,64,18,20,11
7.29032,84,18,21,6,22,20
8,62,18,11,1,12,14
