5.22581,86,2,2,11,9,7
4.96774,94,2,17,7,5
5.29032,84,2,22,13,7
6,62,2,8,21,19
7.35484,82,2,12,12,11,9,15
5.87097,66,2,12,15,11
9.80645,68,2,14,21,15,19,3
5.16129,88,2,22,9,3
5.80645,68,2,15,19,15,4
2.58065,106,2,10,6
3.16129,88,2,10,15
5.41935,80,2,19,2,4,4,18
5.74194,70,2,14,21,16
3.35484,82,2,6,9
6,62,2,12,8,10
5.67742,72,2,21,4,11
4.96774,94,2,15,10,3
2.45161,110,2,16,16,13
3.35484,82,2,5,19
3.54839,76,2,9,18
5.09677,90,2,15,15,4,8
6.83871,98,2,4,8,3,3,3,17
5.48387,78,2,2,13,14,5
3.41935,80,2,9,14
3.54839,76,2,11,17
5.74194,70,2,11,16,1
3.80645,68,2,4,22,2
3.48387,78,2,16,17
2.96774,94,2,5,7
5.48387,78,2,7,20,3
6.83871,98,2,3,19,19,1,17
3.35484,82,2,10,19
3.87097,66,2,2,6,19
5.29032,84,2,15,15,3,9
5.74194,70,2,4,14,17
3.80645,68,2,3,13,2
5.09677,90,2,13,19,13,17
2.77419,100,2,16,20
3.87097,66,2,13,6,2
5.41935,80,2,1,8,17
3.48387,78,2,1,17
2.19355,118,2,2,10,13
3.41935,80,2,16,14
4.83871,98,2,11,10,12
4.58065,106,2,1,5,6
5.54839,76,2,14,20,3
5.87097,66,2,21,22,5
3.93548,64,2,18,4
6.90323,96,2,22,14,3,6
5.09677,90,2,14,13,18
3.74194,70,2,4,16
3.09677,90,2,16,12
3.93548,64,2,20,5
3.35484,82,2,10,10,2,22
4.32258,114,2,21,10,20
5.74194,70,2,20,11,7
7.87097,66,2,12,18,14,17
7.74194,70,2,12,18,11,11,14
5.87097,66,2,15,6,22
5.16129,88,2,18,9,14
7.6129,74,2,15,19,8,9
4,62,2,22,5
4.83871,98,2,18,1,13
5.54839,76,2,8,15,15,3
3.87097,66,2,1,22
5.48387,78,2,6,7,20
3.16129,88,2,5,3
3.54839,76,2,6,1
5.93548,64,2,2,18,12,20
5.54839,76,2,18,14,8,2
4.58065,106,2,12,16,20
4.83871,98,2,22,10,7
5.41935,80,2,4,11,5
5.6129,74,2,4,8,22
3.6129,74,2,10,1
3.48387,78,2,5,11
5.67742,72,2,18,7,3
5.29032,84,2,11,10,8
3.35484,82,2,10,19
7.54839,76,2,4,7,6,15
3.16129,88,2,5,15
3.67742,72,2,8,11,2
3.87097,66,2,17,6
6.77419,100,2,7,1,1,11,6
5.16129,88,2,22,13,22,2,19
3.74194,70,2,16,11
5.6129,74,2,15,1,14
5.41935,80,2,18,19,13
2.32258,114,2,10,4
4.96774,94,2,4,17,20
5.87097,66,2,7,6,14
3.67742,72,2,4,9
3.09677,90,2,5,14
5.80645,68,2,7,14,16
3.48387,78,2,1,13
5.54839,76,2,22,9,9,11
5.16129,88,2,19,19,2,19,5,17
3.93548,64,2,20,5
5.80645,68,2,21,3,13
3.80645,68,2,8,13
7.54839,76,2,21,12,21,11,16
4.90323,96,2,11,12,5
3.93548,64,2,18,2,11
7.41936,80,2,20,12,19,13
3.29032,84,2,10,8
7.54839,76,2,21,15,8,5
4.83871,98,2,20,6,10
3.54839,76,2,2,1,4
2.3871,112,2,10,20
3.48387,78,2,1,17
5.16129,88,2,14,2,8,4
7.48387,78,2,2,18,22,21,6
5.48387,78,2,4,14,5
4.64516,104,2,10,5,21
5.22581,86,2,2,3,22,9
3.74194,70,2,16,11
7.41935,80,2,21,21,6,22,12
6,62,2,12,12,7,8
3.09677,90,2,9,21
3.35484,82,2,10,17
5.87097,66,2,14,21,2,21,20
5.03226,92,2,12,15,17,12
3.6129,74,2,9,19
3.35484,82,2,17,11
5.74194,70,2,20,2,20,3,8,2
3.48387,78,2,16,15
6.96774,94,2,22,15,9,7
9.74194,70,2,20,8,19,14,7
5.41935,80,2,2,3,7,20
5.54839,76,2,21,20,17
3.80645,68,2,7,18,2
5.48387,78,2,22,6,8
5.22581,86,2,8,2,22,3
3.87097,66,2,8,17
5.87097,66,2,4,20,14
7.54839,76,2,13,4,21,10
5.41935,80,2,1,1,18,17
5.35484,82,2,13,13,11,22
3.6129,74,2,2,17,8
3.41935,80,2,6,16
3.80645,68,2,16,1
5.22581,86,2,5,9,8
5.16129,88,2,15,13,7
7.74194,70,2,13,14,3,1
5.35484,82,2,11,3,6
5.48387,78,2,1,21,20
5.09677,90,2,20,6,1
5.80645,68,2,15,10,16
3.93548,64,2,8,4
3.35484,82,2,18,2,16
4.77419,100,2,15,1,17
6,62,2,3,1,12
7.74194,70,2,14,12,21,3
3.74194,70,2,20,8,2
4.3871,112,2,22,21,2,10
5.6129,74,2,6,21,13
6.77419,100,2,19,15,21,5
7.16129,88,2,3,12,13,13,18
5.67742,72,2,21,12,10
9.54839,76,2,8,19,19,1,11,9
7.16129,88,2,1,14,8,10
5.48387,78,2,7,16,11
5.87097,66,2,14,22,12
7.16129,88,2,2,13,6,14,9
2.77419,100,2,16,20
5.87097,66,2,13,11,11,14
5.22581,86,2,3,22,1
5.03226,92,2,6,4,1
5.35484,82,2,13,11,22
5.93548,64,2,22,22,6,21
5.16129,88,2,6,2,7,1
3.93548,64,2,18,4
4.77419,100,2,1,21,9
3.35484,82,2,10,17
3.87097,66,2,6,19
3.48387,78,2,1,13
5.80645,68,2,11,21,11,3
4.58065,106,2,22,20,9
3.87097,66,2,19,4
3.80645,68,2,8,13
5.74194,70,2,3,19,6
5.16129,88,2,19,21,9
2.64516,104,2,19,16,2
3.54839,76,2,4,5
8,62,2,8,1,11,9
3.16129,88,2,16,21
7.6129,74,2,14,15,22,10
3.93548,64,2,18,4
5.03226,92,2,14,16,21
7.6129,74,2,21,22,3,19
4.25806,116,2,7,7,9,4
5.54839,76,2,7,21,9
5.67742,72,2,19,15,20
3.67742,72,2,13,16
3.54839,76,2,9,18
2.3871,112,2,10,20
5.6129,74,2,18,11,16
6,62,2,1,8,12
6.77419,100,2,2,3,12,20,9
5.80645,68,2,13,8,12
3.67742,72,2,16,19
5.48387,78,2,1,8,6
5.54839,76,2,8,7,12
2.96774,94,2,5,7
6.64516,104,2,7,19,12,5
5.74194,70,2,7,13,12
7.22581,86,2,7,6,21,11
5.6129,74,2,3,3,11,4
5.6129,74,2,15,8,9
3.93548,64,2,20,5
3.41935,80,2,9,14
4,62,2,17,17,18
5.87097,66,2,7,9,5
3.54839,76,2,6,11
5.35484,82,2,15,20,3
3.16129,88,2,5,15
3.09677,90,2,10,14
5.93548,64,2,4,18,21
7.6129,74,2,13,7,22,20
5.87097,66,2,20,12,10
7.03226,92,2,4,22,14,10
4.90323,96,2,15,4,11
5.6129,74,2,19,12,7
7.93548,64,2,12,11,1,3,11
5.09677,90,2,14,14,5,8
5.35484,82,2,7,13,14
3.48387,78,2,17,13
3.22581,86,2,18,18,2,5
2.77419,100,2,5,21
5.09677,90,2,14,17,12
3.93548,64,2,18,20
3.87097,66,2,17,14
2.77419,100,2,5,21
5.29032,84,2,13,8,6
5.41935,80,2,22,6,12
5.80645,68,2,14,3,14,9
3.87097,66,2,17,5
5.29032,84,2,5,10,5,17
5.03226,92,2,1,16,12
2.96774,94,2,5,7
5.67742,72,2,18,7,3
3.16129,88,2,10,15
3.93548,64,2,7,5
4.90323,96,2,15,9,21
3.93548,64,2,20,10
5.03226,92,2,7,3,6
4,62,2,2,17,18
7.74194,70,2,13,14,18,1
3.54839,76,2,6,11
7.29032,84,2,12,12,2,15,17,18
3.29032,84,2,5,8
5.93548,64,2,2,14,1,18
5.09677,90,2,4,17,12
3.41935,80,2,11,19,2
4.70968,102,2,22,1,17
7.93548,64,2,19,19,1,8,3
4.58065,106,2,14,18,9,2
3.54839,76,2,11,17
4.83871,98,2,18,17,20
5.41935,80,2,1,10,8
5.6129,74,2,17,15,8
5.6129,74,2,18,22,3
2.25806,116,2,5,13
5.74194,70,2,13,3,20
5.16129,88,2,20,9,17
2.45161,110,2,16,13
7.80645,68,2,14,11,19,15
4.58065,106,2,19,5,21
3.48387,78,2,1,13
5.16129,88,2,18,21,9
5.41935,80,2,1,10,18
3.48387,78,2,2,16,17
4,62,2,11,7
5.80645,68,2,2,12,9,1
7.41935,80,2,22,19,14,9
2.64516,104,2,3,16,2
6,62,2,20,1,1,16
3.6129,74,2,4,10
4.3871,112,2,8,9,13
3.6129,74,2,17,8
7.48387,78,2,21,3,19,5
5.67742,72,2,8,21,1
6,62,2,13,18,8
5.87097,66,2,1,1,18,19
5.6129,74,2,18,12,22
6,62,2,19,12,14
10,62,2,20,2,4,6,22,7
4,62,2,1,15
4.45161,110,2,4,11,11,4,16
7.41935,80,2,14,22,17,6
5.80645,68,2,14,17,7
4.77419,100,2,4,1,6
7.16129,88,2,22,18,3,3,16
3.35484,82,2,13,19,2
4.77419,100,2,9,5,12
4.12903,120,2,8,10,13
5.48387,78,2,6,22,4
3.29032,84,2,10,8
7.93548,64,2,13,18,22,7
3.16129,88,2,16,21
3.29032,84,2,5,18
7.35484,82,2,18,7,22,10
2.25806,116,2,5,13
5.6129,74,2,3,13,12
5.54839,76,2,15,11,16
5.67742,72,2,1,2,14,3
8.83871,98,2,2,14,16,9,10,7
7.16129,88,2,14,19,19,11,4
6.96774,94,2,3,11,12,16
5.87097,66,2,2,6,15,14
3.29032,84,2,10,8
5.35484,82,2,3,7,11
3.54839,76,2,6,1
5.93548,64,2,8,8,14,20
5.6129,74,2,22,1,19
3.93548,64,2,3,6
6.70968,102,2,13,11,8,11,6
5.16129,88,2,22,11,7
3.41935,80,2,9,14
3.93548,64,2,1,7
5.48387,78,2,1,3,22
4.77419,100,2,6,14,6,20
7.41935,80,2,14,21,20,22
2.58065,106,2,10,6
3.16129,88,2,16,21
3.6129,74,2,4,4,10
2.90323,96,2,16,6
3.87097,66,2,3,17
3.35484,82,2,6,9
3.6129,74,2,9,19
5.74194,70,2,3,3,3,19,6
3.35484,82,2,19,1,2
7.87097,66,2,2,4,15,21,7
6.96774,94,2,21,6,13,11
5.22581,86,2,6,13,15
7.09677,90,2,22,21,7,10
5.54839,76,2,11,19,5
4.70968,102,2,2,19,17,3
2.25806,116,2,5,13
7.80645,68,2,20,20,13,4,8
2.83871,98,2,5,12
3.22581,86,2,6,5
5.41935,80,2,7,8,4
5.41935,80,2,4,6,9
6.77419,100,2,3,21,12,10
3.54839,76,2,11,17
2.45161,110,2,16,13
5.80645,68,2,18,15,4
2.32258,114,2,10,4
3.87097,66,2,21,2,9
5.74194,70,2,1,8,1,21
6.83871,98,2,20,9,16,21
9.09678,90,2,15,7,19,8,20
6.96774,94,2,21,21,2,18,22,10
5.03226,92,2,16,9,21
5.54839,76,2,6,4,14
7.74194,70,2,19,19,18,15,6
3.29032,84,2,6,2,9
7.93548,64,2,14,12,7,15
4.96774,94,2,19,2,7,7,10
4.77419,100,2,22,13,1
5.35484,82,2,22,20,3
3.74194,70,2,4,16
5.80645,68,2,19,21,6
3.93548,64,2,20,10
3.41935,80,2,13,8,2
5.6129,74,2,15,21,21,7,2
5.80645,68,2,7,20,12
3.80645,68,2,6,8
3.16129,88,2,1,2,5
5.29032,84,2,3,10,19
3.35484,82,2,6,9
2.83871,98,2,5,5,12
3.54839,76,2,1,6
3.48387,78,2,17,13
4.90323,96,2,15,13,18
4.83871,98,2,20,2,9,21
2.32258,114,2,10,4
7.54839,76,2,20,18,22,8
5.22581,86,2,18,9,15
3.6129,74,2,16,8
3.54839,76,2,4,5
2.58065,106,2,9,13
3.48387,78,2,6,22,2
5.03226,92,2,22,2,6,19
4,62,2,15,5
5.22581,86,2,18,21,16
4.77419,100,2,2,19,16,6
3.93548,64,2,2,1,7
3.35484,82,2,6,9
3.41935,80,2,16,3
5.29032,84,2,1,18,10
7.93548,64,2,21,21,18,1,8
2.83871,98,2,9,6
3.93548,64,2,8,4
2.83871,98,2,10,21
5.67742,72,2,19,2,15,14
3.87097,66,2,1,22
4.70968,102,2,15,10,21
5.74194,70,2,7,13,12
3.09677,90,2,10,14
5.41935,80,2,15,16,18
5.35484,82,2,3,22,7,2
6,62,2,3,12,2,13
7.93548,64,2,2,20,11,19,14
3.93548,64,2,11,20
3.74194,70,2,4,16
7.87097,66,2,21,19,14,6
7.41935,80,2,13,4,18,5
3.22581,86,2,6,5
6,62,2,14,15,3
5.09677,90,2,5,10,22
7.87097,66,2,8,3,19,1
2.51613,108,2,22,9,2
4,62,2,1,15
3.6129,74,2,6,3
5.48387,78,2,1,10,10,19
3.80645,68,2,13,9
5.35484,82,2,15,15,6,8
3.41935,80,2,17,20
3.16129,88,2,10,15
3.6129,74,2,5,1
5.6129,74,2,13,3,4
5.22581,86,2,18,16,16,14
3.16129,88,2,7,1,2
5.16129,88,2,22,15,2,8
7.80645,68,2,11,8,1,19
5.67742,72,2,3,22,6
4,62,2,18,5
5.48387,78,2,13,8,10
7.16129,88,2,12,18,10,8
2.32258,114,2,5,4
5.80645,68,2,6,7,19
6.45161,110,2,12,11,9,4
5.48387,78,2,3,3,16,18
3.6129,74,2,10,1
5.93548,64,2,13,17,22
7.03226,92,2,12,12,19,7,5
5.93548,64,2,13,19,3
3.6129,74,2,6,20
5.16129,88,2,3,2,18,20
4.64516,104,2,9,10,6
3.93548,64,2,2,8,6
2.83871,98,2,5,5,12
3.35484,82,2,10,19
6.77419,100,2,19,14,14,1,4
3.41935,80,2,17,3
7.16129,88,2,14,9,5,19
3.35484,82,2,10,19
7.54839,76,2,15,15,14,1,10
3.87097,66,2,11,2,3,11
4,62,2,14,8,2
5.87097,66,2,3,10,16
7.29032,84,2,7,1,7,22,4
3.93548,64,2,19,6
5.80645,68,2,22,4,21
3.93548,64,2,18,20
7.87097,66,2,20,22,18,22,19
3.6129,74,2,13,5
3.54839,76,2,11,17
2.3871,112,2,10,5,2
4.64516,104,2,1,9,9,13
5.22581,86,2,11,15,3
3.35484,82,2,17,11
5.54839,76,2,1,1,1,19,14,1
5.6129,74,2,18,16,1
7.6129,74,2,8,9,10,9,1
7.54839,76,2,3,12,1,10
5.09677,90,2,11,5,3
5.35484,82,2,21,9,9,18
6.90323,96,2,7,18,11,13
5.54839,76,2,13,14,10
3.80645,68,2,2,12,22,2
4,62,2,7,10
5.03226,92,2,11,15,13
2.45161,110,2,7,9,2
5.22581,86,2,6,13,3
5.22581,86,2,6,13,3
3.54839,76,2,9,18
5.6129,74,2,22,18,13
5.22581,86,2,15,10,19
2.45161,110,2,16,13
5.35484,82,2,14,9,14,17
3.09677,90,2,5,22
5.87097,66,2,7,9,5
2.3871,112,2,3,5,2
7.29032,84,2,12,3,1,17
4.90323,96,2,22,20,6
3.35484,82,2,17,11
3.41935,80,2,16,14
4.45161,110,2,22,10,6
5.41935,80,2,11,15,8
4,62,2,11,7
5.09677,90,2,3,22,5
3.48387,78,2,16,17
5.93548,64,2,19,21,21,8
5.93548,64,2,18,3,18,22
2.64516,104,2,5,2,9
3.09677,90,2,5,14
2.45161,110,2,9,5,2
7.48387,78,2,11,14,12,8
5.54839,76,2,22,3,21
4.77419,100,2,19,5,7
9.03226,92,2,3,14,19,8,13
5.48387,78,2,2,21,3,17
7.48387,78,2,15,8,11,11,16
5.41935,80,2,11,15,6
7.48387,78,2,21,13,12,12,1
2.58065,106,2,5,6
5.74194,70,2,15,1,9
4.3871,112,2,22,2,22,20,5
3.41935,80,2,8,2,9
7.67742,72,2,12,18,10,10,18,22
7.74194,70,2,19,15,21,4
3.29032,84,2,10,18
5.93548,64,2,13,13,3,21
7.35484,82,2,1,1,19,8,22
7.74194,70,2,15,21,12,8
7.48387,78,2,18,15,22,10
5.6129,74,2,22,1,19
3.16129,88,2,5,5,3
3.35484,82,2,5,19
5.22581,86,2,15,10,17
5.87097,66,2,6,21,7
5.29032,84,2,3,22,3,16
6.96774,94,2,2,20,7,4,8
3.6129,74,2,14,14,14,2,9
5.54839,76,2,8,16,19
2.3871,112,2,16,5,2
3.48387,78,2,17,13
2.45161,110,2,11,5,11,5,2
5.87097,66,2,2,1,14,3
9.22581,86,2,12,3,19,7,20
7.22581,86,2,3,12,8,6
4,62,2,15,15,2,1
5.80645,68,2,18,1,3
3.16129,88,2,5,15
3.93548,64,2,2,14,19,2
5.29032,84,2,21,11,6
3.80645,68,2,17,9
2.83871,98,2,5,12
7.74194,70,2,4,2,3,19,21
5.93548,64,2,15,6,4
3.41935,80,2,16,14
3.54839,76,2,1,4
9.54839,76,2,14,3,14,18,8,12
3.48387,78,2,9,15
5.09677,90,2,8,7,10
3.80645,68,2,16,1
5.29032,84,2,21,16,14
5.80645,68,2,1,3,18
2.64516,104,2,16,4
3.6129,74,2,4,10
5.03226,92,2,7,9,7,2,11
8.96774,94,2,18,15,21,14,5
4.25806,116,2,9,10,13
4.70968,102,2,2,18,16,6
5.74194,70,2,11,18,21
5.87097,66,2,22,21,11
5.87097,66,2,12,13,3
2.51613,108,2,1,5,2
3.16129,88,2,5,3
5.16129,88,2,8,9,22
3.93548,64,2,10,16
5.93548,64,2,12,12,20,11
5.09677,90,2,14,4,11
3.93548,64,2,17,10
5.22581,86,2,18,3,10
7.48387,78,2,13,15,7,1
3.87097,66,2,17,16
7.41935,80,2,15,7,4,20
3.74194,70,2,4,16
3.87097,66,2,17,14
7.93548,64,2,11,14,8,14,8,19
5.41935,80,2,22,2,11,18
3.80645,68,2,13,9
5.29032,84,2,6,2,14,4
4.83871,98,2,12,2,6,9
5.67742,72,2,14,11,22
7.03226,92,2,14,12,4,8
3.48387,78,2,3,15,2
4.96774,94,2,15,10,3
5.67742,72,2,22,1,9
4.3871,112,2,22,4,5
4.45161,110,2,14,13,9
4.77419,100,2,14,6,10
4,62,2,1,2,15
4,62,2,7,10
7.29032,84,2,21,7,22,6,2
5.93548,64,2,19,7,14
6,62,2,6,21,14
5.09677,90,2,8,7,10
3.41935,80,2,9,14
3.6129,74,2,16,8
5.35484,82,2,9,16,3
2.96774,94,2,10,7
3.74194,70,2,16,11
3.6129,74,2,13,5
3.35484,82,2,13,19,2
7.29032,84,2,7,12,3,20
5.09677,90,2,15,13,14
4.83871,98,2,4,15,4,2,5
5.74194,70,2,2,4,7,11
5.54839,76,2,3,11,6
2.58065,106,2,19,9,9,2
4.83871,98,2,22,3,17
3.87097,66,2,19,20
5.67742,72,2,13,1,19
4.58065,106,2,1,21,21,5
3.6129,74,2,17,8
5.16129,88,2,15,20,8
3.6129,74,2,6,3
5.54839,76,2,15,11,16
4,62,2,6,18
5.29032,84,2,6,2,4,8
5.87097,66,2,19,1,16
5.54839,76,2,21,20,2,6
3.48387,78,2,1,13
6,62,2,15,22,13
7.48387,78,2,3,19,16,1
5.93548,64,2,19,8,22
5.35484,82,2,1,18,9
5.41935,80,2,6,21,1
7.35484,82,2,14,18,17,16
2.83871,98,2,5,12
5.48387,78,2,15,11,18
3.09677,90,2,10,22
3.54839,76,2,9,2,22
3.48387,78,2,9,15
2.45161,110,2,16,13
4,62,2,5,2,20
7.6129,74,2,18,7,21,20
3.03226,92,2,12,17,2
5.03226,92,2,12,6,20
3.80645,68,2,8,13
3.48387,78,2,1,17
5.54839,76,2,2,15,15,6,18
5.29032,84,2,22,6,3
5.22581,86,2,6,22,10
9.16129,88,2,7,7,22,21,4,3
4,62,2,7,2,2,7,10
3.6129,74,2,16,18
11.0323,92,2,21,15,18,8,14,5
6.90323,96,2,1,1,19,8,13
6,62,2,12,11,21
5.09677,90,2,15,6,11
5.67742,72,2,14,21,9
5.54839,76,2,1,12,8
5.67742,72,2,7,7,13,6
4,62,2,7,7,10
5.48387,78,2,12,21,18,2
3.80645,68,2,17,9
5.48387,78,2,19,22,3
4,62,2,11,7
3.29032,84,2,2,5,8
5.09677,90,2,14,10,15
5.41935,80,2,21,17,13
5.54839,76,2,11,16,18
5.35484,82,2,8,15,13
4.77419,100,2,14,16,6
2.32258,114,2,5,4
3.87097,66,2,17,14
2.83871,98,2,10,12
6,62,2,13,14,13,20
4.64516,104,2,9,10,6
7.67742,72,2,14,21,17,21,18
5.29032,84,2,18,3,13
5.74194,70,2,20,22,9
2.32258,114,2,5,4
5.09677,90,2,15,12,16
5.41935,80,2,7,8,4
3.41935,80,2,10,11
5.48387,78,2,13,22,5
5.93548,64,2,11,19,22
6.90323,96,2,2,12,3,5,22
7.16129,88,2,11,1,16,7
2.64516,104,2,16,4
5.16129,88,2,12,2,21,2,10
7.48387,78,2,7,22,1,16
3.09677,90,2,16,16,12
3.6129,74,2,5,1
3.6129,74,2,16,8
7.87097,66,2,20,12,8,16
4.70968,102,2,16,9,20
3.93548,64,2,18,20
5.41936,80,2,2,2,2,3,18,13
6.83871,98,2,13,7,17,20
3.6129,74,2,13,10
4.96774,94,2,22,4,1
5.22581,86,2,3,21,10
3.74194,70,2,19,13
3.16129,88,2,5,15
3.93548,64,2,20,5
7.48387,78,2,20,12,13,18
5.80645,68,2,2,15,3,1
3.6129,74,2,6,3
5.80645,68,2,12,15,22,2
5.93548,64,2,1,2,3,8
3.29032,84,2,5,18
2.32258,114,2,3,10,2
4,62,2,18,5
3.87097,66,2,19,4
6,62,2,18,15,12
5.54839,76,2,3,20,14
3.87097,66,2,2,4,14,2
5.6129,74,2,20,9,20,12
7.87097,66,2,13,21,14,6
7.74194,70,2,13,3,14,12
5.80645,68,2,20,3,3,5
3.93548,64,2,8,4
5.48387,78,2,3,22,8
5.87097,66,2,19,7,19,11
7.74194,70,2,14,22,21,8
5.48387,78,2,6,7,20
5.74194,70,2,4,7,1
4.3871,112,2,15,9,13
5.22581,86,2,18,12,9
7.35484,82,2,4,18,14,18,10
3.29032,84,2,5,18
3.93548,64,2,18,20
5.67742,72,2,1,1,16,11
3.29032,84,2,2,5,8
5.48387,78,2,11,9,15
5.22581,86,2,18,12,9
2.77419,100,2,5,21
7.74194,70,2,8,8,1,14,12
2.96774,94,2,5,7
5.48387,78,2,22,6,8
8,62,2,21,12,8,18
3.48387,78,2,9,9,9,15
5.67742,72,2,12,9,11
5.54839,76,2,22,22,12,7
3.35484,82,2,6,9
5.48387,78,2,18,18,3,20
5.80645,68,2,6,22,14
4,62,2,6,17
3.16129,88,2,5,3
4.64516,104,2,22,16,20
6,62,2,8,10,9
5.87097,66,2,12,11,7
2.32258,114,2,14,5,2
5.16129,88,2,22,8,13
3.54839,76,2,4,5
7.67742,72,2,18,22,7,4
5.41935,80,2,21,11,13
5.16129,88,2,7,15,13,7
4.83871,98,2,20,16,12
9.93548,64,2,2,21,8,3,12,18
5.74194,70,2,11,1,14,11
7.29032,84,2,7,22,9,19
4.3871,112,2,2,13,8,13,10
4.70968,102,2,14,9,6
3.93548,64,2,7,12,2
4.96774,94,2,3,16,3,6
2.64516,104,2,3,9,2
4,62,2,11,7
3.93548,64,2,19,6
4.64516,104,2,12,9,20
5.67742,72,2,13,15,4
7.16129,88,2,21,21,6,7,7,9
3.6129,74,2,6,3
3.54839,76,2,11,17
5.6129,74,2,4,8,16
3.09677,90,2,16,12
5.29032,84,2,19,7,16
5.6129,74,2,19,21,1
6,62,2,19,10,9
7.16129,88,2,15,18,17,18,10
5.74194,70,2,12,13,18
7.48387,78,2,15,19,11,18
5.54839,76,2,13,11,21
7.41935,80,2,20,15,12,4
5.67742,72,2,7,1,10
5.41935,80,2,15,16,18
5.09677,90,2,1,3,17
3.6129,74,2,2,6,3
3.6129,74,2,5,1
5.03226,92,2,3,13,18
4.58065,106,2,3,20,5
5.6129,74,2,3,21,3,9
3.93548,64,2,18,20
6.83871,98,2,20,19,21,9
3.74194,70,2,5,2,4
5.93548,64,2,2,15,3,11
4.83871,98,2,2,5,10,12
5.35484,82,2,18,17,10
4.3871,112,2,19,5,6
3.54839,76,2,9,18
3.6129,74,2,13,10
3.87097,66,2,6,19
8,62,2,15,21,12,3
5.80645,68,2,8,3,13
3.41935,80,2,17,17,20
4.70968,102,2,3,5,12
6,62,2,18,15,12
3.93548,64,2,20,10
3.6129,74,2,4,10
5.87097,66,2,15,22,10
3.6129,74,2,9,2,3
7.29032,84,2,12,20,13,15
5.93548,64,2,21,6,18
3.80645,68,2,13,2,10
7.54839,76,2,15,18,7,20
3.80645,68,2,18,13
5.35484,82,2,3,2,12,10
7.35484,82,2,12,21,12,20,1
5.29032,84,2,18,17,5
5.87097,66,2,4,2,8,15
5.6129,74,2,15,6,14
8,62,2,13,21,18,8
5.03226,92,2,3,20,3,17
5.87097,66,2,6,15,19
5.22581,86,2,2,4,2,6,12
7.16129,88,2,18,18,7,17,16
3.93548,64,2,2,11,22
7.09677,90,2,14,11,3,6
5.54839,76,2,13,8,9
5.16129,88,2,19,3,17
7.29032,84,2,19,19,15,22,5
7.22581,86,2,8,3,14,5
5.6129,74,2,6,15,8
5.29032,84,2,7,4,17
5.09677,90,2,10,10,9,3
2.96774,94,2,10,7
7.22581,86,2,4,19,14,17
3.87097,66,2,19,4
5.80645,68,2,3,18,16
4.96774,94,2,18,10,3
4,62,2,8,2,11
2.58065,106,2,9,13
3.67742,72,2,15,13,2
7.54839,76,2,20,8,14,17
2.77419,100,2,5,21
2.96774,94,2,5,7
5.6129,74,2,22,20,21
5.67742,72,2,14,22,1
2.77419,100,2,5,21
6,62,2,6,15,18
3.09677,90,2,5,14
5.35484,82,2,8,7,1
3.93548,64,2,18,4
8,62,2,7,6,22,15
3.80645,68,2,17,9
3.74194,70,2,4,16
5.87097,66,2,15,14,6
3.93548,64,2,17,10
5.67742,72,2,14,11,20
3.41935,80,2,9,9,17
5.22581,86,2,1,9,12
3.54839,76,2,1,4
5.35484,82,2,1,19,6
7.09677,90,2,3,15,18,20
6.90323,96,2,13,18,7,9
3.87097,66,2,17,19
5.35484,82,2,7,16,18
6,62,2,15,19,16
7.03226,92,2,7,6,22,10
2.45161,110,2,16,13
3.87097,66,2,17,16
5.80645,68,2,13,14,4
3.41935,80,2,17,20
5.22581,86,2,14,10,18
3.54839,76,2,1,4
6.96774,94,2,21,6,13,11
5.67742,72,2,2,19,21,17
5.87097,66,2,21,2,12,20,21
5.03226,92,2,3,3,16,21
3.6129,74,2,17,17,8
3.41935,80,2,17,3
5.29032,84,2,7,3,13
5.54839,76,2,21,10,1
5.35484,82,2,3,15,10
3.93548,64,2,18,20
5.29032,84,2,3,9,14
5.48387,78,2,21,3,17
7.16129,88,2,4,18,7,3
5.93548,64,2,18,19,16
3.35484,82,2,17,11
5.29032,84,2,11,5,19
5.93548,64,2,8,7,21
6,62,2,7,15,15,15,5
9.74194,70,2,13,2,20,22,7,6
7.93548,64,2,20,8,21,14
3.80645,68,2,16,1
4.25806,116,2,16,10,4
3.80645,68,2,9,11
2.77419,100,2,9,20
5.29032,84,2,15,20,15,9
5.80645,68,2,15,18,20
3.29032,84,2,16,7
3.93548,64,2,10,16
5.48387,78,2,11,21,3
6,62,2,14,16,16,5
3.74194,70,2,19,19,19,3,2
5.09677,90,2,8,10,15
5.16129,88,2,18,12,16
7.93548,64,2,12,22,7,19
7.74194,70,2,12,1,12,19,15
4,62,2,1,15
3.48387,78,2,16,17
6.19355,118,2,11,1,5,13
6.58065,106,2,12,11,5,21
3.09677,90,2,10,14
4.3871,112,2,15,22,2,5
7.93548,64,2,12,19,3,19,1
5.48387,78,2,13,3,10
7.67742,72,2,19,15,17,22
5.54839,76,2,8,3,6
5.35484,82,2,17,7,3
4.70968,102,2,22,10,12
4.96774,94,2,11,12,10
5.29032,84,2,11,2,13,17
3.93548,64,2,8,6
5.54839,76,2,8,1,20
5.22581,86,2,21,6,10
3.93548,64,2,10,16
8.90323,96,2,12,1,9,10,7
7.87097,66,2,1,11,18,14
5.41935,80,2,3,22,12
3.41935,80,2,9,14
5.16129,88,2,19,17,6
5.29032,84,2,2,7,20,11
5.16129,88,2,19,9,22
5.74194,70,2,20,19,17
3.29032,84,2,16,7
9.41935,80,2,14,21,18,19,16
4.25806,116,2,19,5,20
5.16129,88,2,3,16,7
3.16129,88,2,10,15
4.25806,116,2,19,10,4
3.16129,88,2,5,3
5.22581,86,2,7,12,9
5.09677,90,2,11,10,3
3.54839,76,2,9,8
5.93548,64,2,19,21,4
5.87097,66,2,8,11,21
7.87097,66,2,8,8,1,16,10
5.67742,72,2,4,1,9
3.29032,84,2,16,7
5.74194,70,2,1,8,9
5.54839,76,2,18,9,11
5.03226,92,2,11,16,11,4
7.35484,82,2,21,13,4,11
5.74194,70,2,14,1,15
5.03226,92,2,6,13,11
7.09677,90,2,3,12,20,6
4.90323,96,2,22,9,12
5.6129,74,2,2,3,20,20,4
3.93548,64,2,20,10
5.35484,82,2,22,8,22,9
5.41935,80,2,1,18,16
4.96774,94,2,4,3,1,2
2.45161,110,2,5,20
7.80645,68,2,21,21,8,8,3,4
5.93548,64,2,21,20,22
5.48387,78,2,3,15,1
5.35484,82,2,4,12,5
4.58065,106,2,8,5,21
4,62,2,21,8,2
6,62,2,2,20,2,7,11
5.93548,64,2,22,9,5
5.48387,78,2,15,12,15,1
5.87097,66,2,4,3,18
5.29032,84,2,12,1,17
5.35484,82,2,15,8,6
3.6129,74,2,6,3
5.93548,64,2,22,9,5
2.83871,98,2,5,12
3.48387,78,2,2,16,22
4,62,2,17,18
4.3871,112,2,4,17,4,5
5.35484,82,2,15,8,4
5.48387,78,2,18,11,10
5.6129,74,2,21,21,20,6
5.93548,64,2,3,21,6
3.35484,82,2,10,19
5.54839,76,2,22,11,11,9
7.6129,74,2,3,3,8,16,11
9.35484,82,2,3,8,9,16,18
5.80645,68,2,20,18,10
5.80645,68,2,18,7,4
5.09677,90,2,18,12,10
3.6129,74,2,12,1,2
3.35484,82,2,17,1
5.87097,66,2,8,5,9
3.80645,68,2,15,18,2
5.80645,68,2,18,12,12,11
6,62,2,11,5,9
5.80645,68,2,15,12,12,8
3.35484,82,2,17,1
3.29032,84,2,5,8
7.80645,68,2,12,13,21,22
6.90323,96,2,21,12,20,9
4,62,2,18,5
3.41935,80,2,6,16
7.16129,88,2,6,4,13,3
5.48387,78,2,21,2,17,2,7
5.67742,72,2,3,18,6
5.54839,76,2,20,11,20,1
4,62,2,21,5
