3.09677,90,19,5,13
4,62,19,5,15
3.87097,66,19,4,18
3.41935,80,19,5,6
5.74194,70,19,21,12,16
5.09677,90,19,17,21,16
5.6129,74,19,17,14,1
5.80645,68,19,3,15,1
4.96774,94,19,20,4,17
5.48387,78,19,13,6,15
5.74194,70,19,1,7,4
4.12903,120,19,21,10,13
5.6129,74,19,16,11,16,10,11
5.48387,78,19,10,19,5,11
3.67742,72,19,9,6
3.54839,76,19,10,6
5.54839,76,19,16,8,5
5.67742,72,19,5,11,16
8.83871,98,19,14,8,18,6,3
3.74194,70,19,17,20
5.35484,82,19,21,9,8
3.6129,74,19,13,18
3.54839,76,19,13,11
4.83871,98,19,6,17,12
7.16129,88,19,1,14,21,5
3.74194,70,19,6,6,19,13
3.09677,90,19,6,13,19
7.29032,84,19,22,9,5,18
5.41935,80,19,9,15,15,15,2
7.16129,88,19,18,22,18,5,14
6.83871,98,19,2,19,11,3,6
7.67742,72,19,8,9,9,10,3
3.54839,76,19,13,8
7.41935,80,19,15,17,16,8
3.29032,84,19,20,9
5.80645,68,19,5,8,11
5.16129,88,19,3,2,9
5.22581,86,19,14,2,5
7.09677,90,19,2,12,14,12,14,14,13
7.67742,72,19,7,22,1,10
5.6129,74,19,1,2,3
4.51613,108,19,2,4,5
5.67742,72,19,22,20,3
7.80645,68,19,18,19,18,7,20,21
7.29032,84,19,8,16,9,2
3.80645,68,19,4,8
5.03226,92,19,1,5,20
7.48387,78,19,11,11,10,9,5,19
3.93548,64,19,2,18
5.29032,84,19,19,18,16,20
3.87097,66,19,8,19,5,8
2.77419,100,19,13,10
5.22581,86,19,6,19,9,17
5.48387,78,19,10,18,16
5.6129,74,19,9,1,20
3.09677,90,19,4,9
6.90323,96,19,12,18,3,17
5.03226,92,19,21,11,19,4
3.67742,72,19,17,1
5.16129,88,19,7,10,15
3.93548,64,19,1,5,19
5.6129,74,19,21,22,19,17
5.03226,92,19,4,22,11
9.54839,76,19,15,18,12,7,6
7.48387,78,19,22,14,3,19,7
5.87097,66,19,3,13,3,18
7.54839,76,19,20,21,14,22
3.74194,70,19,4,17
5.67742,72,19,2,14,2,4
5.67742,72,19,9,22,15,19
6.32258,114,19,8,6,4,9
3.41935,80,19,5,6
3.93548,64,19,5,22
5.54839,76,19,14,9,12
5.29032,84,19,13,20,3
9.93548,64,19,22,14,18,11,1
3.41935,80,19,9,13
3.54839,76,19,13,11
5.74194,70,19,19,1,18,2
5.6129,74,19,21,4,1
5.41935,80,19,4,12,7
7.09677,90,19,14,3,9,12
3.29032,84,19,21,10,19
5.41935,80,19,2,7,4
3.93548,64,19,9,21
4,62,19,5,3
5.03226,92,19,20,19,7,5
4.90323,96,19,18,2,5
3.87097,66,19,13,7
4.83871,98,19,6,17,2
6,62,19,14,19,22,14,19,16
7.29032,84,19,7,2,4,14
2.77419,100,19,13,13,10
6,62,19,10,16,15
5.87097,66,19,12,18,4
5.74194,70,19,8,6,17
5.09677,90,19,11,10,6
8.45161,110,19,21,8,1,16,2
3.29032,84,19,5,20
5.87097,66,19,21,3,22
5.6129,74,19,9,1,20
7.74194,70,19,10,11,3,12
4.90323,96,19,5,17,13
3.35484,82,19,16,13
5.6129,74,19,10,5,21
3.35484,82,19,10,2
3.87097,66,19,6,2
7.48387,78,19,7,22,22,8,20
7.29032,84,19,21,3,2,7
7.22581,86,19,3,12,7,10
5.87097,66,19,20,19,12,21
6,62,19,3,2,14
4.90323,96,19,11,17,4
5.16129,88,19,20,19,11,13
7.22581,86,19,21,15,10,8
3.48387,78,19,13,17
5.35484,82,19,11,10,12
5.6129,74,19,16,17,18
4.96774,94,19,3,9,20
5.41935,80,19,10,19,3,6
3.87097,66,19,17,2
6.58065,106,19,22,13,4,16
5.41935,80,19,17,18,17,6
5.03226,92,19,6,18,4
5.54839,76,19,16,16,22,2
7.87097,66,19,1,15,18,8
3.41935,80,19,6,9
3.35484,82,19,19,19,16,13
3.87097,66,19,2,1
6,62,19,12,19,8,17
7.29032,84,19,3,19,15,9,14
5.54839,76,19,18,17,20
6.51613,108,19,11,8,11,11,10,4
7.6129,74,19,8,3,3,22,20
5.67742,72,19,18,17,12
3.09677,90,19,5,13
6,62,19,7,1,9
4.3871,112,19,5,11,5,4
7.54839,76,19,7,14,15,13
3.16129,88,19,5,4
3.87097,66,19,20,8
3.54839,76,19,4,1
5.35484,82,19,21,19,13,7
5.74194,70,19,19,12,6,4
5.6129,74,19,4,7,4,6
5.29032,84,19,14,6,22,6,19
6.83871,98,19,1,7,21,9
5.29032,84,19,2,7,20
3.6129,74,19,6,11
5.80645,68,19,14,6,8
10.7742,100,19,1,8,10,9,16,12
5.93548,64,19,12,12,19,8,13
6,62,19,8,6,21
5.6129,74,19,2,13,14
9.54839,76,19,12,21,14,1,16
8.77419,100,19,7,22,8,1,13
3.80645,68,19,13,22
5.6129,74,19,5,18,12
5.54839,76,19,4,4,13,18
5.74194,70,19,19,8,7,5
6.83871,98,19,3,8,13,17
5.80645,68,19,7,19,20,12
5.16129,88,19,19,2,15,20
5.93548,64,19,8,19,12,17
5.03226,92,19,2,12,5
6.64516,104,19,21,14,2,10
3.87097,66,19,4,18
7.93548,64,19,18,12,8,15
4.77419,100,19,13,12,5
3.54839,76,19,18,4,19
9.48387,78,19,19,11,1,21,15,12
5.6129,74,19,14,9,7
5.29032,84,19,3,3,13,8
5.22581,86,19,6,14,17
7.74194,70,19,14,9,10,8
9.03226,92,19,1,14,7,18,4
5.29032,84,19,10,3,2
5.35484,82,19,20,4,7
7.54839,76,19,15,14,22,5
5.54839,76,19,11,17,15
4.58065,106,19,12,6,5
7.48387,78,19,11,15,22,13
5.16129,88,19,1,17,6
4.96774,94,19,18,16,13
3.74194,70,19,20,1
4.64516,104,19,1,6,16
5.67742,72,19,12,1,7
4.45161,110,19,7,5,6
6,62,19,11,18,17
3.35484,82,19,2,9
6.45161,110,19,13,4,2,9
5.6129,74,19,15,16,7
5.74194,70,19,13,4,14
5.6129,74,19,22,9,8
4,62,19,9,12
5.29032,84,19,3,17,6
3.67742,72,19,17,1
5.22581,86,19,20,14,6
5.6129,74,19,7,19,5,17
6.32258,114,19,5,19,21,4,16
2.3871,112,19,5,19,6,5
5.67742,72,19,12,15,10
5.22581,86,19,10,1,4
7.6129,74,19,7,7,2,13,6
3.80645,68,19,10,21
5.22581,86,19,12,9,14
3.93548,64,19,5,14
5.54839,76,19,22,10,17
3.67742,72,19,13,19,4
5.87097,66,19,12,8,8,5
3.35484,82,19,6,10
5.54839,76,19,21,3,2,21
6,62,19,8,6,13
4.83871,98,19,20,21,5
5.16129,88,19,1,4,3
5.48387,78,19,7,5,1
7.48387,78,19,19,19,21,15,17,4
5.35484,82,19,12,6,17
5.6129,74,19,7,17,13
7.93548,64,19,1,3,21,12
5.80645,68,19,8,7,10
5.87097,66,19,16,22,14
2.96774,94,19,4,5
5.80645,68,19,4,19,12,18
7.87097,66,19,21,3,12,11
5.80645,68,19,22,22,19,6,13
7.93548,64,19,5,9,16,9,15
5.41935,80,19,2,4,18
4.64516,104,19,12,6,10
7.80645,68,19,12,8,16,10
6,62,19,12,8,9
3.87097,66,19,4,18
6.96774,94,19,22,5,9,7
7.54839,76,19,15,18,9,17
7.54839,76,19,12,12,21,22,3
5.80645,68,19,17,7,12
4.70968,102,19,1,17,20
7.54839,76,19,19,8,18,1,19,21
5.87097,66,19,4,2,21
4.77419,100,19,11,5,4
6,62,19,8,1,17
8,62,19,15,19,1,7,1,7,22
3.54839,76,19,4,1
4.90323,96,19,10,22,5
9.29032,84,19,8,15,1,11,10
8.3871,112,19,18,19,14,16,10,2
5.22581,86,19,16,7,11
5.41935,80,19,9,14,6
5.74194,70,19,16,8,18,19
3.41935,80,19,9,4
7.87097,66,19,15,12,8,18
5.54839,76,19,6,17,15
5.80645,68,19,18,9,9,18,18,2
7.93548,64,19,7,7,14,2,2,20
4,62,19,20,15
4,62,19,20,7
4.90323,96,19,17,16,12
3.93548,64,19,17,8
5.74194,70,19,16,18,17
3.35484,82,19,13,1
3.41935,80,19,10,17,19
4.77419,100,19,3,4,9
3.87097,66,19,4,18
7.67742,72,19,15,6,6,7,4
5.48387,78,19,7,13,3
3.80645,68,19,10,12
5.22581,86,19,3,10,7
4.51613,108,19,20,20,4,20,16
7.6129,74,19,9,18,14,1
5.74194,70,19,3,20,22
7.16129,88,19,4,21,15,1
3.48387,78,19,13,17
5.87097,66,19,5,16,3
7.67742,72,19,11,20,2,4
5.16129,88,19,19,2,2,15,20
7.54839,76,19,3,11,7,8
5.29032,84,19,22,12,10
5.6129,74,19,9,22,22,6
9.6129,74,19,18,12,15,14,3
5.93548,64,19,17,17,18,22
5.09677,90,19,20,3,9
3.87097,66,19,2,6
7.87097,66,19,14,8,19,18,20
3.41935,80,19,5,6
4,62,19,5,15
7.67742,72,19,3,10,3,19,14,22
7.29032,84,19,1,16,8,9
7.29032,84,19,7,11,1,22
7.35484,82,19,18,22,2,22,10
5.74194,70,19,22,6,12
6.19355,118,19,7,10,5,4
6.83871,98,19,2,20,21,9
5.6129,74,19,9,8,22
5.03226,92,19,6,18,2
3.35484,82,19,10,2
3.87097,66,19,20,18
6.64516,104,19,22,15,2,10
5.93548,64,19,7,13,12
3.93548,64,19,20,22
5.80645,68,19,7,9,1
7.74194,70,19,18,8,17,8,11
5.22581,86,19,21,1,17
3.29032,84,19,20,9
5.48387,78,19,14,17,3
3.54839,76,19,16,4
5.16129,88,19,4,2,17
5.48387,78,19,8,10,21
5.41935,80,19,21,13,1
3.80645,68,19,6,6,12
4.64516,104,19,13,2,5
5.22581,86,19,17,19,10,15
7.54839,76,19,17,7,15,4
5.22581,86,19,8,16,4
3.54839,76,19,19,16,4
8.70968,102,19,16,17,16,9,5,5,12
3.6129,74,19,15,20,19
5.74194,70,19,5,16,7
5.35484,82,19,21,2,2,16
5.35484,82,19,15,13,11
5.41935,80,19,5,1,22
5.67742,72,19,8,2,6
3.6129,74,19,6,11
7.80645,68,19,21,22,7,16
5.93548,64,19,17,22,8
5.93548,64,19,8,8,7,16
3.35484,82,19,13,1
7.35484,82,19,7,18,10,11
6,62,19,2,14,18
5.67742,72,19,1,17,22
5.09677,90,19,1,10,2
4.90323,96,19,17,6,20
7.54839,76,19,18,3,21,11
7.67742,72,19,12,1,11,21
5.80645,68,19,8,17,21
3.41935,80,19,10,17,19
5.22581,86,19,16,3,5
4.96774,94,19,7,9,9,21
5.29032,84,19,1,6,14
3.67742,72,19,5,12
7.87097,66,19,18,9,16,15
7.48387,78,19,3,16,9,22
7.03226,92,19,21,14,13,8
6.96774,94,19,9,19,12,3,17
3.41935,80,19,9,4
3.6129,74,19,19,9,2
5.93548,64,19,2,20,4
5.80645,68,19,20,2,22
3.03226,92,19,4,10
9.67742,72,19,3,19,12,21,22,17
3.41935,80,19,10,10,17,19
5.41935,80,19,9,15,1
5.48387,78,19,4,2,15
5.74194,70,19,1,8,1,17
5.6129,74,19,16,18,6
5.16129,88,19,2,12,16
11.5484,76,19,7,22,18,14,12,1
5.80645,68,19,11,20,11,16
8,62,19,3,15,21,7
5.93548,64,19,7,13,12
3.09677,90,19,5,13
5.6129,74,19,4,7,7,17
5.35484,82,19,10,17,9
5.6129,74,19,9,5,12
5.41935,80,19,16,21,6
3.80645,68,19,4,8
6,62,19,16,9,12
6.19355,118,19,11,21,4,5
3.09677,90,19,5,13
5.6129,74,19,22,6,20
5.41935,80,19,2,13,18
5.93548,64,19,21,19,6,7
3.74194,70,19,19,17,3
5.03226,92,19,9,17,2
4,62,19,16,12
9.41935,80,19,18,22,14,8,4
6.96774,94,19,15,21,6,5
5.6129,74,19,12,4,8
3.67742,72,19,6,20
5.93548,64,19,15,8,20
3.35484,82,19,5,2
3.6129,74,19,20,6
4.96774,94,19,8,10,4
5.29032,84,19,1,4,14
3.93548,64,19,2,18
5.09677,90,19,1,13,22
8.96774,94,19,14,7,2,20,6
6,62,19,11,14,13
6,62,19,21,8,21,8,2
5.03226,92,19,18,8,4,19
5.6129,74,19,11,5,15
4.58065,106,19,2,13,13,10
7.29032,84,19,17,9,16,8
4.90323,96,19,9,22,9,21
7.09677,90,19,20,2,13,18
3.35484,82,19,16,16,13
5.93548,64,19,11,16,15
5.87097,66,19,7,3,21
5.93548,64,19,5,9,3
7.67742,72,19,21,20,14,15
7.35484,82,19,11,8,5,10,11
5.54839,76,19,8,22,12,8
3.16129,88,19,10,13
5.35484,82,19,17,6,14
5.16129,88,19,6,17,5
7.35484,82,19,9,1,3,4
5.67742,72,19,22,20,3
5.29032,84,19,20,4,22
5.6129,74,19,6,15,12
4.96774,94,19,5,11,6
9.48387,78,19,18,21,8,3,9
4.77419,100,19,11,19,20,9
5.35484,82,19,7,5,11
7.09677,90,19,1,9,3,9,14
5.87097,66,19,12,3,15,15,19
3.6129,74,19,4,11
5.80645,68,19,16,21,14
3.29032,84,19,20,16
2.77419,100,19,13,5
5.54839,76,19,7,19,7,13,22
5.67742,72,19,4,22,17
4,62,19,10,8,19
3.29032,84,19,20,9
5.87097,66,19,10,18,7
3.87097,66,19,6,2
3.87097,66,19,6,8
5.80645,68,19,5,17,22
5.41935,80,19,1,13,6
7.29032,84,19,11,15,18,4
8,62,19,22,7,9,5
5.80645,68,19,18,4,14
5.6129,74,19,16,11,2
4.96774,94,19,3,17,12
5.35484,82,19,22,16,21
5.54839,76,19,10,8,7
3.6129,74,19,13,18
5.29032,84,19,2,3,7
5.67742,72,19,15,15,20,8
3.93548,64,19,14,17,19
5.6129,74,19,19,9,8,1,9
6.83871,98,19,12,18,1,6
3.80645,68,19,10,21
5.93548,64,19,1,16,3
3.87097,66,19,20,18
5.80645,68,19,6,21,4
5.29032,84,19,4,20,14
7.67742,72,19,1,15,7,4
7.22581,86,19,19,11,21,21,22,20
6.90323,96,19,12,4,6,6,3
4.83871,98,19,19,12,10,7
5.80645,68,19,10,17,7
7.48387,78,19,17,7,6,22
5.22581,86,19,11,4,3
5.03226,92,19,1,6,2
5.74194,70,19,5,10,11,19
3.67742,72,19,6,20
4.51613,108,19,12,16,20
3.67742,72,19,6,3
3.87097,66,19,20,11
5.93548,64,19,11,16,15
4.3871,112,19,16,3,16,13
4.96774,94,19,8,5,20
4,62,19,21,5
3.87097,66,19,20,8
5.35484,82,19,21,10,21,17
5.80645,68,19,19,6,21,2
2.77419,100,19,13,5
5.54839,76,19,16,21,2
5.80645,68,19,12,19,17,19,16
3.67742,72,19,16,2
5.93548,64,19,1,18,9
4.96774,94,19,19,13,12,9
5.54839,76,19,7,8,17
3.74194,70,19,13,3
3.29032,84,19,5,20
3.74194,70,19,13,3
7.16129,88,19,19,11,22,18,6
6.64516,104,19,8,7,2,9
7.16129,88,19,12,9,10,8
4.83871,98,19,22,9,2
8.12903,120,19,7,2,13,4,5
6,62,19,17,10,16
5.48387,78,19,14,14,13,17
8,62,19,12,21,15,8
3.22581,86,19,2,5
3.6129,74,19,20,6
4,62,19,12,5
5.41935,80,19,1,4,12
6,62,19,2,21,12
4,62,19,9,12
3.54839,76,19,16,16,4
7.93548,64,19,8,14,7,16
7.29032,84,19,12,22,21,11
5.48387,78,19,22,8,13
5.29032,84,19,10,8,5
7.22581,86,19,21,16,16,9,14
7.29032,84,19,7,17,21,11
3.35484,82,19,10,2
7.6129,74,19,12,3,4,21
9.54839,76,19,14,11,8,18,6
7.74194,70,19,18,21,15,5
4,62,19,5,15
5.87097,66,19,13,4,12
3.35484,82,19,6,6,10
5.6129,74,19,6,22,8
3.35484,82,19,2,16
4.83871,98,19,20,13,1
5.03226,92,19,9,17,12
5.29032,84,19,5,11,22
2.77419,100,19,13,5
4.83871,98,19,13,4,16
5.48387,78,19,8,6,12
7.41935,80,19,3,2,4,4,22
5.54839,76,19,21,6,20
6,62,19,21,1,5
7.74194,70,19,3,14,11,21
5.6129,74,19,1,2,7
5.41935,80,19,7,9,8
5.29032,84,19,1,2,6
4.77419,100,19,18,5,4
6,62,19,12,18,6
5.35484,82,19,16,3,22
5.6129,74,19,16,17,21
5.87097,66,19,18,4,7
3.29032,84,19,7,19,13,7
5.67742,72,19,2,13,7
5.87097,66,19,8,20,14
7.54839,76,19,1,16,11,18
5.48387,78,19,4,12,15
5.67742,72,19,5,19,12,22
3.80645,68,19,21,20,19
5.54839,76,19,18,11,17
3.87097,66,19,20,8
5.35484,82,19,21,16,15
5.29032,84,19,2,7,13
3.80645,68,19,10,12
3.16129,88,19,4,16
3.16129,88,19,10,13
5.87097,66,19,1,2,21
3.03226,92,19,11,13,19
5.93548,64,19,9,8,18
5.93548,64,19,2,15,22
7.22581,86,19,12,14,4,3
3.80645,68,19,18,5,19
7.48387,78,19,7,21,2,18
5.41935,80,19,22,14,11,22
3.6129,74,19,6,1
3.67742,72,19,9,6
3.67742,72,19,9,9,6
3.09677,90,19,5,13
4.77419,100,19,22,10,6
5.54839,76,19,22,3,4
5.80645,68,19,5,8,8,1
5.67742,72,19,12,7,11
5.03226,92,19,17,5,22
7.54839,76,19,3,8,20,4
5.41935,80,19,20,19,11,7
5.93548,64,19,15,12,21,19
5.35484,82,19,6,22,9
5.80645,68,19,16,16,18,1
5.35484,82,19,20,13,13,7
9.87097,66,19,11,3,3,8,12,20
5.93548,64,19,4,21,22
7.41936,80,19,16,9,8,9,3
7.54839,76,19,3,15,18,6
5.6129,74,19,20,3,1
3.93548,64,19,4,3
4.51613,108,19,3,13,5
5.80645,68,19,5,8,1
5.35484,82,19,7,19,21,3,7
5.54839,76,19,16,22,22,2
3.80645,68,19,4,8
5.35484,82,19,2,13,11
5.54839,76,19,19,7,1,15
3.80645,68,19,16,6
3.54839,76,19,10,6
7.29032,84,19,11,21,15,13
5.67742,72,19,6,18,7
3.93548,64,19,19,1,5,19
3.09677,90,19,20,10
7.80645,68,19,21,22,8,18
5.93548,64,19,18,16,3
4.64516,104,19,13,4,5
3.67742,72,19,16,20
5.29032,84,19,7,9,14
3.67742,72,19,17,11
8,62,19,18,16,1,8
3.74194,70,19,17,20
5.87097,66,19,19,21,4,8
7.54839,76,19,21,7,21,6,18
5.93548,64,19,21,6,18
3.87097,66,19,2,1
9.22581,86,19,8,18,8,1,9,21
5.93548,64,19,11,18,9
5.09677,90,19,16,17,13
3.35484,82,19,16,13
5.41935,80,19,16,22,20
5.6129,74,19,18,5,3
3.74194,70,19,13,15
5.54839,76,19,9,7,17
3.93548,64,19,9,21
3.87097,66,19,19,4,21,19
5.6129,74,19,6,15,12
3.41935,80,19,9,4
3.93548,64,19,9,21
6,62,19,6,19,8,7
5.48387,78,19,22,12,6
7.54839,76,19,15,1,11,20
5.93548,64,19,8,19,7,10
3.54839,76,19,13,11
5.35484,82,19,11,9,6
6.51613,108,19,12,3,9,2
6.32258,114,19,14,7,9,4
3.74194,70,19,13,3
5.80645,68,19,14,14,11,17
3.80645,68,19,5,7
6,62,19,22,6,17
4.51613,108,19,13,20,16
5.35484,82,19,17,14,20
7.22581,86,19,1,14,2,15
5.48387,78,19,12,10,1
5.87097,66,19,16,3,1
5.41935,80,19,11,2,11,20
5.87097,66,19,17,19,3,2
4,62,19,5,15
5.16129,88,19,1,5,6
5.35484,82,19,12,16,8
6.70968,102,19,12,7,17,11
6,62,19,18,11,7
5.74194,70,19,8,6,8,10
7.87097,66,19,15,19,8,8,8,19,18,13
5.87097,66,19,4,21,18
7.48387,78,19,18,3,18,6,13
8,62,19,22,19,21,15,6
5.41935,80,19,19,9,1,6
7.22581,86,19,12,22,17,9
7.35484,82,19,7,15,2,15,10
8.25806,116,19,14,15,22,13,10
3.93548,64,19,17,8
2.96774,94,19,13,9
5.74194,70,19,15,1,7
5.93548,64,19,15,16,18
7.48387,78,19,14,6,4,15
9.54839,76,19,12,13,4,21,21,20
5.03226,92,19,5,8,6
3.80645,68,19,6,12
4.77419,100,19,14,5,20
5.48387,78,19,21,6,1
5.6129,74,19,11,12,17
3.29032,84,19,20,16
9.03226,92,19,22,7,14,11,6
3.35484,82,19,13,1
3.35484,82,19,2,9
3.74194,70,19,13,15
7.74194,70,19,14,12,13,15
6,62,19,10,9,22
6.58065,106,19,5,19,9,10,6
5.74194,70,19,3,18,13
7.48387,78,19,14,22,13,22,8
6.64516,104,19,18,1,16,4
4.83871,98,19,21,19,2,9
5.74194,70,19,10,18,21
5.80645,68,19,11,7,7,8
5.74194,70,19,5,19,18,20
3.67742,72,19,6,20
7.22581,86,19,9,10,5,19,17
9.6129,74,19,19,3,21,22,18,8
4.90323,96,19,19,4,12,4,11
5.80645,68,19,12,1,14,19
5.74194,70,19,11,9,18,19
5.87097,66,19,3,7,2
5.22581,86,19,10,22,22,2
3.80645,68,19,16,6
7.48387,78,19,8,11,2,15
2.96774,94,19,13,9
6,62,19,8,10,17
4.83871,98,19,21,13,5
5.29032,84,19,1,3,15,1
5.29032,84,19,3,16,12
7.35484,82,19,22,21,17,16
7.80645,68,19,14,1,11,13
5.93548,64,19,22,11,14
3.67742,72,19,17,11
5.29032,84,19,6,15,13
5.74194,70,19,9,11,15
5.6129,74,19,8,13,7
3.41935,80,19,6,9
4.58065,106,19,7,10,6
9.22581,86,19,8,12,8,18,7,16
8,62,19,17,19,1,8,14
3.48387,78,19,6,16
5.41935,80,19,10,8,9
5.29032,84,19,1,6,14
5.80645,68,19,22,1,5
5.67742,72,19,20,12,4
5.16129,88,19,19,12,10,8
3.6129,74,19,20,6
5.29032,84,19,16,10,19,5
4.90323,96,19,17,6,20
5.16129,88,19,7,5,8
3.6129,74,19,9,2
5.87097,66,19,22,22,3,18
3.93548,64,19,17,4
3.54839,76,19,20,17
4.83871,98,19,9,7,10
7.6129,74,19,14,2,12,22
3.54839,76,19,13,8
5.41935,80,19,22,11,20
5.6129,74,19,20,14,3
7.35484,82,19,19,11,14,7,9
5.93548,64,19,15,4,7
5.22581,86,19,20,12,3,20
7.80645,68,19,11,15,18,18,12
5.80645,68,19,15,3,16
6,62,19,7,1,3
4.32258,114,19,7,10,4
5.48387,78,19,19,14,5,3
5.29032,84,19,17,16,15
4.90323,96,19,15,2,10
5.74194,70,19,22,1,18
7.74194,70,19,14,21,2,17
5.87097,66,19,17,18,8
4.58065,106,19,6,14,6,9
5.41935,80,19,16,8,4
5.48387,78,19,14,5,3
7.74194,70,19,7,1,7,22,6
6,62,19,3,9,11
5.74194,70,19,13,19,15,8
9.16129,88,19,3,21,22,7,22,5
3.67742,72,19,9,6
9.41936,80,19,11,18,15,22,13
8.90323,96,19,15,22,17,5,7
5.67742,72,19,19,3,5,11
7.03226,92,19,21,8,15,8,21,9
3.93548,64,19,6,19,2
7.80645,68,19,11,16,8,14
6,62,19,2,21,12
5.67742,72,19,17,15,9
5.6129,74,19,19,6,14,11
3.35484,82,19,2,4,19
7.35484,82,19,12,3,15,1
4.77419,100,19,13,4,9
5.09677,90,19,4,20,18
5.54839,76,19,16,18,5
3.87097,66,19,5,8,19
3.93548,64,19,2,18
3.80645,68,19,13,14
5.22581,86,19,10,1,6
3.80645,68,19,10,21
5.09677,90,19,5,18,2
5.03226,92,19,18,20,16
5.67742,72,19,2,14,11
7.48387,78,19,12,15,12,19,11,11,19,16
3.93548,64,19,19,9,21
5.74194,70,19,7,20,4
5.09677,90,19,2,22,9
6,62,19,11,18,16
3.09677,90,19,4,9
7.93548,64,19,15,22,6,21,15
3.29032,84,19,10,4
7.93548,64,19,1,8,7,17
9.22581,86,19,22,7,16,9,14
7.80645,68,19,12,21,21,11,3
5.09677,90,19,5,11,13
5.67742,72,19,2,7,6
3.67742,72,19,16,2
3.6129,74,19,13,18
7.6129,74,19,16,16,19,15,7,9
5.80645,68,19,3,4,7
5.48387,78,19,19,15,9,12
4.32258,114,19,17,9,9,9,4
3.67742,72,19,17,11
7.41935,80,19,20,2,4,4,12
4,62,19,9,12
5.54839,76,19,4,19,16,11
5.48387,78,19,3,4,8
3.80645,68,19,13,14
7.87097,66,19,8,18,21,18,6
5.03226,92,19,8,10,20
5.48387,78,19,12,10,1
5.41935,80,19,1,5,12
3.16129,88,19,5,4
3.87097,66,19,3,16,19
5.6129,74,19,19,2,13,14
7.16129,88,19,21,18,6,17
5.80645,68,19,19,10,1,12
7.54839,76,19,7,18,12,3,18
3.87097,66,19,6,8
5.03226,92,19,2,12,5
7.41935,80,19,15,22,11,2
6.51613,108,19,12,4,13,10
4.96774,94,19,4,20,1
5.6129,74,19,11,7,3
3.67742,72,19,9,6
3.29032,84,19,6,5
5.6129,74,19,18,6,18,21,6
4,62,19,20,7
7.41935,80,19,21,6,7,20
7.87097,66,19,15,8,14,6
3.29032,84,19,20,16
3.16129,88,19,2,10
3.6129,74,19,6,11
5.35484,82,19,1,22,10
5.22581,86,19,10,3,15
4.96774,94,19,10,11,3,10
7.74194,70,19,15,19,11,12,4
9.67742,72,19,10,19,3,8,14,8,12
5.54839,76,19,14,13,8
3.6129,74,19,6,11
6.96774,94,19,16,10,18,13
8.90323,96,19,12,14,18,17,8
3.41935,80,19,5,6
4,62,19,19,19,19,20,7
3.41935,80,19,5,6
7.93548,64,19,22,7,22,6,14
7.22581,86,19,14,21,1,13
5.87097,66,19,8,4,20
3.54839,76,19,4,22,19
2.77419,100,19,13,5
5.74194,70,19,17,14,7
3.87097,66,19,17,12
3.16129,88,19,4,16
5.80645,68,19,10,19,7,4
5.16129,88,19,10,14,17
5.80645,68,19,11,10,18
2.83871,98,19,13,16
3.48387,78,19,13,17
7.03226,92,19,7,18,17,12
4.90323,96,19,17,18,17,1
7.48387,78,19,17,19,14,7,13
8,62,19,14,18,1,21
3.35484,82,19,6,10
5.74194,70,19,9,19,22,20
5.74194,70,19,11,7,7,7,2
5.35484,82,19,22,6,9
6,62,19,19,22,12,11
3.80645,68,19,10,21
9.29032,84,19,19,3,22,15,15,21,1
3.80645,68,19,4,4,14,19
5.03226,92,19,17,5,22
8.77419,100,19,18,11,1,12,16
7.29032,84,19,11,8,22,10
7.29032,84,19,15,17,6,18
5.6129,74,19,12,6,13
3.22581,86,19,2,5
3.80645,68,19,13,14
4.51613,108,19,15,5,13
7.74194,70,19,15,19,16,10,10,18
6.77419,100,19,22,21,6,10
5.41935,80,19,16,22,20
5.80645,68,19,21,8,19,17
8,62,19,18,15,19,11,14
7.29032,84,19,21,8,15,10
6,62,19,3,19,6,4
7.48387,78,19,18,17,22,1
5.6129,74,19,12,6,21
3.74194,70,19,19,19,20,1
5.67742,72,19,2,15,14
7.48387,78,19,7,21,18,20
5.29032,84,19,5,11,2
5.67742,72,19,7,20,14
7.29032,84,19,15,7,5,17
6.51613,108,19,3,14,3,16,16,2
5.6129,74,19,11,13,20
4.70968,102,19,1,17,3
3.87097,66,19,17,12
5.93548,64,19,10,8,11
5.03226,92,19,1,8,20,19
3.87097,66,19,2,6
5.41935,80,19,7,12,17
3.74194,70,19,4,17
3.87097,66,19,20,18
5.22581,86,19,21,19,4,17
7.29032,84,19,3,15,14,15,13
7.41935,80,19,19,11,21,14,13
5.67742,72,19,22,20,14
7.41935,80,19,7,7,6,4,3
5.93548,64,19,1,9,11,19
5.87097,66,19,7,14,10
3.16129,88,19,4,16
6.64516,104,19,21,15,9,2
5.74194,70,19,18,17,8
5.29032,84,19,18,9,6
5.80645,68,19,12,13,15
5.16129,88,19,10,11,13
5.09677,90,19,10,3,9
3.6129,74,19,13,18
5.87097,66,19,5,18,15
3.09677,90,19,20,5
3.74194,70,19,13,15
4.96774,94,19,10,16,13
7.29032,84,19,5,10,17,6
5.74194,70,19,11,7,4
3.80645,68,19,4,8
9.16129,88,19,8,15,7,2,11
5.16129,88,19,8,17,11
5.35484,82,19,9,14,17
3.09677,90,19,4,9
4,62,19,12,5
3.87097,66,19,13,7
5.93548,64,19,15,2,3
3.6129,74,19,4,11
5.41935,80,19,2,7,4
3.6129,74,19,20,6
3.6129,74,19,9,2
5.41935,80,19,10,1,20
3.35484,82,19,13,1
6,62,19,5,1,3
6,62,19,10,1,14
6,62,19,18,11,7
3.41935,80,19,5,6
5.80645,68,19,3,15,4
3.6129,74,19,4,11
3.74194,70,19,20,1
5.35484,82,19,5,9,6
5.41935,80,19,18,10,12
3.87097,66,19,2,1
5.74194,70,19,15,11,7
3.48387,78,19,13,17
7.6129,74,19,19,14,5,10,8
5.22581,86,19,7,11,13
5.67742,72,19,6,7,2
5.35484,82,19,16,16,22,1
9.35484,82,19,8,3,19,14,3,12,15
3.87097,66,19,20,18
4.70968,102,19,4,6,5
5.09677,90,19,15,16,2
3.54839,76,19,10,6
3.74194,70,19,13,3
5.93548,64,19,11,15,15,8
5.29032,84,19,22,13,8
5.80645,68,19,19,3,4,20
9.80645,68,19,18,15,11,1,10
7.41935,80,19,3,11,15,9
7.87097,66,19,4,19,18,8,14
5.80645,68,19,6,21,8
6.90323,96,19,8,17,7,9
3.67742,72,19,9,6
7.22581,86,19,13,4,21,1
5.09677,90,19,20,3,3,4
5.87097,66,19,18,12,16
9.6129,74,19,12,14,21,18,3
3.80645,68,19,19,6,12
5.80645,68,19,6,19,11,12
3.80645,68,19,13,14
6,62,19,19,11,18,17
5.03226,92,19,1,13,3
5.16129,88,19,17,22,19,6
5.6129,74,19,19,7,14,19,4
5.80645,68,19,21,17,14
3.35484,82,19,6,10
3.6129,74,19,6,1
3.80645,68,19,13,14
5.29032,84,19,3,5,22
6.58065,106,19,22,18,10,6
3.74194,70,19,4,17
3.35484,82,19,2,9
7.67742,72,19,1,22,15,6
5.74194,70,19,15,1,7
5.22581,86,19,20,14,6
7.6129,74,19,18,15,17,13
5.74194,70,19,2,22,17
5.93548,64,19,9,1,21
4.96774,94,19,15,4,16
7.22581,86,19,9,1,11,17
7.93548,64,19,14,6,21,15
5.09677,90,19,11,10,6
5.41935,80,19,9,18,5
5.35484,82,19,4,7,2
3.29032,84,19,6,5
5.93548,64,19,15,13,21
3.93548,64,19,10,7
9.74194,70,19,8,11,22,7,6
5.29032,84,19,3,17,16
5.6129,74,19,19,3,19,4,22
6,62,19,21,2,8
4.90323,96,19,12,13,16
5.54839,76,19,3,10,18
6,62,19,7,18,4
3.93548,64,19,5,22
3.67742,72,19,16,2
3.67742,72,19,9,6
5.87097,66,19,7,8,9
5.41936,80,19,16,7,7,4
5.29032,84,19,2,22,12
3.93548,64,19,4,3
3.74194,70,19,4,17
3.93548,64,19,4,3
7.29032,84,19,16,14,8,22
6,62,19,10,1,14
3.16129,88,19,4,16
7.87097,66,19,21,4,14,8
5.87097,66,19,21,2,6
5.87097,66,19,2,3,11
4.96774,94,19,12,6,20
3.74194,70,19,20,1
7.67742,72,19,18,9,16,7
3.87097,66,19,20,11
5.09677,90,19,1,10,20
5.87097,66,19,12,18,20
5.93548,64,19,1,16,3
