7.6129,74,16,19,15,22,5
3.6129,74,16,2,3
4.51613,108,16,22,20,9
5.48387,78,16,19,17,14
3.93548,64,16,14,16,7
3.74194,70,16,4,21
3.6129,74,16,7,5
5.87097,66,16,12,8,14
5.41935,80,16,18,13,6
3.74194,70,16,2,16,11
7.54839,76,16,19,18,3,2
5.22581,86,16,18,6,2
7.41935,80,16,9,18,17,5
3.93548,64,16,22,18,16
3.03226,92,16,13,15
8,62,16,5,15,19,8
3.41935,80,16,2,8
5.48387,78,16,18,11,22
3.93548,64,16,22,5
5.09677,90,16,15,2,6
5.03226,92,16,8,20,1
4.3871,112,16,18,20,10
4.83871,98,16,12,11,13
5.03226,92,16,18,13,3
4,62,16,22,10
4.58065,106,16,8,5,6
3.87097,66,16,6,13
5.74194,70,16,22,19,22,4
2.90323,96,16,6,10
5.16129,88,16,21,2,6
7.03226,92,16,18,18,12,11,22
5.74194,70,16,19,11,22
5.80645,68,16,9,10,13
3.6129,74,16,2,14
4,62,16,6,4
3.29032,84,16,20,19
3.74194,70,16,10,13
6.64516,104,16,18,14,13,1
7.48387,78,16,1,19,15,13
4,62,16,21,16,8
3.48387,78,16,14,14,7,16
3.93548,64,16,14,10
4,62,16,2,2,13
3.6129,74,16,20,4
7.03226,92,16,10,18,21,21,9
3.35484,82,16,2,11
3.22581,86,16,20,1
5.6129,74,16,5,15,13
3.6129,74,16,16,6,18
2.77419,100,16,19,6,16
4,62,16,9,3,16
3.74194,70,16,12,16,3
3.80645,68,16,5,4
4.90323,96,16,8,17,4
5.35484,82,16,8,8,8,4,20
8,62,16,16,8,10,9,5
2.58065,106,16,3,3,20,16
7.6129,74,16,11,12,19,21
3.87097,66,16,20,12
5.54839,76,16,17,15,13
7.80645,68,16,11,11,1,7,14
7.93548,64,16,18,16,19,8,1
2.58065,106,16,20,5
5.80645,68,16,19,22,13
3.6129,74,16,7,5
2.90323,96,16,2,16,6
3.87097,66,16,14,5
5.6129,74,16,8,7,13
6.83871,98,16,19,11,1,19,16,16,12
3.41935,80,16,6,8
4,62,16,21,17
6,62,16,14,4,13
4.51613,108,16,9,2,9,13
6,62,16,19,7,8
5.35484,82,16,16,7,16,18,17
3.48387,78,16,20,15
7.93548,64,16,10,19,18,3
3.6129,74,16,2,14
4,62,16,3,1,16
7.6129,74,16,18,12,3,2
4.90323,96,16,8,8,20,6
3.74194,70,16,5,13
6,62,16,5,8,22
5.16129,88,16,18,20,18,2
6,62,16,10,17,14
3.48387,78,16,13,12
4.45161,110,16,15,10,6
4,62,16,1,13
5.74194,70,16,18,3,15
5.87097,66,16,17,17,21,12
3.67742,72,16,6,14
6.32258,114,16,18,19,9,13
7.41935,80,16,14,7,22,9
3.16129,88,16,2,17
5.54839,76,16,1,2,7
3.6129,74,16,14,22,16
3.87097,66,16,2,4
3.48387,78,16,21,9
2.83871,98,16,6,5
5.16129,88,16,3,7,1
3.29032,84,16,12,5
6,62,16,11,14,20
5.48387,78,16,18,6,14
3.67742,72,16,13,2
3.67742,72,16,17,1
4.96774,94,16,15,11,13
3.87097,66,16,6,13
3.48387,78,16,21,9
4.83871,98,16,21,6,20
6,62,16,16,7,7,21,19
7.35484,82,16,22,21,4,20
3.22581,86,16,4,18
10,62,16,10,18,14,8,14,12
7.80645,68,16,3,8,21,4
3.41935,80,16,4,14
6,62,16,19,17,22
7.35484,82,16,17,16,5,1,21
5.6129,74,16,10,7,3
6,62,16,5,3,21
3.41935,80,16,21,10
2.90323,96,16,13,18
4.96774,94,16,1,6,2
3.48387,78,16,12,17
3.87097,66,16,6,15
5.54839,76,16,5,7,3
3.41935,80,16,4,22
3.93548,64,16,16,7,7,11
5.22581,86,16,19,9,21
2.90323,96,16,13,18
5.74194,70,16,8,2,12
5.6129,74,16,1,3,17
7.67742,72,16,19,15,18,5
5.03226,92,16,15,4,17
5.35484,82,16,15,18,3,15
5.93548,64,16,5,1,20
7.48387,78,16,19,21,22,4
6.77419,100,16,15,8,1,6
3.74194,70,16,4,6
3.74194,70,16,7,9
5.87097,66,16,19,3,1,19
5.22581,86,16,19,16,11,17
5.16129,88,16,15,6,6,3
5.41935,80,16,15,13,20
5.29032,84,16,3,20,15
3.54839,76,16,4,12
2.06452,122,16,13,10
5.48387,78,16,1,7,11
3.67742,72,16,17,11
3.35484,82,16,6,12
3.35484,82,16,12,10
3.35484,82,16,2,18
5.80645,68,16,21,21,3,12
5.87097,66,16,7,7,17,15
4,62,16,21,17
3.09677,90,16,13,16,13,22
7.74194,70,16,17,7,15,12
9.87097,66,16,22,15,14,14,12,3
4.96774,94,16,9,13,18
7.22581,86,16,14,22,22,21,1
4,62,16,3,13
5.67742,72,16,15,15,17,19
7.09677,90,16,9,19,10,7
4.77419,100,16,18,13,17
5.29032,84,16,17,18,2
5.80645,68,16,17,14,12
5.03226,92,16,15,16,22,5
7.93548,64,16,9,14,15,8
5.87097,66,16,11,14,9
5.16129,88,16,22,16,8,17
4.96774,94,16,18,3,12,16
5.87097,66,16,16,19,8,17
5.48387,78,16,22,11,9
3.74194,70,16,17,3
4.25806,116,16,17,5,4
2.64516,104,16,2,5
5.67742,72,16,15,17,6
3.16129,88,16,13,7
7.09677,90,16,8,21,19,4
3.16129,88,16,4,19
4,62,16,6,6,4
4.58065,106,16,18,5,6
5.87097,66,16,16,5,10,20
2.51613,108,16,2,20,16
3.16129,88,16,13,7
7.67742,72,16,5,5,14,3,19
3.6129,74,16,6,18
3.35484,82,16,20,18
5.6129,74,16,15,19,4
6.90323,96,16,17,21,14,5
2.77419,100,16,2,9
5.93548,64,16,19,18,2
3.48387,78,16,20,7
5.87097,66,16,1,12,7
5.35484,82,16,8,21,10
5.03226,92,16,15,15,20,1
7.16129,88,16,16,14,8,7,13
3.93548,64,16,5,20
5.74194,70,16,5,5,12,19
3.09677,90,16,13,13,16,3
5.16129,88,16,19,6,2
5.22581,86,16,16,21,2,18
5.03226,92,16,9,9,18,16,12
5.93548,64,16,22,17,18
4.83871,98,16,12,11,13
5.87097,66,16,9,8,13
5.74194,70,16,14,15,4
3.54839,76,16,12,6
7.87097,66,16,10,1,15,15,19
5.16129,88,16,15,6,6,20
6,62,16,9,15,13
5.87097,66,16,8,18,6
3.35484,82,16,4,15
3.48387,78,16,12,17
5.41936,80,16,11,5,22
3.48387,78,16,20,15
5.48387,78,16,10,17,11
7.74194,70,16,19,15,6,4
6,62,16,9,15,13
5.6129,74,16,17,14,1
5.16129,88,16,19,20,11
3.87097,66,16,2,12
3.54839,76,16,20,14
5.93548,64,16,10,12,21
5.67742,72,16,22,19,17
2.96774,94,16,6,9
3.93548,64,16,17,8
5.48387,78,16,14,3,5
5.67742,72,16,21,8,12
3.35484,82,16,4,16,22
5.48387,78,16,5,21,17
7.16129,88,16,19,12,20,11
5.74194,70,16,17,19,3
9.41936,80,16,9,19,14,22,20
5.74194,70,16,10,14,17
2.64516,104,16,20,20,20,16,4
5.22581,86,16,22,1,21
3.22581,86,16,6,3
7.48387,78,16,22,19,19,1,14
5.93548,64,16,18,8,9
7.48387,78,16,5,19,18,4
5.54839,76,16,9,2,14
4.3871,112,16,14,20,10
5.48387,78,16,22,2,7
5.54839,76,16,5,19,5,7
7.54839,76,16,16,7,7,14,18,11
8,62,16,18,3,1,1,11
5.29032,84,16,11,12,5
5.22581,86,16,18,10,22
4.3871,112,16,15,2,10
5.67742,72,16,5,11,4
3.67742,72,16,6,14
3.35484,82,16,6,12
4.83871,98,16,15,15,13,8
7.87097,66,16,16,7,22,18,21
5.41935,80,16,15,13,20
8,62,16,1,19,8,15
3.09677,90,16,20,6
5.87097,66,16,12,8,14
6,62,16,8,12,11
5.29032,84,16,3,9,19
3.87097,66,16,6,13
5.67742,72,16,1,18,20
7.74194,70,16,16,8,22,18,19
5.6129,74,16,10,12,10,11
3.41935,80,16,2,2,8
5.93548,64,16,18,7,13
7.35484,82,16,14,19,1,15
3.93548,64,16,21,1
3.16129,88,16,6,11
4.45161,110,16,19,5,4
4.77419,100,16,11,10,20
5.09677,90,16,8,6,19
3.16129,88,16,6,11
5.87097,66,16,17,15,12
5.93548,64,16,3,15,18
2.90323,96,16,4,1
5.74194,70,16,15,16,10,22
9.22581,86,16,9,1,21,20,3
5.09677,90,16,9,8,16,21
5.41935,80,16,12,14,17
6,62,16,18,12,4
3.16129,88,16,4,19
5.29032,84,16,8,7,10
4.96774,94,16,17,9,9,7
2.58065,106,16,2,10
4.90323,96,16,9,13,19
7.09677,90,16,9,8,7,5
3.35484,82,16,20,20,11
3.48387,78,16,21,9
3.74194,70,16,4,2
3.41935,80,16,20,22
7.09677,90,16,1,12,2,19
4.58065,106,16,17,6,10
6,62,16,15,15,7,1
3.48387,78,16,4,7
5.41935,80,16,18,4,20
5.67742,72,16,10,22,3
5.03226,92,16,7,7,4,8
7.09677,90,16,1,14,14,2,8
4.64516,104,16,22,1,17
3.54839,76,16,20,3
3.93548,64,16,3,10
4.83871,98,16,14,14,17,13
5.48387,78,16,21,3,18
5.6129,74,16,21,15,3
3.35484,82,16,20,11
4.83871,98,16,8,17,12
5.74194,70,16,17,17,22,3
3.93548,64,16,21,21,11
3.93548,64,16,21,1
5.54839,76,16,3,12,6
7.41935,80,16,10,14,1,5
7.35484,82,16,10,15,14,13
3.67742,72,16,17,1
5.16129,88,16,4,13,7
4.32258,114,16,21,13,9
5.74194,70,16,5,14,20
2.58065,106,16,2,10
5.54839,76,16,12,20,13
5.35484,82,16,15,17,12
5.22581,86,16,7,17,8
3.80645,68,16,10,16,13
4,62,16,3,13
5.41935,80,16,3,16,18,9
7.67742,72,16,19,19,12,21,20
7.67742,72,16,5,18,12,12,19
7.67742,72,16,1,19,12,11
7.54839,76,16,1,9,8,12
4.12903,120,16,22,13,10
4.96774,94,16,7,12,6
3.87097,66,16,13,4
4.32258,114,16,2,20,5
2.90323,96,16,6,10
7.67742,72,16,5,17,15,8
5.87097,66,16,17,17,16,14,14,21
7.74194,70,16,19,14,6,14,7
4.77419,100,16,10,6,11
5.48387,78,16,7,18,4
5.93548,64,16,1,10,18
5.35484,82,16,19,20,3
3.35484,82,16,4,4,15
5.35484,82,16,17,7,10
3.93548,64,16,3,10
4,62,16,12,4
3.48387,78,16,20,7
3.67742,72,16,10,3,16
5.35484,82,16,21,21,2,15
7.03226,92,16,12,3,11,20
5.48387,78,16,8,2,14
7.22581,86,16,19,22,17,4
7.48387,78,16,22,14,21,1
5.80645,68,16,10,16,22,9
5.29032,84,16,11,20,18
5.87097,66,16,8,12,7
3.22581,86,16,4,18
7.41936,80,16,11,1,5,22
3.93548,64,16,12,1
3.35484,82,16,4,15
3.09677,90,16,20,6
5.35484,82,16,19,20,3
4,62,16,5,8,16
4.77419,100,16,10,6,1
3.35484,82,16,17,16,4
5.6129,74,16,21,12,15
2.83871,98,16,13,19
3.41935,80,16,2,8
4.12903,120,16,11,13,5
7.35484,82,16,14,15,15,17,18
5.03226,92,16,19,19,13,3
2.58065,106,16,21,20,16
3.22581,86,16,6,3
5.80645,68,16,7,18,1
3.22581,86,16,6,20
3.67742,72,16,13,2
3.74194,70,16,20,13
5.93548,64,16,15,15,8,21
3.09677,90,16,4,17
4.96774,94,16,16,12,21,9
4.96774,94,16,9,4,17
5.22581,86,16,21,18,2
3.67742,72,16,17,1
3.16129,88,16,6,1
4,62,16,9,3,3,16
3.93548,64,16,22,5
2.83871,98,16,13,19
6.83871,98,16,7,15,12,9
7.67742,72,16,10,22,21,8
4.70968,102,16,21,13,1
3.35484,82,16,20,20,16,20,8
2.32258,114,16,4,5
7.35484,82,16,11,12,11,9,19
4,62,16,16,15,5
5.87097,66,16,8,19,4
8.96774,94,16,1,9,10,5,20
5.03226,92,16,1,4,18
7.80645,68,16,9,18,15,10
5.22581,86,16,12,8,10
5.80645,68,16,7,19,22
3.87097,66,16,6,13
5.48387,78,16,3,14,10
5.87097,66,16,17,18,8
3.29032,84,16,16,20,19
2.45161,110,16,4,9
3.67742,72,16,15,8,16
5.09677,90,16,17,9,16,14
3.09677,90,16,13,14
6,62,16,12,3,12,12,12,14
5.74194,70,16,15,12,11
5.80645,68,16,17,21,8
3.48387,78,16,14,7,16
3.67742,72,16,2,16,19
4,62,16,21,17
4.83871,98,16,18,13,19
3.41935,80,16,13,6
7.41935,80,16,18,8,11,2
5.93548,64,16,7,4,13
5.22581,86,16,18,17,12
5.41935,80,16,21,14,10
3.74194,70,16,14,15,16
5.41935,80,16,14,20,4
5.22581,86,16,22,9,18
5.74194,70,16,16,21,12,8
3.35484,82,16,20,11
2.06452,122,16,13,5
5.6129,74,16,9,3,17
5.6129,74,16,12,21,3
2.77419,100,16,20,20,9
4.90323,96,16,4,16,9,21
7.74194,70,16,11,7,15,17
5.03226,92,16,8,6,2
7.41935,80,16,15,7,13,21
3.87097,66,16,6,13
3.29032,84,16,4,4,3
3.54839,76,16,2,22
5.80645,68,16,16,15,12,19
3.87097,66,16,6,13
3.74194,70,16,4,6
5.48387,78,16,22,1,10
2.06452,122,16,13,5
5.87097,66,16,18,15,5
3.74194,70,16,4,21
5.67742,72,16,9,3,3,6
3.29032,84,16,20,19
3.35484,82,16,20,18
5.93548,64,16,7,19,15
7.41935,80,16,18,19,1,7
2.90323,96,16,6,10
7.29032,84,16,5,7,15,10
7.6129,74,16,1,8,1,10,18
2.45161,110,16,4,9
3.41935,80,16,18,12,16
3.54839,76,16,12,6
5.29032,84,16,22,20,3
3.41935,80,16,4,14
7.29032,84,16,9,19,2,22
5.22581,86,16,20,2,15
5.16129,88,16,3,20,11
5.6129,74,16,12,19,1
3.74194,70,16,14,15,16
3.22581,86,16,20,1
7.6129,74,16,22,7,12,12,13
6,62,16,18,11,19
4,62,16,3,9,16
2.83871,98,16,6,5
4.83871,98,16,15,11,6
3.48387,78,16,15,16,20
5.54839,76,16,11,2,14
5.35484,82,16,9,2,9,17
3.67742,72,16,3,17
6,62,16,10,17,19
4,62,16,7,20
7.6129,74,16,3,12,20,21
4.70968,102,16,9,6,5
3.93548,64,16,7,1
5.80645,68,16,21,22,21,2
5.48387,78,16,12,14,20
7.35484,82,16,11,19,22,3
9.22581,86,16,5,5,9,14,22,12
3.48387,78,16,4,20
3.16129,88,16,6,1
2.32258,114,16,3,4,16
3.54839,76,16,2,22
7.41935,80,16,18,8,19,4
4.70968,102,16,19,9,13
3.87097,66,16,14,5
3.74194,70,16,7,9
3.74194,70,16,10,13
5.6129,74,16,5,21,3
5.16129,88,16,19,19,4,18
3.87097,66,16,6,15
5.09677,90,16,8,3,16,14
5.48387,78,16,3,16,15,6
2.77419,100,16,20,9
7.41935,80,16,9,21,7,21,1
7.29032,84,16,1,12,3,13
5.93548,64,16,10,21,12
5.80645,68,16,5,12,18
3.35484,82,16,2,19
5.41935,80,16,18,2,7
7.74194,70,16,14,7,21,22
3.80645,68,16,15,16,12
5.87097,66,16,9,11,18,16
7.93548,64,16,19,14,6,14,8
6.77419,100,16,9,11,5,20
7.48387,78,16,8,11,9,11,21
3.87097,66,16,20,12
6,62,16,3,3,11,18
6.51613,108,16,19,19,21,6,10
3.93548,64,16,3,10
5.93548,64,16,1,22,21
5.41935,80,16,9,1,22,9
2.45161,110,16,4,9
3.48387,78,16,12,17
5.03226,92,16,7,4,8
4.90323,96,16,1,6,12
2.58065,106,16,20,10
3.87097,66,16,13,4
7.29032,84,16,19,7,6,18
6,62,16,1,9,17
5.87097,66,16,11,4,13
3.93548,64,16,7,1
5.48387,78,16,19,9,19,6
3.22581,86,16,20,1
2.06452,122,16,13,5
7.6129,74,16,18,12,13,12,20
5.41935,80,16,16,5,6,15
5.87097,66,16,10,15,3
5.6129,74,16,5,17,12
5.54839,76,16,16,21,15,1
3.29032,84,16,21,5
5.6129,74,16,5,17,12
3.87097,66,16,10,4
3.87097,66,16,14,5
3.41935,80,16,13,20
3.09677,90,16,13,22
7.67742,72,16,16,17,15,19,21
3.22581,86,16,4,18
4.83871,98,16,14,17,13
3.93548,64,16,11,17
3.16129,88,16,13,7
7.22581,86,16,1,21,14,10
3.54839,76,16,4,12
2.83871,98,16,13,19
4.70968,102,16,15,10,21
5.74194,70,16,9,17,12
3.93548,64,16,17,4
5.80645,68,16,11,15,8
3.16129,88,16,4,19
7.22581,86,16,21,7,22,9
5.67742,72,16,21,3,19
4,62,16,16,7,13
3.67742,72,16,7,16,21
3.16129,88,16,13,16,17
3.16129,88,16,4,8
4.3871,112,16,1,6,5
5.80645,68,16,8,16,18,3
5.67742,72,16,18,3,7
3.93548,64,16,16,16,10,20
3.93548,64,16,7,1
5.22581,86,16,22,11,22,2
4.58065,106,16,15,9,2
4.77419,100,16,16,1,6,3
8,62,16,11,16,19,14,12
5.22581,86,16,8,4,15
7.22581,86,16,22,22,14,8,4
5.48387,78,16,11,10,3
7.41936,80,16,11,2,20,13
5.54839,76,16,18,8,13
5.87097,66,16,16,7,21,6
6,62,16,3,1,10
3.6129,74,16,20,4
3.67742,72,16,6,14
7.41935,80,16,11,3,12,3,6
5.48387,78,16,4,13,12
3.48387,78,16,4,20
3.41935,80,16,4,14
5.22581,86,16,19,2,18
3.41935,80,16,2,8
4,62,16,12,15
4,62,16,22,10
8,62,16,1,11,3,3,9
6,62,16,3,1,14
3.93548,64,16,10,2
5.48387,78,16,15,3,2
5.35484,82,16,17,17,14,14,6
5.87097,66,16,10,12,20
5.29032,84,16,16,8,4,14
2.51613,108,16,22,20,16
7.87097,66,16,5,8,15,18
5.22581,86,16,22,1,21
5.48387,78,16,22,2,3
3.16129,88,16,6,11
5.48387,78,16,21,2,3
5.87097,66,16,5,10,20
5.74194,70,16,14,19,6
6,62,16,18,7,18,9
5.87097,66,16,11,8,17
5.22581,86,16,11,21,9
7.87097,66,16,10,5,16,1,7
7.16129,88,16,10,15,14,5
4.32258,114,16,9,21,4,9
5.67742,72,16,21,3,19
5.80645,68,16,15,14,17
5.16129,88,16,9,20,1
5.16129,88,16,15,2,11
6,62,16,8,12,11
2.58065,106,16,20,10
5.03226,92,16,17,5,22
5.87097,66,16,3,8,5
3.48387,78,16,2,15
4.70968,102,16,14,17,1
5.80645,68,16,17,21,2
5.87097,66,16,7,2,20
7.03226,92,16,18,7,7,2,19
7.87097,66,16,11,1,8,20
5.67742,72,16,11,21,1
6,62,16,8,7,8,7,17
3.87097,66,16,13,4
5.09677,90,16,22,9,3
4.96774,94,16,18,5,7
3.48387,78,16,21,9
9.41936,80,16,18,15,21,14,9
5.29032,84,16,8,6,6,14
3.6129,74,16,6,16,22
5.22581,86,16,9,20,19
6.90323,96,16,9,11,13,8
5.09677,90,16,10,16,16,20,18
3.41935,80,16,13,20
3.35484,82,16,2,18
3.74194,70,16,4,6
4.83871,98,16,14,20,17
5.09677,90,16,12,11,7
5.22581,86,16,17,5,8
3.41935,80,16,3,16,2
3.09677,90,16,4,17
2.77419,100,16,20,9
3.74194,70,16,10,13
7.03226,92,16,5,16,14,1,20
5.48387,78,16,3,18,10
8.25806,116,16,1,3,1,11,5,20
3.29032,84,16,21,5
6.90323,96,16,1,9,8,13
4,62,16,1,17
7.35484,82,16,10,14,15,11
5.67742,72,16,15,8,22
5.22581,86,16,19,10,7
3.54839,76,16,4,12
4,62,16,6,4
7.29032,84,16,8,12,3,13
4.3871,112,16,7,2,5
7.16129,88,16,18,7,21,9
3.93548,64,16,11,11,17
7.54839,76,16,18,16,1,14,22
5.6129,74,16,14,1,21
7.48387,78,16,8,18,7,13
5.41935,80,16,4,13,21
3.87097,66,16,10,4
8,62,16,1,10,1,14,8
3.09677,90,16,13,22
3.93548,64,16,3,10
4.83871,98,16,11,5,2
5.09677,90,16,22,13,3
3.67742,72,16,7,10
3.6129,74,16,18,16,2
3.09677,90,16,13,22
3.48387,78,16,4,20
9.29032,84,16,11,8,8,18,7,3
4.51613,108,16,17,6,5
5.48387,78,16,5,7,1
3.41935,80,16,16,13,13,6
4,62,16,7,3
3.74194,70,16,20,13
3.03226,92,16,13,15
5.16129,88,16,3,1,17
4.51613,108,16,11,2,10
3.6129,74,16,8,16,20
3.35484,82,16,20,8
5.67742,72,16,5,10,13
5.87097,66,16,1,3,10
3.16129,88,16,8,17,16
3.87097,66,16,20,12
5.16129,88,16,3,16,14,17
4,62,16,6,4
2.96774,94,16,4,11
7.74194,70,16,1,14,12,15
3.93548,64,16,7,11
3.93548,64,16,5,17,16
5.54839,76,16,8,1,4
4.58065,106,16,21,6,9
5.93548,64,16,16,18,7,13
5.35484,82,16,14,17,18
7.54839,76,16,8,18,12,4
4.83871,98,16,15,11,6
4.96774,94,16,11,9,9,4
5.67742,72,16,11,7,8
3.87097,66,16,2,12
4.3871,112,16,1,6,5
3.87097,66,16,16,13,4
5.48387,78,16,5,17,20
2.06452,122,16,13,10
4,62,16,7,13
3.35484,82,16,20,18
4,62,16,5,2
7.41935,80,16,5,9,7,9,17
5.67742,72,16,17,15,4
5.6129,74,16,7,4,2
4.77419,100,16,8,4,1
3.09677,90,16,13,22
3.6129,74,16,2,3
4.90323,96,16,3,15,3,6
2.96774,94,16,4,11
5.93548,64,16,18,11,9
6,62,16,1,22,17
5.16129,88,16,1,9,15,1
6.58065,106,16,11,5,9,13
5.48387,78,16,8,11,17
7.67742,72,16,21,14,7,18
5.29032,84,16,1,2,19
4.12903,120,16,21,13,5
4,62,16,7,13
5.93548,64,16,11,12,7
4,62,16,7,3
3.29032,84,16,12,5
8,62,16,3,11,14,18
7.80645,68,16,10,9,15,15,4
5.80645,68,16,14,7,12
3.67742,72,16,10,10,3,16
5.87097,66,16,7,2,20
2.90323,96,16,13,18
5.09677,90,16,3,15,5
5.48387,78,16,12,18,1
6,62,16,22,21,13
8,62,16,11,11,8,19,16,9
5.41935,80,16,18,4,20
5.74194,70,16,17,19,19,3
4,62,16,12,4
7.74194,70,16,9,16,19,16,14,11
5.48387,78,16,10,14,5
5.35484,82,16,21,20,14
5.67742,72,16,7,21,11
3.93548,64,16,7,7,1
3.35484,82,16,13,16,19
5.16129,88,16,8,10,16,17
4.06452,122,16,14,13,5
5.35484,82,16,3,18,2
4.83871,98,16,3,20,17
7.74194,70,16,9,3,14,2
2.90323,96,16,6,10
3.41935,80,16,13,20
5.54839,76,16,11,2,14
5.54839,76,16,16,5,5,7,20
5.74194,70,16,12,21,12,2
5.16129,88,16,21,8,4
4,62,16,12,15
7.09677,90,16,3,11,19,20
4.83871,98,16,3,9,12
5.22581,86,16,1,4,14
3.93548,64,16,10,20
3.41935,80,16,6,8
5.48387,78,16,5,12,22
5.35484,82,16,18,20,3
5.87097,66,16,16,5,21,7
6,62,16,11,12,4
4.83871,98,16,21,6,20
5.93548,64,16,11,12,1
5.48387,78,16,8,8,8,2,7
4,62,16,7,20
3.93548,64,16,21,1
6,62,16,1,14,4
6,62,16,9,16,4,13
3.6129,74,16,6,17
3.67742,72,16,17,11
5.67742,72,16,14,22,12
5.67742,72,16,1,7,4
3.80645,68,16,16,5,4
5.48387,78,16,8,22,20
3.93548,64,16,12,7
5.03226,92,16,17,5,14
5.48387,78,16,8,9,9,15
5.35484,82,16,8,4,7
5.6129,74,16,21,12,4
3.41935,80,16,13,20
5.09677,90,16,11,7,5
4.12903,120,16,16,21,13,5
5.41935,80,16,15,16,17,18
3.6129,74,16,6,17
3.29032,84,16,2,1
5.35484,82,16,21,21,18,10
6.45161,110,16,22,15,2,9
3.80645,68,16,5,5,4
6,62,16,11,3,3,13
5.67742,72,16,16,16,15,2,21
4,62,16,8,13
4,62,16,11,6
5.29032,84,16,17,16,18,2
3.67742,72,16,7,10
4,62,16,12,15
7.41935,80,16,11,14,3,22
7.48387,78,16,3,14,8,14,4
5.74194,70,16,22,12,12,18
5.80645,68,16,22,21,1
7.48387,78,16,3,14,18,6
7.22581,86,16,15,16,10,1,1,1,22
6.77419,100,16,5,10,8,10,13
4.96774,94,16,17,18,17,20
5.54839,76,16,7,12,8
2.19355,118,16,11,13,16
7.29032,84,16,16,18,7,18,7,8,9
5.29032,84,16,16,17,9,8
2.45161,110,16,4,9
5.80645,68,16,1,19,4
3.87097,66,16,13,4
2.58065,106,16,14,14,20,16
5.93548,64,16,16,11,19,17
5.6129,74,16,14,9,1
3.87097,66,16,17,2
2.96774,94,16,4,16,16,12
2.58065,106,16,2,10
5.93548,64,16,12,18,15
2.64516,104,16,14,2,16
4.96774,94,16,11,9,4
5.35484,82,16,9,4,7
3.35484,82,16,2,19
3.29032,84,16,12,12,5
5.6129,74,16,8,22,4
3.93548,64,16,6,22
5.93548,64,16,15,22,11
7.93548,64,16,3,18,14,21
5.09677,90,16,15,2,6
5.6129,74,16,21,18,3
3.87097,66,16,6,13
4.70968,102,16,5,6,11
7.67742,72,16,3,19,8,15
6,62,16,18,22,2
6,62,16,3,16,1,9
2.70968,102,16,11,2,16
5.29032,84,16,22,20,14
5.6129,74,16,19,19,10,17
3.87097,66,16,17,2
5.74194,70,16,14,2,21
3.09677,90,16,13,14
5.41935,80,16,18,2,3
2.64516,104,16,13,1
4.83871,98,16,21,6,3
3.67742,72,16,17,11
3.6129,74,16,6,18
7.67742,72,16,22,15,18,2
5.67742,72,16,10,17,17,12
6,62,16,22,8,11
4.90323,96,16,9,13,11
9.29032,84,16,18,14,21,20,15
4.96774,94,16,15,15,3,6
5.54839,76,16,17,17,17,6,21
3.74194,70,16,3,6
3.48387,78,16,16,20,7
5.03226,92,16,14,13,3
4.51613,108,16,7,2,9
5.80645,68,16,7,16,7,15,19,7
5.48387,78,16,8,9,8,10
4.32258,114,16,18,4,10
7.93548,64,16,9,9,3,3,7,15
3.35484,82,16,2,18
5.74194,70,16,5,21,18
5.80645,68,16,22,21,11
3.48387,78,16,21,9
7.87097,66,16,22,7,3,8
5.41935,80,16,1,15,7,1
8,62,16,10,11,12,3
6,62,16,16,5,15,6
5.74194,70,16,19,22,9
5.93548,64,16,5,9,20
4.96774,94,16,12,21,9
5.16129,88,16,14,6,19
5.80645,68,16,1,19,20
5.74194,70,16,9,22,22,5
5.80645,68,16,5,19,6
7.6129,74,16,18,1,3,14
7.29032,84,16,8,19,1,20
4.19355,118,16,15,10,4
5.6129,74,16,11,7,12
5.16129,88,16,14,6,19
3.87097,66,16,17,12
5.87097,66,16,21,19,15
3.6129,74,16,2,7
5.80645,68,16,7,12,3
3.48387,78,16,12,9
2.77419,100,16,20,9
3.54839,76,16,20,3
6,62,16,10,17,14
7.74194,70,16,14,8,3,15
11.2258,86,16,9,5,18,14,8,4
3.93548,64,16,3,5
5.93548,64,16,19,7,12
7.16129,88,16,9,11,21,10
5.09677,90,16,22,11,7
5.54839,76,16,12,14,12,7
5.93548,64,16,3,12,1
5.93548,64,16,18,14,10
6,62,16,16,22,19,12
3.87097,66,16,6,21
8,62,16,9,16,14,12,19
4.96774,94,16,15,12,5
5.74194,70,16,14,12,14,17
3.74194,70,16,10,13
5.87097,66,16,11,9,15
5.03226,92,16,7,4,8
5.80645,68,16,21,7,19
5.22581,86,16,7,8,2
5.87097,66,16,9,6,4
5.29032,84,16,19,20,7
9.03226,92,16,18,8,3,14,3,10
3.03226,92,16,13,15
3.93548,64,16,3,10
5.67742,72,16,3,1,15
7.87097,66,16,16,1,19,14,2
3.87097,66,16,17,2
4.90323,96,16,22,13,11
3.93548,64,16,21,1
3.16129,88,16,6,11
5.6129,74,16,16,8,20,20,21
5.35484,82,16,12,20,14
7.03226,92,16,16,3,18,19,2
6,62,16,16,1,1,1,14,4
5.41935,80,16,1,15,5
5.41935,80,16,5,21,11
5.09677,90,16,21,21,18,13
3.74194,70,16,12,16,14
5.48387,78,16,12,13,21
5.93548,64,16,9,4,13
5.09677,90,16,3,9,14
5.48387,78,16,1,12,6
7.54839,76,16,19,21,18,11
3.74194,70,16,4,2
3.41935,80,16,6,8
3.87097,66,16,12,22
5.80645,68,16,10,3,20
3.03226,92,16,13,3
5.67742,72,16,18,19,13
5.67742,72,16,5,3,22
6,62,16,1,3,22
3.93548,64,16,11,17
5.87097,66,16,11,12,22
4.70968,102,16,22,1,6
7.6129,74,16,9,22,21,1
5.67742,72,16,21,7,8
5.87097,66,16,15,22,10
4,62,16,1,16,1,17
9.67742,72,16,9,22,15,18,15,3
3.16129,88,16,6,1
3.6129,74,16,6,17
3.67742,72,16,13,2
5.6129,74,16,19,5,11
5.41935,80,16,21,4,14
4.70968,102,16,22,11,6
5.16129,88,16,8,8,17,14
4.96774,94,16,9,20,17
5.74194,70,16,19,11,11,20
5.48387,78,16,10,18,11,16
6.3871,112,16,19,21,20,5
3.6129,74,16,20,4
5.48387,78,16,5,21,17
5.03226,92,16,4,4,13,13,3
5.29032,84,16,9,21,18,9
5.6129,74,16,18,1,15
4.90323,96,16,11,13,19
4.96774,94,16,22,20,1
5.22581,86,16,12,13,7
6,62,16,5,16,22,4
4.90323,96,16,19,9,20
5.6129,74,16,10,12,7
5.22581,86,16,21,16,9,5,9,21
3.48387,78,16,2,16,15
3.67742,72,16,7,10
5.6129,74,16,5,19,19,13
3.6129,74,16,2,14
4.90323,96,16,19,4,11
5.16129,88,16,22,8,3,22
7.22581,86,16,8,12,19,10
7.80645,68,16,18,7,8,8,11
9.6129,74,16,19,14,8,14,1,10
3.29032,84,16,2,1
7.09677,90,16,22,21,2,19
5.6129,74,16,2,2,20,12
2.77419,100,16,20,9
5.16129,88,16,8,8,2,6
4,62,16,6,7
3.74194,70,16,17,3
2.32258,114,16,4,5
3.48387,78,16,20,15
3.35484,82,16,19,16,13
5.93548,64,16,9,15,5
3.74194,70,16,16,20,13
3.80645,68,16,5,4
2.77419,100,16,2,9
5.74194,70,16,5,21,19
5.29032,84,16,3,4,7
4.96774,94,16,19,6,20
5.93548,64,16,11,19,19,17
6,62,16,21,8,14
7.22581,86,16,1,12,18,6
