7.35484,82,0,22,12,15,1
4,62,0,3,15
7.93548,64,0,15,21,1,10
6.96774,94,0,9,18,14,5
4.96774,94,0,19,6,6,3
4.51613,108,0,11,16,20
5.03226,92,0,21,2,10
4,62,0,13,7
5.80645,68,0,18,17,14
5.09677,90,0,21,4,16
3.80645,68,0,20,18
7.93548,64,0,18,6,7,22
6,62,0,19,1,12
4.19355,118,0,21,16,13
5.74194,70,0,19,7,1
8,62,0,17,8,14,7
6.70968,102,0,15,14,4,16
5.22581,86,0,1,5,19
5.35484,82,0,2,4,17
5.87097,66,0,14,7,11
5.6129,74,0,14,4,22
5.80645,68,0,20,2,14
5.48387,78,0,13,2,18
5.87097,66,0,8,11,21
7.29032,84,0,21,16,9,19
5.16129,88,0,5,10,4
5.35484,82,0,9,3,15
9.67742,72,0,7,8,15,22,14
4.83871,98,0,7,16,4
3.6129,74,0,12,10
6,62,0,16,9,7
7.87097,66,0,5,16,19,14
5.54839,76,0,15,6,16
7.35484,82,0,2,12,3,20
5.87097,66,0,14,15,10
4,62,0,11,5
5.74194,70,0,18,4,12
7.03226,92,0,9,11,19,6
7.74194,70,0,20,2,2,21,15
5.87097,66,0,6,17,7
5.80645,68,0,15,5,11
5.93548,64,0,11,8,21
4.83871,98,0,6,13,9
3.6129,74,0,6,5
5.87097,66,0,9,11,18
3.6129,74,0,16,20
5.93548,64,0,21,1,1,16
3.93548,64,0,6,11
8.3871,112,0,15,21,14,16,4
5.80645,68,0,17,5,14
5.87097,66,0,1,3,19
4.77419,100,0,12,1,13
7.93548,64,0,17,22,19,6
7.93548,64,0,12,14,3,8
5.03226,92,0,9,5,4
5.67742,72,0,21,4,4,17
5.80645,68,0,14,3,13
3.93548,64,0,5,14
5.35484,82,0,6,2,22
5.6129,74,0,7,1,2
3.6129,74,0,16,2
5.29032,84,0,4,15,1
3.93548,64,0,5,14
3.67742,72,0,5,12
3.93548,64,0,3,7
9.03226,92,0,15,18,21,13,11
4.90323,96,0,19,13,18
3.74194,70,0,4,1
5.22581,86,0,12,15,13
6.32258,114,0,15,1,10,4
5.35484,82,0,16,17,9
4.96774,94,0,9,17,12
5.29032,84,0,10,11,2
3.54839,76,0,11,13
5.54839,76,0,15,12,5
3.93548,64,0,20,15
4.77419,100,0,15,5,20
5.41935,80,0,13,21,11
4.83871,98,0,22,5,20
9.67742,72,0,7,22,8,21,20
5.09677,90,0,19,5,7
3.29032,84,0,10,20
5.74194,70,0,15,10,18
3.87097,66,0,20,22
5.54839,76,0,8,15,3
7.80645,68,0,15,8,14,9
3.6129,74,0,12,10
7.93548,64,0,19,9,10,9,1
5.87097,66,0,6,22,12
7.80645,68,0,18,15,2,12
7.6129,74,0,12,3,1,14
4,62,0,20,3
6,62,0,21,4,22
7.67742,72,0,16,8,1,3
3.87097,66,0,8,17
5.87097,66,0,8,21,3
3.22581,86,0,2,10
3.87097,66,0,21,5
7.74194,70,0,7,13,4,22
4.90323,96,0,7,9,20
5.80645,68,0,14,22,20
6.70968,102,0,2,12,21,10
3.93548,64,0,16,12
3.67742,72,0,6,10
3.74194,70,0,11,20
4.83871,98,0,6,13,9
3.74194,70,0,16,6
5.48387,78,0,14,2,18
7.41935,80,0,7,1,3,20
5.48387,78,0,15,5,3
6,62,0,16,14,19
5.16129,88,0,3,11,6
7.67742,72,0,15,18,10,19
5.6129,74,0,14,1,2
3.54839,76,0,20,6
5.67742,72,0,7,16,15
7.74194,70,0,7,22,17,11
3.87097,66,0,1,15
5.41935,80,0,19,1,6
7.74194,70,0,7,9,1,8
5.16129,88,0,4,22,10
4.64516,104,0,18,4,9
5.16129,88,0,14,9,7
3.54839,76,0,9,2
7.54839,76,0,15,11,12,8
4.70968,102,0,21,13,13,10
7.74194,70,0,22,13,12,20
3.54839,76,0,9,20
6.51613,108,0,15,16,11,16,2
5.22581,86,0,14,5,17
3.54839,76,0,20,6
7.16129,88,0,15,6,6,13,8
3.80645,68,0,4,11
5.03226,92,0,3,1,4
5.41935,80,0,12,2,18
6,62,0,11,19,14
3.48387,78,0,3,17
6,62,0,16,8,18
7.54839,76,0,12,7,15,17
3.80645,68,0,6,16
5.80645,68,0,18,16,22
3.93548,64,0,5,14
5.6129,74,0,14,10,1
8,62,0,17,8,18,15
5.6129,74,0,7,6,9
7.48387,78,0,6,21,21,12,4
5.48387,78,0,20,2,6
6,62,0,9,18,19
5.6129,74,0,18,20,14
5.74194,70,0,17,8,8,5
3.74194,70,0,11,20
4,62,0,6,20
5.03226,92,0,6,19,13
3.87097,66,0,3,4
7.54839,76,0,7,19,21,19,6
3.29032,84,0,16,13
2.96774,94,0,13,16
5.74194,70,0,22,6,16
4,62,0,4,19
5.6129,74,0,7,9,15
4,62,0,6,20
4,62,0,2,19
5.67742,72,0,18,9,17
4,62,0,3,15
6.58065,106,0,22,2,4,10
5.41935,80,0,15,5,14
5.09677,90,0,4,3,13
5.80645,68,0,2,22,18
5.93548,64,0,14,22,4
4.3871,112,0,21,16,4
5.22581,86,0,1,3,5
7.6129,74,0,11,1,19,21
4.83871,98,0,20,2,5
3.41935,80,0,2,16
5.16129,88,0,10,15,4
5.41935,80,0,8,11,4
3.67742,72,0,13,19
5.74194,70,0,18,17,9
7.35484,82,0,7,13,2,19
6.58065,106,0,22,19,20,9
3.80645,68,0,5,7
7.87097,66,0,7,14,8,4
4.96774,94,0,10,11,11,6
5.48387,78,0,10,19,9
3.29032,84,0,16,13
5.41935,80,0,6,8,16
5.74194,70,0,2,7,17
5.87097,66,0,8,21,3
5.22581,86,0,3,18,5
5.67742,72,0,18,2,3
6.32258,114,0,7,4,20,5
7.29032,84,0,21,15,8,6
4.90323,96,0,22,5,2
3.80645,68,0,4,11
9.80645,68,0,22,6,7,21,4
7.74194,70,0,18,21,15,15,11
5.80645,68,0,15,10,19
5.54839,76,0,1,9,19
5.74194,70,0,10,19,11
5.54839,76,0,11,12,8
5.6129,74,0,16,3,18
5.80645,68,0,9,10,7
3.16129,88,0,5,4
4.77419,100,0,5,17,1
3.6129,74,0,1,20
5.6129,74,0,6,12,2
7.09677,90,0,16,8,11,2
3.93548,64,0,1,21
5.67742,72,0,5,17,15
4,62,0,21,10
3.03226,92,0,20,10
5.09677,90,0,2,22,10
5.48387,78,0,10,18,11
8.64516,104,0,16,9,5,17,11
4.96774,94,0,13,20,6
5.80645,68,0,10,11,14
7.41935,80,0,17,6,4,18
4,62,0,6,20
5.67742,72,0,17,10,12
4.90323,96,0,16,17,1
3.35484,82,0,4,16
5.6129,74,0,3,21,20
5.80645,68,0,6,7,11
5.22581,86,0,6,17,4
5.80645,68,0,12,19,7
5.29032,84,0,8,2,14
7.48387,78,0,7,3,21,13
4.19355,118,0,20,13,5
5.6129,74,0,21,3,10
5.87097,66,0,17,4,4,22
3.80645,68,0,8,13
3.03226,92,0,20,10
7.35484,82,0,22,12,4,15
4.90323,96,0,5,8,13
3.67742,72,0,5,12
7.54839,76,0,22,18,12,10
3.67742,72,0,1,2
3.6129,74,0,16,2
5.74194,70,0,13,4,3
5.16129,88,0,10,15,1
4,62,0,20,14
3.74194,70,0,10,12
3.6129,74,0,16,20
5.67742,72,0,3,21,18
3.87097,66,0,3,22
6,62,0,13,2,2,4
7.22581,86,0,15,5,16,7
5.09677,90,0,10,8,4
3.35484,82,0,1,13
4,62,0,2,19
4.25806,116,0,19,4,5
5.22581,86,0,8,22,22,9
6.96774,94,0,10,9,8,17
7.16129,88,0,19,12,20,11
5.35484,82,0,14,1,6
3.22581,86,0,20,9
6,62,0,7,21,9
6.25806,116,0,22,8,5,20
3.74194,70,0,3,5
6,62,0,13,2,21
5.03226,92,0,14,17,3
3.6129,74,0,16,2
4,62,0,21,10
5.87097,66,0,3,8,16
6.83871,98,0,10,16,8,13
3.29032,84,0,10,20
3.03226,92,0,20,5
5.74194,70,0,14,11,20
3.09677,90,0,13,9
5.93548,64,0,15,9,18
11.0323,92,0,15,19,18,22,14,22,18,18,20
5.93548,64,0,4,6,15
5.35484,82,0,12,20,19
4,62,0,9,7
5.80645,68,0,7,17,3
3.74194,70,0,12,9
3.93548,64,0,3,7
3.16129,88,0,5,4
3.41935,80,0,2,9
9.74194,70,0,17,9,16,8,11
3.35484,82,0,5,2
7.80645,68,0,21,22,6,6,7
5.67742,72,0,8,1,22
5.35484,82,0,6,18,4
4.96774,94,0,18,16,4
7.87097,66,0,15,14,3,16
5.29032,84,0,10,11,2
5.67742,72,0,4,13,8
7.22581,86,0,7,8,10,17
5.03226,92,0,3,2,19
9.80645,68,0,22,7,17,15,14,7
4,62,0,21,10
5.74194,70,0,18,11,2
6.90323,96,0,22,6,17,11
7.54839,76,0,18,8,1,20
3.41935,80,0,5,6
5.16129,88,0,12,21,10
9.03226,92,0,15,7,21,17,3
7.80645,68,0,14,18,18,15,10
5.93548,64,0,2,3,12
7.6129,74,0,15,16,5,19
3.29032,84,0,2,5
3.74194,70,0,4,1
3.29032,84,0,5,20
5.48387,78,0,6,17,5
5.74194,70,0,20,2,2,22
3.93548,64,0,1,21
5.29032,84,0,18,17,1
3.09677,90,0,5,13
3.35484,82,0,1,17
3.93548,64,0,8,4
11.3548,82,0,17,15,14,19,19,19,22,4
3.80645,68,0,11,7
5.74194,70,0,14,4,12
6.83871,98,0,6,14,21,10
6.64516,104,0,7,1,9,2
4.58065,106,0,17,13,5
3.74194,70,0,13,18
5.87097,66,0,8,22,17
5.74194,70,0,13,21,4
3.54839,76,0,9,2
3.74194,70,0,20,19
4.70968,102,0,13,6,9
9.74194,70,0,7,22,18,1,18,11
3.80645,68,0,4,11
5.22581,86,0,9,10,20
9.87097,66,0,17,21,19,18,7
5.54839,76,0,7,4,1
5.35484,82,0,18,2,6
5.6129,74,0,11,3,15
5.6129,74,0,13,4,8
5.35484,82,0,8,1,4
3.22581,86,0,20,9
9.74194,70,0,6,22,18,14,15
5.74194,70,0,10,1,12
2.90323,96,0,13,10
5.54839,76,0,17,5,12
3.93548,64,0,20,15
5.16129,88,0,19,20,18
3.48387,78,0,13,1
7.41935,80,0,21,13,2,15
5.09677,90,0,5,11,11,13
5.54839,76,0,18,11,13
5.6129,74,0,21,6,2
3.74194,70,0,16,6
3.87097,66,0,3,16
10.9032,96,0,17,7,15,1,1,11,4
5.6129,74,0,16,8,9
5.35484,82,0,8,11,6
5.48387,78,0,16,22,4
5.93548,64,0,5,10,14
9.93548,64,0,22,15,8,11,10
7.09677,90,0,18,3,2,8
7.54839,76,0,2,13,12,18
4,62,0,20,14
3.80645,68,0,12,6
7.48387,78,0,15,9,11,18
5.48387,78,0,1,8,8,2
3.54839,76,0,11,13
10,62,0,7,15,14,10,5
3.87097,66,0,8,17
3.67742,72,0,13,8
3.93548,64,0,13,14
5.54839,76,0,12,3,5
5.48387,78,0,17,1,7
5.16129,88,0,10,1,6
7.29032,84,0,15,18,20,19
5.87097,66,0,1,11,10
3.74194,70,0,12,17
4,62,0,10,22
4,62,0,10,3
4,62,0,11,5
7.16129,88,0,12,7,15,7,20
3.29032,84,0,10,20
3.6129,74,0,9,6
7.6129,74,0,15,22,21,5
7.48387,78,0,21,14,4,20
3.03226,92,0,20,10
6,62,0,22,11,10
5.29032,84,0,20,13,7
6,62,0,8,9,5
7.29032,84,0,14,12,3,6
3.48387,78,0,11,4
7.74194,70,0,21,15,19,17
4.64516,104,0,18,20,5
7.48387,78,0,22,19,3,17
3.67742,72,0,6,10
5.80645,68,0,18,8,13
4,62,0,4,19
5.48387,78,0,6,13,18
3.67742,72,0,5,12
6.12903,120,0,14,8,5,4
3.41935,80,0,2,9
5.09677,90,0,19,13,22
5.87097,66,0,22,4,8
6.32258,114,0,19,8,2,5
3.48387,78,0,13,1
3.93548,64,0,2,6
3.03226,92,0,20,10
7.09677,90,0,17,1,11,13
3.87097,66,0,21,5
3.74194,70,0,13,18
4,62,0,3,15
7.80645,68,0,9,10,5,14
3.80645,68,0,20,8
7.03226,92,0,17,22,10,12
6.77419,100,0,1,11,9,21
5.87097,66,0,4,22,18
5.54839,76,0,22,20,6
5.93548,64,0,7,20,3
3.35484,82,0,9,4
3.22581,86,0,4,10
5.80645,68,0,18,16,15
4,62,0,1,12
5.6129,74,0,15,13,3
6,62,0,21,7,1
7.09677,90,0,21,7,2,6
5.80645,68,0,21,18,4
3.22581,86,0,2,10
5.54839,76,0,3,1,21
6,62,0,2,14,21
5.93548,64,0,8,21,20
5.35484,82,0,6,12,7
3.67742,72,0,1,2
9.35484,82,0,22,15,17,5,19
5.41935,80,0,19,10,15
3.93548,64,0,5,14
3.22581,86,0,20,9
5.87097,66,0,1,5,16
5.67742,72,0,9,18,3
5.6129,74,0,17,9,21
5.87097,66,0,5,1,16
7.93548,64,0,15,21,18,10
5.6129,74,0,19,20,21
5.54839,76,0,1,9,19
5.29032,84,0,22,16,20
5.80645,68,0,18,10,11
7.74194,70,0,22,5,16,11
3.54839,76,0,3,6
5.09677,90,0,1,10,3
7.54839,76,0,17,18,19,13
7.09677,90,0,4,15,15,7,1
5.29032,84,0,12,22,22,4
4.96774,94,0,19,16,20
3.41935,80,0,1,6
5.67742,72,0,9,10,12
7.54839,76,0,7,11,12,18
4.58065,106,0,19,10,4
3.16129,88,0,5,4
5.80645,68,0,1,19,3
3.93548,64,0,5,22
5.41935,80,0,4,7,20
5.03226,92,0,4,20,6
3.74194,70,0,12,17
3.48387,78,0,20,17
5.03226,92,0,8,7,5
6,62,0,16,9,7
7.54839,76,0,8,19,1,18
3.93548,64,0,8,4
6.83871,98,0,14,13,4,11
7.29032,84,0,7,19,17,6
4.19355,118,0,14,5,4
9.22581,86,0,22,7,18,2,11
3.80645,68,0,11,7
3.54839,76,0,9,20
3.41935,80,0,1,6
5.22581,86,0,12,13,18
3.87097,66,0,9,21
5.80645,68,0,18,17,5
5.87097,66,0,19,13,4
5.67742,72,0,12,7,17
4.58065,106,0,8,9,2
5.48387,78,0,10,18,1
5.87097,66,0,15,20,7
3.80645,68,0,3,13
7.35484,82,0,7,15,6,9
4.96774,94,0,8,2,1
6.64516,104,0,14,18,9,2
3.54839,76,0,11,13
7.74194,70,0,17,18,8,10
3.87097,66,0,13,3
3.87097,66,0,1,15
5.87097,66,0,3,12,11
5.41935,80,0,10,8,22
5.22581,86,0,20,4,22
3.74194,70,0,11,22
5.35484,82,0,9,1,6
3.74194,70,0,3,5
5.41935,80,0,12,11,15
7.6129,74,0,22,6,4,8
4.90323,96,0,11,12,9
5.74194,70,0,15,17,1
10,62,0,7,22,21,19,12
5.87097,66,0,12,15,19
5.48387,78,0,21,12,5
3.80645,68,0,11,7
3.93548,64,0,5,14
5.35484,82,0,11,8,4
7.29032,84,0,12,21,14,13
7.80645,68,0,7,1,3,14
3.74194,70,0,11,22
6.3871,112,0,19,10,5,13
3.74194,70,0,10,12
3.87097,66,0,1,15
5.80645,68,0,15,9,14
4.64516,104,0,22,5,13
9.80645,68,0,17,22,12,21,7
3.41935,80,0,1,4
5.29032,84,0,1,18,17
5.87097,66,0,3,14,11
4.83871,98,0,4,3,6
7.16129,88,0,16,1,14,17
4,62,0,4,19
3.35484,82,0,5,2
5.80645,68,0,16,17,17,7
5.67742,72,0,22,20,1
5.35484,82,0,12,2,6
5.6129,74,0,19,6,13
3.74194,70,0,6,9
3.87097,66,0,13,3
3.74194,70,0,10,12
4,62,0,10,14
6.64516,104,0,22,17,9,13
5.29032,84,0,16,11,4
6,62,0,19,3,20
5.87097,66,0,14,15,13
4.96774,94,0,18,10,6
7.35484,82,0,19,12,14,9
5.29032,84,0,18,20,1
5.29032,84,0,16,3,9
5.35484,82,0,1,10,19
5.80645,68,0,4,2,7
5.22581,86,0,7,9,21
5.29032,84,0,7,16,12
5.22581,86,0,8,22,9
5.67742,72,0,22,6,9
5.87097,66,0,9,19,22
3.35484,82,0,9,13
2.90323,96,0,13,10
8.51613,108,0,7,18,14,16,20
4,62,0,5,15
5.54839,76,0,3,1,1,21
5.48387,78,0,3,8,17
5.41935,80,0,1,3,7
3.67742,72,0,20,1
3.41935,80,0,2,9
5.29032,84,0,10,17,9
6,62,0,22,16,17
5.03226,92,0,14,9,21
5.35484,82,0,15,1,17
5.74194,70,0,21,20,20,18
7.35484,82,0,15,3,21,11
5.03226,92,0,22,20,5
5.74194,70,0,8,9,1
5.67742,72,0,1,18,18,7
3.29032,84,0,10,2
4,62,0,1,12
5.67742,72,0,6,22,1
5.80645,68,0,19,16,18
7.09677,90,0,21,2,3,4
8.70968,102,0,22,14,16,9,6
8,62,0,14,18,7,8
7.48387,78,0,5,16,10,14
9.48387,78,0,22,19,8,15,1
5.54839,76,0,15,3,6
3.93548,64,0,13,22
7.16129,88,0,21,15,16,14
7.09677,90,0,16,1,19,6
5.74194,70,0,15,1,22
5.48387,78,0,21,11,2
3.6129,74,0,9,6
5.67742,72,0,18,2,3
3.93548,64,0,1,21
3.54839,76,0,9,2
7.67742,72,0,7,8,21,17
5.80645,68,0,18,12,6
5.87097,66,0,21,18,5
2.90323,96,0,13,10
7.48387,78,0,21,14,12,17
5.35484,82,0,13,20,15
5.93548,64,0,21,1,10
6.77419,100,0,22,17,5,2
3.29032,84,0,10,2
4.83871,98,0,19,13,11
3.93548,64,0,20,15
4.96774,94,0,13,6,6,20
5.29032,84,0,12,7,13
5.93548,64,0,5,19,8
5.74194,70,0,14,11,2
7.41935,80,0,6,21,14,9
4.96774,94,0,9,22,5
7.6129,74,0,21,19,1,19,16
4,62,0,21,10
3.29032,84,0,10,20
6.77419,100,0,4,13,2,5
7.03226,92,0,8,18,7,9
3.80645,68,0,12,6
5.87097,66,0,17,12,1
5.35484,82,0,22,10,12
6.83871,98,0,17,22,16,4
5.48387,78,0,21,13,19
5.87097,66,0,11,14,12
5.87097,66,0,19,13,13,4
3.74194,70,0,11,2
5.54839,76,0,17,3,4
7.67742,72,0,7,6,15,3
4.96774,94,0,3,1,17
3.54839,76,0,9,2
3.29032,84,0,5,20
3.93548,64,0,1,21
5.87097,66,0,14,3,16
3.93548,64,0,6,1
3.67742,72,0,13,19
4,62,0,6,20
7.35484,82,0,17,12,21,1
5.67742,72,0,1,19,12
3.80645,68,0,1,7
3.74194,70,0,6,9
4.77419,100,0,1,9,6
7.16129,88,0,8,18,19,20
3.6129,74,0,13,17
5.67742,72,0,17,1,12
5.22581,86,0,16,3,13
3.6129,74,0,5,21
7.29032,84,0,3,11,8,10
3.54839,76,0,12,5
6,62,0,14,15,20
4,62,0,3,20
7.93548,64,0,15,18,1,12
5.80645,68,0,6,21,1
3.41935,80,0,1,4
5.41935,80,0,6,12,4
7.35484,82,0,4,14,18,11
5.67742,72,0,6,12,21
7.67742,72,0,16,9,9,17,7
5.35484,82,0,12,3,6
8,62,0,7,17,21,17,22
5.35484,82,0,9,3,15
3.35484,82,0,4,16
4,62,0,2,19
5.67742,72,0,8,18,6
5.48387,78,0,1,19,9
5.03226,92,0,2,15,5
5.48387,78,0,21,9,11
4.90323,96,0,22,5,2
5.74194,70,0,3,21,12
3.22581,86,0,20,16
3.6129,74,0,5,21
3.93548,64,0,5,14
5.29032,84,0,8,10,10,19
4,62,0,20,14
5.35484,82,0,3,1,22
7.48387,78,0,9,5,11,18
7.93548,64,0,14,19,8,8,1,1,19
5.09677,90,0,4,7,10
5.16129,88,0,6,19,20
7.29032,84,0,18,8,10,19
5.16129,88,0,17,13,1
9.35484,82,0,7,14,18,16,22
5.48387,78,0,18,11,11,4
5.80645,68,0,19,7,20
4.90323,96,0,5,11,17
3.74194,70,0,20,19
6,62,0,22,4,3
7.54839,76,0,3,8,11,5
5.09677,90,0,8,12,10
5.93548,64,0,17,19,2
3.35484,82,0,1,17
6.64516,104,0,17,19,16,20
5.80645,68,0,7,13,14
5.6129,74,0,6,12,2
7.67742,72,0,5,11,1,19
7.22581,86,0,19,11,16,15
4,62,0,4,19
6.83871,98,0,19,18,1,17
3.74194,70,0,3,5
5.74194,70,0,15,10,10,18
3.35484,82,0,9,4
9.74194,70,0,21,14,1,3,1,8
7.41935,80,0,16,10,18,3
5.6129,74,0,19,22,5
5.87097,66,0,21,22,11
3.35484,82,0,9,13
3.80645,68,0,20,8
3.48387,78,0,11,4
5.29032,84,0,12,7,3
3.48387,78,0,10,6
3.87097,66,0,1,15
5.80645,68,0,19,1,7
5.67742,72,0,7,10,11
7.22581,86,0,22,19,2,11
3.93548,64,0,8,4
3.67742,72,0,13,11
6.90323,96,0,14,1,3,17
5.09677,90,0,7,10,21
7.54839,76,0,15,16,1,5
3.93548,64,0,16,12
5.67742,72,0,14,13,21
5.93548,64,0,21,9,10
5.16129,88,0,4,3,22
7.6129,74,0,16,10,5,7
4.70968,102,0,18,10,4
8,62,0,7,22,16,11
3.54839,76,0,3,6
5.29032,84,0,16,22,22,1
4,62,0,2,11
3.67742,72,0,13,11
3.35484,82,0,4,16
4,62,0,6,3
3.93548,64,0,13,22
5.6129,74,0,17,2,18
4.25806,116,0,20,4,9
7.54839,76,0,8,18,19,16
5.6129,74,0,6,18,17
5.67742,72,0,1,18,7
3.09677,90,0,13,9
7.29032,84,0,22,16,9,6
3.35484,82,0,4,16
3.74194,70,0,4,1
3.48387,78,0,11,4
5.80645,68,0,18,1,7
5.87097,66,0,22,1,1,15
3.74194,70,0,11,2
5.41935,80,0,15,4,1
3.29032,84,0,16,13
5.03226,92,0,8,10,3
3.41935,80,0,1,6
5.29032,84,0,2,3,22
7.41936,80,0,21,18,3,2
5.22581,86,0,10,16,2
5.67742,72,0,12,2,14
3.48387,78,0,13,1
5.03226,92,0,17,16,13
5.22581,86,0,16,11,6
5.29032,84,0,4,21,9
5.29032,84,0,8,21,21,16
7.74194,70,0,8,19,7,14
5.41935,80,0,5,17,21
4.58065,106,0,7,10,4
7.93548,64,0,22,21,2,15
7.35484,82,0,2,21,7,4
3.22581,86,0,20,16
7.74194,70,0,16,19,18,8
5.74194,70,0,18,3,10
3.80645,68,0,20,18
3.35484,82,0,4,16
3.67742,72,0,20,1
4.96774,94,0,18,10,10,6
5.80645,68,0,2,3,14
5.67742,72,0,17,3,20
8,62,0,17,19,7,21
3.41935,80,0,2,16
4,62,0,6,3
4,62,0,6,20
7.6129,74,0,15,19,16,14
6.96774,94,0,22,18,9,20
5.48387,78,0,13,2,18
6.06452,122,0,19,14,13,5
5.29032,84,0,4,6,20
7.09677,90,0,7,2,22,13
5.22581,86,0,11,9,3
3.41935,80,0,5,6
3.67742,72,0,20,1
5.09677,90,0,13,20,1
6,62,0,17,5,18
7.16129,88,0,18,21,1,7
5.54839,76,0,6,12,19
5.09677,90,0,17,11,11,11,6
7.03226,92,0,22,18,16,2
7.74194,70,0,7,22,9,19
5.35484,82,0,14,1,6
7.03226,92,0,10,5,9,5,20
4.45161,110,0,7,10,13
5.03226,92,0,14,5,3
3.74194,70,0,10,12
4.90323,96,0,22,13,16
5.6129,74,0,17,13,13,22
4,62,0,20,14
7.74194,70,0,21,3,11,12
9.22581,86,0,15,12,1,11,21
3.74194,70,0,11,20
4,62,0,2,18
11.8065,68,0,22,15,14,21,21,21,20,13
6.90323,96,0,7,20,13,8
3.35484,82,0,9,13
5.22581,86,0,3,1,20
9.41936,80,0,17,8,19,14,2
7.87097,66,0,22,20,21,7
4,62,0,16,21
5.87097,66,0,7,2,18
7.80645,68,0,17,15,1,5
5.93548,64,0,5,19,8
3.16129,88,0,4,5
5.87097,66,0,21,16,5
5.67742,72,0,21,20,19
3.80645,68,0,1,7
11.2903,84,0,15,14,14,1,11,3,4
3.80645,68,0,5,7
3.74194,70,0,6,9
5.16129,88,0,6,17,12
5.41935,80,0,6,2,7
3.22581,86,0,2,10
3.87097,66,0,20,22
5.87097,66,0,8,3,4
5.29032,84,0,3,19,20
5.74194,70,0,17,1,18
3.6129,74,0,16,20
5.35484,82,0,11,3,5
5.80645,68,0,19,7,13
6.70968,102,0,7,20,21,5
3.87097,66,0,13,3
6.70968,102,0,21,13,20,13,20,17
7.80645,68,0,7,19,11,5
5.80645,68,0,18,20,13
3.35484,82,0,4,16
5.35484,82,0,6,18,4
5.54839,76,0,6,12,12,13
6.45161,110,0,14,3,2,9
7.87097,66,0,21,22,15,9
5.22581,86,0,18,10,21
3.87097,66,0,8,17
3.93548,64,0,8,4
5.48387,78,0,3,11,20
5.6129,74,0,6,15,10
5.29032,84,0,18,20,1
3.09677,90,0,13,9
3.41935,80,0,5,6
3.35484,82,0,4,16
4,62,0,3,15
5.35484,82,0,2,8,7
7.35484,82,0,15,14,10,17
5.48387,78,0,10,8,7
5.67742,72,0,7,1,22
8.90323,96,0,14,19,8,7,9
7.29032,84,0,17,6,13,3
3.29032,84,0,10,2
7.16129,88,0,15,21,11,6
7.35484,82,0,12,15,7,4
5.35484,82,0,18,1,17
3.87097,66,0,11,15
5.48387,78,0,10,1,22
5.22581,86,0,19,5,14
7.80645,68,0,17,12,8,14
3.87097,66,0,3,9
3.67742,72,0,1,2
4,62,0,2,11
5.22581,86,0,13,20,8
4,62,0,10,14
5.48387,78,0,2,7,4
5.93548,64,0,19,12,1
6.32258,114,0,18,19,5,4
7.54839,76,0,18,9,11,19
3.41935,80,0,2,16
3.35484,82,0,9,4
4,62,0,13,7
4,62,0,20,3
5.67742,72,0,9,17,15
5.87097,66,0,9,3,12
3.67742,72,0,5,12
5.87097,66,0,12,21,3
4,62,0,8,20
6.70968,102,0,18,5,9,2
5.35484,82,0,16,11,13
5.80645,68,0,7,17,3
9.16129,88,0,21,12,8,19,17
7.54839,76,0,19,8,18,20
5.35484,82,0,1,3,4
5.29032,84,0,4,22,3
4,62,0,21,10
5.29032,84,0,8,5,11
5.67742,72,0,8,1,22
7.48387,78,0,14,15,19,19,6
3.93548,64,0,5,14
5.35484,82,0,12,15,16
5.54839,76,0,19,7,9
9.16129,88,0,14,19,8,18,13
6,62,0,6,13,21
5.41935,80,0,7,5,8
3.35484,82,0,11,17
5.80645,68,0,16,11,5
3.6129,74,0,12,10
3.41935,80,0,11,6
7.67742,72,0,8,19,7,6
4,62,0,20,14
3.35484,82,0,5,2
3.80645,68,0,6,16
3.80645,68,0,11,7
7.16129,88,0,17,21,6,20
5.48387,78,0,14,2,2,11
3.67742,72,0,13,19
3.74194,70,0,1,22
7.29032,84,0,7,8,1,6
7.87097,66,0,18,19,15,9
5.74194,70,0,6,13,7
3.67742,72,0,1,2
4.19355,118,0,14,10,13
5.74194,70,0,8,3,10
3.93548,64,0,3,7
7.35484,82,0,8,1,11,13
7.48387,78,0,22,14,20,14,13
6,62,0,16,5,8
6.64516,104,0,19,1,5,5,21
5.80645,68,0,18,12,6
5.48387,78,0,14,9,18
6,62,0,6,7,4
5.67742,72,0,7,9,8
7.29032,84,0,19,8,5,8,22
3.67742,72,0,13,11
3.74194,70,0,10,12
7.22581,86,0,22,6,18,6,2
3.6129,74,0,12,10
3.93548,64,0,9,12
5.35484,82,0,18,17,3
5.03226,92,0,2,7,10
7.87097,66,0,7,2,2,12,20
3.80645,68,0,2,17
5.87097,66,0,15,10,11
7.41935,80,0,15,4,21,11
5.16129,88,0,18,20,6
3.54839,76,0,11,13
6,62,0,4,14,19
3.6129,74,0,12,10
7.80645,68,0,12,3,8,3,8,15
5.22581,86,0,18,10,12
5.87097,66,0,19,13,4
5.87097,66,0,7,19,13
7.09677,90,0,2,20,13,20,8
3.87097,66,0,3,22
3.80645,68,0,8,13
6,62,0,6,14,3
5.09677,90,0,4,21,5
7.67742,72,0,9,1,19,22
5.6129,74,0,13,12,15
5.67742,72,0,22,12,16
3.22581,86,0,4,10
5.67742,72,0,7,12,17
7.87097,66,0,12,3,19,18
8,62,0,14,8,15,19
3.80645,68,0,1,7
3.6129,74,0,5,21
7.35484,82,0,17,16,10,21
5.29032,84,0,1,16,17
3.80645,68,0,20,8
3.35484,82,0,1,13
5.16129,88,0,6,8,20
5.74194,70,0,2,12,1
3.93548,64,0,8,4
5.41935,80,0,16,17,5
7.29032,84,0,22,13,6,17
4.96774,94,0,5,17,12
5.93548,64,0,9,10,14
7.67742,72,0,8,1,19,11
5.67742,72,0,2,20,19
5.6129,74,0,20,21,13
5.74194,70,0,13,12,8
6.77419,100,0,3,12,21,9
3.74194,70,0,1,22
2.90323,96,0,13,10
4,62,0,9,7
9.67742,72,0,21,22,18,19,11
5.41935,80,0,12,2,11
4.96774,94,0,10,11,6
7.29032,84,0,16,22,15,20
5.80645,68,0,22,12,6
4.96774,94,0,16,5,13
3.09677,90,0,10,13
5.41935,80,0,21,13,17
7.22581,86,0,17,5,9,6
5.93548,64,0,20,12,14
5.93548,64,0,5,16,17
5.29032,84,0,9,22,12
7.87097,66,0,18,3,1,19
5.80645,68,0,5,11,19
5.35484,82,0,18,4,8
3.74194,70,0,13,18
7.03226,92,0,12,14,11,2
3.22581,86,0,2,10
7.41935,80,0,15,18,21,5
7.93548,64,0,22,17,13,4
4.90323,96,0,17,20,9
3.54839,76,0,20,6
3.93548,64,0,9,12
9.29032,84,0,15,7,16,5,19
4.96774,94,0,12,13,1
3.03226,92,0,20,10
9.6129,74,0,22,19,19,18,8,10
3.74194,70,0,20,19
5.54839,76,0,7,4,1
3.93548,64,0,8,6
7.6129,74,0,15,4,21,13
3.93548,64,0,5,14
5.6129,74,0,12,14,13
5.22581,86,0,22,4,16
5.67742,72,0,21,6,6,19
5.74194,70,0,21,13,22
5.74194,70,0,13,12,19
6,62,0,15,20,4
5.67742,72,0,12,3,22
3.54839,76,0,9,2
7.74194,70,0,17,16,5,18
