6.77419,100,17,3,1,11,11,4
7.29032,84,17,21,22,6,18
3.93548,64,17,11,12
5.67742,72,17,19,3,4
4.25806,116,17,12,13,16
3.93548,64,17,12,22
5.87097,66,17,22,1,18
4,62,17,4,14
7.80645,68,17,7,8,19,16
4.45161,110,17,14,20,10
5.41935,80,17,7,12,16
5.16129,88,17,16,14,14,9
3.35484,82,17,5,5,2
5.41935,80,17,1,1,8,9
4,62,17,3,21
5.29032,84,17,16,15,11
5.54839,76,17,14,22,9
3.80645,68,17,13,7
3.93548,64,17,5,14
3.80645,68,17,20,14
3.87097,66,17,19,19,13
5.35484,82,17,14,1,20
5.87097,66,17,21,20,4
5.6129,74,17,19,22,13
4.83871,98,17,18,4,1
4,62,17,6,8
3.54839,76,17,12,9
5.29032,84,17,17,19,12,9
3.48387,78,17,9,6
4,62,17,2,7
7.29032,84,17,22,15,15,11,4
3.67742,72,17,3,22
7.09677,90,17,15,10,16,7
5.09677,90,17,9,10,20
3.41935,80,17,9,2
7.41935,80,17,17,7,7,19,16,8
6.70968,102,17,19,19,9,5,12
5.22581,86,17,10,15,11
3.22581,86,17,9,4
5.6129,74,17,7,13,14
7.16129,88,17,14,15,6,15,16
3.48387,78,17,13,19
3.6129,74,17,20,8
5.41935,80,17,15,22,11,15
3.87097,66,17,1,1,18
3.74194,70,17,4,8
3.41935,80,17,9,2
5.48387,78,17,9,15,8
3.93548,64,17,11,16
2.83871,98,17,20,10
3.67742,72,17,5,12
3.35484,82,17,10,2
5.87097,66,17,15,21,9
5.22581,86,17,12,20,18
5.80645,68,17,13,2,13,13,17,7
3.87097,66,17,8,5
4.83871,98,17,18,16,20
3.74194,70,17,1,21
7.35484,82,17,10,5,9,6
3.22581,86,17,1,4
5.74194,70,17,17,19,21,1
3.74194,70,17,1,21
4.64516,104,17,13,4,10
6.90323,96,17,14,15,22,14,5
5.67742,72,17,12,15,19
5.67742,72,17,12,18,12,13
3.74194,70,17,3,17,6
3.09677,90,17,4,16
3.67742,72,17,3,22
3.80645,68,17,16,12
3.80645,68,17,1,12
4.77419,100,17,20,2,9
2.70968,102,17,13,13,5
3.54839,76,17,3,5
7.93548,64,17,18,19,9,9,5
7.16129,88,17,16,18,15,1
3.6129,74,17,8,8,13
3.48387,78,17,6,10
3.74194,70,17,21,5
5.35484,82,17,22,6,5
7.35484,82,17,22,6,6,15,15,13
3.93548,64,17,14,5
5.67742,72,17,4,13,14
4,62,17,9,22
4,62,17,1,10
3.87097,66,17,9,7
3.35484,82,17,12,5
3.54839,76,17,4,11
5.09677,90,17,3,12,9
5.16129,88,17,4,6,12
3.74194,70,17,20,15
4,62,17,17,6,8
5.80645,68,17,6,17,17,7,12
4.96774,94,17,5,19,13
5.09677,90,17,18,1,13
4.77419,100,17,15,2,10
6,62,17,15,1,16
9.74194,70,17,21,14,15,19,3
5.74194,70,17,22,11,21
3.29032,84,17,13,1
5.67742,72,17,18,2,21
6,62,17,2,20,12
7.74194,70,17,19,8,1,12
5.16129,88,17,21,11,13
3.48387,78,17,4,1
3.67742,72,17,3,9
5.29032,84,17,17,4,7,2
5.67742,72,17,9,18,21
5.74194,70,17,3,12,8
5.54839,76,17,6,18,3
5.93548,64,17,8,22,7
7.41935,80,17,7,3,12,3,20
5.80645,68,17,21,18,6
3.6129,74,17,10,15,17
5.09677,90,17,10,14,16
3.48387,78,17,4,1
5.41935,80,17,5,1,22
4.77419,100,17,15,9,4
3.80645,68,17,9,12
5.93548,64,17,7,1,14
5.74194,70,17,4,6,22
7.09677,90,17,19,22,19,18,13
3.74194,70,17,2,19
3.35484,82,17,17,3,17,13
5.67742,72,17,7,4,18
3.29032,84,17,12,19,17
3.87097,66,17,19,13
3.41935,80,17,9,20
7.03226,92,17,7,18,16,12
5.41935,80,17,5,19,9
3.93548,64,17,12,22
3.29032,84,17,11,4
4.58065,106,17,7,13,10
5.80645,68,17,19,15,16
5.03226,92,17,13,20,8
3.67742,72,17,11,15
3.80645,68,17,3,15
7.48387,78,17,6,4,21,20
3.35484,82,17,10,20
3.80645,68,17,3,20
3.67742,72,17,1,15
3.87097,66,17,11,18
5.93548,64,17,7,12,1
5.80645,68,17,22,1,12
9.6129,74,17,8,3,11,1,14
6.83871,98,17,14,18,1,4
3.80645,68,17,16,22,17
5.16129,88,17,14,20,19
5.67742,72,17,10,14,12
4,62,17,5,3
5.29032,84,17,1,9,8
5.93548,64,17,19,21,13
3.80645,68,17,10,12
7.03226,92,17,8,1,9,22
7.48387,78,17,15,15,20,2,22
3.74194,70,17,6,1
5.54839,76,17,13,6,7
3.80645,68,17,11,5
5.80645,68,17,22,7,17,4
5.22581,86,17,12,15,3
5.80645,68,17,14,11,10
5.80645,68,17,17,22,15,17,8
4.70968,102,17,2,20,10
5.87097,66,17,10,19,3
3.54839,76,17,6,9
3.80645,68,17,11,10
6,62,17,21,18,1
5.80645,68,17,6,14,3
5.16129,88,17,10,18,14,17
6.96774,94,17,19,18,12,16
3.80645,68,17,11,5
3.80645,68,17,3,15
3.54839,76,17,13,17,8
5.54839,76,17,16,5,16,12
7.54839,76,17,19,22,7,13
3.74194,70,17,2,19
5.67742,72,17,4,6,13
7.41935,80,17,7,8,14,10
5.93548,64,17,17,14,13,4
4.58065,106,17,18,9,4
5.16129,88,17,16,14,9
3.87097,66,17,8,5
5.54839,76,17,10,8,7
3.87097,66,17,8,2
5.54839,76,17,9,5,5,7
3.54839,76,17,11,2
3.48387,78,17,9,6
3.48387,78,17,13,19
3.87097,66,17,2,17,19
5.80645,68,17,21,4,15
5.87097,66,17,14,11,18
5.16129,88,17,22,2,16
5.29032,84,17,19,16,7
4,62,17,5,3
5.54839,76,17,18,1,7
3.6129,74,17,3,13
5.74194,70,17,7,4,3
4,62,17,8,9
5.54839,76,17,15,3,10
5.22581,86,17,5,8,10
3.67742,72,17,2,1
5.35484,82,17,13,13,2,8
3.09677,90,17,4,16
3.22581,86,17,1,6
3.74194,70,17,2,11
6,62,17,8,11,14
5.48387,78,17,14,7,9
4,62,17,2,14
3.16129,88,17,10,13
6,62,17,9,1,10
5.54839,76,17,17,4,2,3
9.87097,66,17,19,18,14,21,22
5.54839,76,17,12,13,6
3.74194,70,17,20,15
3.87097,66,17,21,10
5.67742,72,17,9,18,12
5.6129,74,17,4,13,15
3.6129,74,17,12,6
3.74194,70,17,13,14
5.48387,78,17,16,11,7
3.35484,82,17,10,2
5.93548,64,17,9,3,9,10
3.6129,74,17,6,16
5.41935,80,17,10,16,6
5.74194,70,17,22,6,3
5.54839,76,17,16,15,6
3.6129,74,17,3,13
3.6129,74,17,8,13
3.67742,72,17,13,3
5.35484,82,17,15,3,6
3.16129,88,17,1,1,13
3.67742,72,17,13,3
2.70968,102,17,13,5
5.29032,84,17,12,13,7
3.54839,76,17,11,20
3.93548,64,17,11,16
3.6129,74,17,6,16
5.87097,66,17,19,14,16
3.29032,84,17,11,4
5.48387,78,17,15,17,14,10
4.12903,120,17,18,13,16
5.48387,78,17,1,8,16
3.93548,64,17,8,10
6,62,17,21,20,13
3.48387,78,17,20,20,1
3.54839,76,17,3,5
3.74194,70,17,8,6
5.35484,82,17,19,17,10,8
5.87097,66,17,10,10,10,18,7
3.16129,88,17,2,16
7.35484,82,17,22,10,5,15
3.16129,88,17,2,9
3.6129,74,17,8,13
5.74194,70,17,15,8,15,5
5.48387,78,17,16,11,7
3.35484,82,17,20,17,13
5.93548,64,17,15,8,10
5.41935,80,17,18,2,3
3.54839,76,17,1,22
3.29032,84,17,13,1
3.80645,68,17,5,7
5.41935,80,17,1,11,11,2
3.35484,82,17,10,2
3.6129,74,17,16,6
5.16129,88,17,21,13,1
3.41935,80,17,9,2
3.03226,92,17,2,5
5.67742,72,17,6,7,20
4.64516,104,17,7,10,6
3.03226,92,17,20,16
5.87097,66,17,8,19,16
4,62,17,5,15
5.35484,82,17,14,16,18
4,62,17,21,16
7.67742,72,17,22,15,20,15,1
5.48387,78,17,6,6,4,19
5.67742,72,17,1,3,19
4.25806,116,17,19,5,4
5.6129,74,17,8,11,15
3.54839,76,17,6,9
3.93548,64,17,21,9
5.87097,66,17,18,22,13
5.67742,72,17,22,1,15
3.87097,66,17,21,21,10
3.93548,64,17,21,9
5.35484,82,17,21,11,11,2
4.51613,108,17,14,16,20
5.48387,78,17,19,17,7,16
8,62,17,15,22,11,3
7.16129,88,17,22,7,17,10,17,9
3.74194,70,17,2,19
5.16129,88,17,18,6,12
6,62,17,6,18,14
3.93548,64,17,1,5
5.29032,84,17,10,14,2
5.74194,70,17,10,15,14
3.35484,82,17,16,4
5.35484,82,17,18,16,7
7.87097,66,17,14,21,7,18,14
5.41935,80,17,6,7,9
7.48387,78,17,22,21,7,5
2.77419,100,17,13,16
3.6129,74,17,1,7
5.67742,72,17,3,17,7,14
3.80645,68,17,13,7
5.87097,66,17,18,1,5
3.74194,70,17,13,22
5.09677,90,17,9,3,16
3.80645,68,17,6,3
5.74194,70,17,21,8,2
5.48387,78,17,17,16,15,12
3.80645,68,17,4,18
3.35484,82,17,3,6
4.64516,104,17,7,10,6
7.48387,78,17,14,17,22,22,15,5
5.41935,80,17,18,1,2
5.48387,78,17,11,3,2
3.93548,64,17,10,7
3.35484,82,17,20,6
5.80645,68,17,17,14,11,10
6.45161,110,17,19,17,22,6,5
5.93548,64,17,21,1,3
5.22581,86,17,18,14,9,18
4,62,17,1,10
5.16129,88,17,12,15,2
3.54839,76,17,3,10
4.70968,102,17,22,10,20
5.74194,70,17,9,19,11
9.16129,88,17,19,7,22,15,22,10
5.22581,86,17,3,1,7
4,62,17,8,9
3.74194,70,17,21,5
3.29032,84,17,17,11,4
3.74194,70,17,13,22
5.80645,68,17,19,22,8
3.35484,82,17,16,4
3.67742,72,17,17,2,1
7.74194,70,17,16,5,1,9
7.22581,86,17,22,14,16,15
3.74194,70,17,20,7
5.03226,92,17,20,21,20,11
5.48387,78,17,8,12,7
5.67742,72,17,3,19,19,22
5.80645,68,17,16,19,7
5.67742,72,17,8,21,6
3.80645,68,17,20,14
6.58065,106,17,21,13,2,9
6,62,17,9,9,15,7
5.09677,90,17,21,14,17,14,16
5.54839,76,17,10,14,11
5.87097,66,17,17,17,11,1,14
4,62,17,6,8
4.96774,94,17,13,12,6
3.80645,68,17,10,12
5.22581,86,17,16,17,14,9
3.29032,84,17,10,4
7.87097,66,17,7,15,16,1
4,62,17,12,7
3.22581,86,17,18,3,17
5.48387,78,17,10,10,11,15
3.35484,82,17,11,13
3.74194,70,17,2,11
3.67742,72,17,13,3
5.48387,78,17,7,16,15
3.41935,80,17,9,20
4.96774,94,17,22,9,2
5.80645,68,17,5,19,15
6,62,17,21,14,16
5.74194,70,17,9,16,21
5.22581,86,17,10,18,18,4
5.16129,88,17,10,10,8,6
6,62,17,22,22,2,14
4,62,17,20,13
5.48387,78,17,16,3,18
5.22581,86,17,21,6,1
6,62,17,21,4,12
4.51613,108,17,7,9,4
7.03226,92,17,6,21,14,5
3.09677,90,17,4,16
5.74194,70,17,22,6,20
5.48387,78,17,19,16,22
3.16129,88,17,10,13
7.35484,82,17,21,17,18,7,8
3.80645,68,17,9,12
5.48387,78,17,8,1,22
3.29032,84,17,10,4
5.74194,70,17,12,12,2,4
5.6129,74,17,22,13,15
5.93548,64,17,21,3,18
5.48387,78,17,16,10,21
3.22581,86,17,11,17,20
5.29032,84,17,1,9,8
4.64516,104,17,22,13,10
4,62,17,11,9
3.6129,74,17,6,16
3.93548,64,17,14,19,17
3.48387,78,17,13,8
5.67742,72,17,22,9,15
5.41936,80,17,4,20,13
5.6129,74,17,5,8,21
5.6129,74,17,22,13,3
3.93548,64,17,4,15
9.35484,82,17,15,7,7,22,6,20
5.48387,78,17,22,5,22,13
5.6129,74,17,19,19,22,3
3.74194,70,17,20,17,6
5.22581,86,17,16,10,6
7.41935,80,17,15,8,16,11
3.74194,70,17,3,7
3.93548,64,17,12,22
5.93548,64,17,14,14,18,5
5.87097,66,17,12,19,18
5.48387,78,17,1,8,22
7.48387,78,17,21,8,3,13
5.48387,78,17,18,3,10
3.93548,64,17,5,14
3.67742,72,17,5,12
3.74194,70,17,8,8,6
3.87097,66,17,17,21,10
3.87097,66,17,19,13
5.6129,74,17,5,11,18
9.41936,80,17,21,19,15,18,3
3.74194,70,17,2,17,2,18
5.54839,76,17,8,12,4
4,62,17,5,3
5.80645,68,17,16,11,12
5.29032,84,17,5,11,22
5.29032,84,17,14,9,18
3.54839,76,17,3,10
5.93548,64,17,2,20,21
5.03226,92,17,21,20,16
4.58065,106,17,20,2,10
4.83871,98,17,18,16,2
5.48387,78,17,19,1,2
5.6129,74,17,2,20,7
2.77419,100,17,13,16
5.16129,88,17,8,7,1
5.74194,70,17,2,4,6
5.67742,72,17,12,3,2
3.67742,72,17,17,3,22
5.80645,68,17,21,20,3
2.83871,98,17,20,5
5.29032,84,17,21,12,11,11,21
6.25806,116,17,14,9,16,9,4
5.87097,66,17,6,13,12
5.67742,72,17,5,5,10,21
5.67742,72,17,14,3,9
5.09677,90,17,18,5,22
2.70968,102,17,13,10
2.83871,98,17,20,10
3.67742,72,17,17,2,1
5.09677,90,17,3,19,4
7.09677,90,17,11,8,3,22
3.80645,68,17,10,10,12
3.67742,72,17,11,17,6
5.48387,78,17,17,20,2,15
6,62,17,13,4,2
3.87097,66,17,1,18
5.48387,78,17,2,20,18
3.87097,66,17,10,17,13
3.16129,88,17,5,4
5.41935,80,17,7,16,14
5.41935,80,17,18,7,17,19
3.67742,72,17,13,15
5.16129,88,17,19,10,3
4.25806,116,17,19,10,13
5.87097,66,17,16,19,19,22
6.58065,106,17,19,8,16,6
4.45161,110,17,19,10,2
2.77419,100,17,13,16
3.74194,70,17,20,7
5.67742,72,17,16,14,7
3.74194,70,17,8,6
3.67742,72,17,1,15
5.29032,84,17,16,17,19,17,5
4,62,17,8,9
3.41935,80,17,5,6
5.48387,78,17,10,9,6
5.35484,82,17,14,11,13
7.87097,66,17,7,11,1,19
5.09677,90,17,18,5,22
5.6129,74,17,18,18,3,9
4.83871,98,17,16,3,6
3.09677,90,17,18,11,17
5.16129,88,17,9,11,4
3.80645,68,17,6,20
5.35484,82,17,8,18,20
6.90323,96,17,4,21,14,14,14,5
7.22581,86,17,21,4,21,6,14
3.16129,88,17,16,13
3.74194,70,17,9,21
3.6129,74,17,16,6
5.67742,72,17,2,21,20
5.67742,72,17,19,15,15,13
5.09677,90,17,3,19,20
3.16129,88,17,2,9
7.93548,64,17,14,7,14,12,3
6.96774,94,17,21,12,13,8
3.80645,68,17,13,17,16
5.74194,70,17,4,6,22
8,62,17,17,15,14,19,10
5.67742,72,17,14,7,1
4,62,17,8,9
5.29032,84,17,5,11,22
3.48387,78,17,1,2
7.48387,78,17,22,14,13,20
3.41935,80,17,6,5
3.35484,82,17,16,4
5.67742,72,17,14,1,14,4
6.25806,116,17,15,7,10,4
5.48387,78,17,16,11,7
3.87097,66,17,4,3
3.48387,78,17,13,11
3.6129,74,17,12,6
3.09677,90,17,5,13
3.67742,72,17,13,15
7.16129,88,17,18,15,3,9
3.35484,82,17,11,13
3.54839,76,17,10,6
5.80645,68,17,17,7,1,1,18
5.41935,80,17,9,1,1,20
5.35484,82,17,21,4,1
3.67742,72,17,13,15
4,62,17,17,19,20
3.93548,64,17,11,12
5.48387,78,17,15,2,6
3.93548,64,17,17,1,5
5.80645,68,17,22,2,8
3.93548,64,17,16,17,4
5.41935,80,17,19,6,13
7.74194,70,17,22,17,21,3,3,14
3.74194,70,17,17,20,15
3.80645,68,17,1,12
5.48387,78,17,22,1,22,10
5.03226,92,17,13,6,19
3.93548,64,17,14,5
4,62,17,5,3
3.09677,90,17,5,13
5.54839,76,17,12,11,9
6,62,17,19,5,9
5.09677,90,17,15,10,21
5.54839,76,17,7,2,2,2,2,7,9
3.67742,72,17,13,15
4.90323,96,17,22,4,10
4.96774,94,17,10,16,13
5.93548,64,17,21,1,9
5.22581,86,17,17,2,17,15,13
3.74194,70,17,8,6
7.48387,78,17,19,21,8,12
3.03226,92,17,4,9
5.93548,64,17,12,12,8,19
7.16129,88,17,10,9,10,16,20
3.6129,74,17,11,7
7.41935,80,17,14,4,13,21
9.67742,72,17,21,8,14,19,11
3.41935,80,17,17,12,10
5.54839,76,17,19,6,7
2.77419,100,17,13,16
2.70968,102,17,13,10
3.41935,80,17,1,1,20
3.74194,70,17,8,4
4.77419,100,17,22,9,13
4.51613,108,17,7,9,4
5.48387,78,17,10,8,22
3.67742,72,17,11,17,16
3.29032,84,17,21,13,17
3.54839,76,17,15,12,17
5.93548,64,17,1,8,11
5.67742,72,17,8,8,8,12,19
3.87097,66,17,9,7
5.74194,70,17,22,15,4,22
5.54839,76,17,19,7,1
5.48387,78,17,2,12,7
3.93548,64,17,21,9
3.03226,92,17,4,9
3.67742,72,17,2,1
3.29032,84,17,5,20
4.3871,112,17,14,14,16,4
5.67742,72,17,17,17,5,9,12
4,62,17,14,10
7.29032,84,17,16,8,19,9
3.67742,72,17,3,4
2.83871,98,17,20,10
5.93548,64,17,8,21,7
3.87097,66,17,3,2
5.54839,76,17,12,4,12,2
3.6129,74,17,20,8
3.67742,72,17,3,22
3.80645,68,17,12,17,9
8,62,17,22,21,12,15
7.93548,64,17,18,19,7,21
3.74194,70,17,6,11
5.35484,82,17,17,19,9,3
3.67742,72,17,2,1
5.74194,70,17,3,11,9
4.96774,94,17,4,7,16
4.70968,102,17,22,13,16
6.19355,118,17,14,18,16,13
3.54839,76,17,12,17,2
3.87097,66,17,9,7
6.70968,102,17,21,4,13,9
5.67742,72,17,22,4,8
5.29032,84,17,6,14,13
4,62,17,6,8
3.80645,68,17,4,18
5.35484,82,17,16,18,5
7.80645,68,17,22,15,4,7
5.29032,84,17,7,9,22
7.41935,80,17,22,12,18,9
3.80645,68,17,6,20
4,62,17,5,3
3.93548,64,17,5,14
4,62,17,12,7
5.22581,86,17,12,8,5
3.74194,70,17,8,4
7.93548,64,17,22,8,21,7
3.67742,72,17,1,17,16
3.80645,68,17,11,10
3.48387,78,17,9,6
3.87097,66,17,11,18
5.67742,72,17,18,13,18,22
5.6129,74,17,7,2,6
7.67742,72,17,18,21,19,11
5.54839,76,17,16,15,7,17
3.74194,70,17,8,4
4.32258,114,17,14,17,9,4
7.54839,76,17,14,19,15,4
5.22581,86,17,9,8,5
4,62,17,1,14
5.74194,70,17,10,17,15,4
5.48387,78,17,16,3,21
3.74194,70,17,17,17,2,19
5.48387,78,17,17,7,3,10
5.80645,68,17,1,8,18
3.80645,68,17,13,7
3.6129,74,17,20,20,8
5.09677,90,17,14,1,13
5.67742,72,17,12,13,12,18
4,62,17,3,21
5.87097,66,17,19,9,1
3.54839,76,17,11,20
7.87097,66,17,10,5,1,16
3.41935,80,17,1,17,8
7.67742,72,17,7,12,2,21
6,62,17,5,10,15
3.48387,78,17,7,16,17
4,62,17,16,7
3.41935,80,17,9,2
3.6129,74,17,16,6
7.16129,88,17,16,18,14,13
5.03226,92,17,1,19,2
3.80645,68,17,5,7
5.54839,76,17,12,14,20
5.22581,86,17,9,9,15,15,1
5.87097,66,17,16,15,21
5.93548,64,17,12,8,19
7.22581,86,17,21,7,12,22
5.54839,76,17,7,9,19
4.90323,96,17,14,6,1
5.48387,78,17,21,21,1,15
3.35484,82,17,7,9,17
5.80645,68,17,14,15,16
2.83871,98,17,20,10
3.87097,66,17,11,18
4,62,17,1,16
5.48387,78,17,19,10,11
4,62,17,14,10
3.87097,66,17,1,18
3.48387,78,17,1,2
3.41935,80,17,5,6
5.87097,66,17,7,17,2,13
5.87097,66,17,12,12,14,22
3.74194,70,17,10,17,11
5.41935,80,17,2,13,13,14
3.67742,72,17,1,15
4,62,17,21,16
3.41935,80,17,9,20
4,62,17,11,9
5.67742,72,17,17,22,10,22,4
3.87097,66,17,1,18
6,62,17,22,2,3
5.93548,64,17,22,14,5
3.74194,70,17,3,7
3.93548,64,17,14,5
4.90323,96,17,2,21,10
4.83871,98,17,13,21,16
4.83871,98,17,14,16,12
5.35484,82,17,13,12,7
5.54839,76,17,22,3,5
5.22581,86,17,1,8,1,22
9.74194,70,17,22,21,15,7,11
3.87097,66,17,8,5
5.48387,78,17,6,4,8
7.93548,64,17,7,22,12,8
3.54839,76,17,4,11
5.54839,76,17,13,21,2
3.87097,66,17,8,8,5
6.45161,110,17,6,13,2,16
3.80645,68,17,8,20
4.58065,106,17,7,13,10
5.09677,90,17,11,1,4
3.54839,76,17,11,20
5.35484,82,17,11,8,10
2.83871,98,17,20,5
5.16129,88,17,11,17,7,13
7.74194,70,17,7,3,8,15
3.87097,66,17,1,18
5.74194,70,17,3,1,9
3.03226,92,17,20,16
5.16129,88,17,1,9,14
6,62,17,11,8,19
3.93548,64,17,1,5
4.90323,96,17,17,16,19,16,6
3.74194,70,17,20,7
5.67742,72,17,21,18,20
5.74194,70,17,7,8,20
5.6129,74,17,13,12,20
3.87097,66,17,2,15
7.16129,88,17,15,21,15,21,6,6,1
2.70968,102,17,13,5
7.54839,76,17,18,1,11,21
5.29032,84,17,3,17,22,20
5.35484,82,17,7,6,10
3.41935,80,17,5,6
3.87097,66,17,9,7
7.09677,90,17,21,7,15,21,9
3.93548,64,17,12,22
3.87097,66,17,8,2
3.54839,76,17,10,6
3.41935,80,17,6,5
7.48387,78,17,14,21,14,7,3
6,62,17,14,12,15
3.48387,78,17,20,1
7.29032,84,17,14,21,18,2
4,62,17,9,22
5.35484,82,17,12,20,15
3.80645,68,17,20,3
5.80645,68,17,12,13,2
3.74194,70,17,13,22
3.80645,68,17,6,20
4,62,17,1,14
5.09677,90,17,10,11,11,4
5.87097,66,17,10,5,10,1,5
3.80645,68,17,6,20
3.48387,78,17,16,2
5.48387,78,17,7,10,11
5.35484,82,17,14,6,18
3.16129,88,17,1,13
7.80645,68,17,7,12,7,22,8
4,62,17,1,16
3.16129,88,17,1,13
5.87097,66,17,4,21,22
3.22581,86,17,1,6
3.67742,72,17,11,17,19
4.96774,94,17,9,3,10
4.90323,96,17,15,2,4,17
7.87097,66,17,7,19,18,1
3.6129,74,17,8,13
3.80645,68,17,1,12
4.77419,100,17,5,10,17,11
5.41935,80,17,9,8,22
5.54839,76,17,14,3,5
9.48387,78,17,5,17,7,15,19,12
5.67742,72,17,17,3,14,11
5.35484,82,17,14,4,15
3.80645,68,17,6,20
4.77419,100,17,18,9,2
3.87097,66,17,3,2
3.16129,88,17,10,13
4,62,17,9,22
4,62,17,8,9
3.67742,72,17,3,4
3.6129,74,17,6,16
5.16129,88,17,4,6,12
7.6129,74,17,15,19,8,13
3.09677,90,17,5,13
3.74194,70,17,1,21
5.74194,70,17,19,11,21
3.93548,64,17,15,6,17
5.54839,76,17,2,12,4
3.35484,82,17,12,5
3.48387,78,17,13,11
3.74194,70,17,13,14
5.93548,64,17,21,22,21,11
5.80645,68,17,14,15,16
3.74194,70,17,13,22
4,62,17,2,7
7.74194,70,17,7,15,16,16,19
3.87097,66,17,3,2
3.67742,72,17,1,15
9.22581,86,17,7,21,18,19,6
3.93548,64,17,1,5
5.80645,68,17,18,18,18,19,4
5.74194,70,17,10,5,10,12
5.80645,68,17,14,18,3,14
3.16129,88,17,2,16
3.41935,80,17,5,6
4,62,17,4,22
3.54839,76,17,11,2
5.80645,68,17,16,10,15
3.87097,66,17,8,5
2.77419,100,17,13,16
4,62,17,21,16
3.87097,66,17,3,2
3.67742,72,17,14,8,17
3.54839,76,17,22,2,17
3.80645,68,17,6,20
5.03226,92,17,18,4,18,13
3.6129,74,17,11,7
4.25806,116,17,4,20,5
5.48387,78,17,11,1,1,7
6,62,17,15,12,12,18,15
4,62,17,6,2
7.22581,86,17,19,19,1,11,13
4.90323,96,17,17,7,6,17,8
3.54839,76,17,3,5
3.74194,70,17,4,19
5.16129,88,17,19,10,3
5.87097,66,17,20,2,21
5.93548,64,17,22,17,16,8
3.22581,86,17,1,4
3.74194,70,17,8,6
3.41935,80,17,1,1,20
5.41935,80,17,9,8,16
3.29032,84,17,10,4
3.03226,92,17,20,16
3.54839,76,17,11,20
3.03226,92,17,20,16
4.96774,94,17,9,3,10
3.16129,88,17,17,5,4
5.03226,92,17,22,9,6
9.29032,84,17,22,19,7,18,9
5.03226,92,17,17,5,8,4
5.80645,68,17,14,3,20
6.45161,110,17,7,13,4,5
5.87097,66,17,18,12,22
5.6129,74,17,8,12,11
3.93548,64,17,8,10
3.67742,72,17,13,15
5.09677,90,17,5,16,4
2.77419,100,17,13,16
3.87097,66,17,11,18
5.74194,70,17,15,5,1
5.22581,86,17,15,11,6
3.67742,72,17,5,12
6,62,17,22,4,20
3.74194,70,17,4,8
6,62,17,21,18,11
3.41935,80,17,3,17,12
3.09677,90,17,17,4,16
5.87097,66,17,16,3,16,16,5
5.41935,80,17,5,18,18,1
4,62,17,1,14
4,62,17,1,10
5.29032,84,17,14,2,11
5.48387,78,17,3,17,15,6
5.29032,84,17,4,2,11
5.48387,78,17,2,4,7
4,62,17,1,16
3.03226,92,17,4,9
4,62,17,3,18
5.09677,90,17,4,7,11
4.77419,100,17,13,21,9
7.80645,68,17,10,16,9,22
3.48387,78,17,20,1
3.54839,76,17,11,2
3.29032,84,17,10,4
5.16129,88,17,14,6,2
3.41935,80,17,5,6
5.74194,70,17,6,14,22
3.35484,82,17,3,6
3.87097,66,17,1,18
3.80645,68,17,2,17,9
6,62,17,22,19,20
5.74194,70,17,5,11,9
4.83871,98,17,21,4,10
4,62,17,17,1,10
3.74194,70,17,17,13,22
3.41935,80,17,10,19,17
3.16129,88,17,1,9,17
4.70968,102,17,15,4,10
3.09677,90,17,5,13
3.74194,70,17,9,21
3.87097,66,17,11,18
5.22581,86,17,12,4,22
3.74194,70,17,8,4
5.93548,64,17,15,11,16
5.67742,72,17,18,20,12
5.87097,66,17,6,4,12
5.80645,68,17,6,7,4
5.41935,80,17,11,1,22
6,62,17,14,20,14,19
4,62,17,9,22
3.16129,88,17,2,9
5.80645,68,17,8,19,9
7.48387,78,17,15,7,13,14
7.16129,88,17,14,21,13,3
3.22581,86,17,9,9,13
4,62,17,2,7
5.48387,78,17,22,7,2,17
5.74194,70,17,16,8,12
3.6129,74,17,11,7
3.74194,70,17,6,17,3
3.74194,70,17,3,3,7
3.6129,74,17,20,11
6.45161,110,17,14,8,16,2
7.29032,84,17,15,9,16,21
4.83871,98,17,4,13,9
5.29032,84,17,19,11,4
4,62,17,17,1,14
5.22581,86,17,9,19,6
3.93548,64,17,11,12
6,62,17,19,7,6
2.90323,96,17,4,5
4,62,17,21,16
5.09677,90,17,3,1,2
5.6129,74,17,14,11,7
3.16129,88,17,9,14,17
3.87097,66,17,19,13
3.80645,68,17,9,12
6,62,17,17,21,21,12,1
4.96774,94,17,17,7,20,16
3.03226,92,17,2,5
2.83871,98,17,20,10
3.87097,66,17,16,16,21
5.16129,88,17,16,22,9
3.93548,64,17,11,12
3.93548,64,17,10,7
3.67742,72,17,3,4
5.54839,76,17,19,11,2
7.80645,68,17,19,22,18,7
4,62,17,4,22
5.41935,80,17,21,4,11
5.80645,68,17,10,5,7
3.48387,78,17,12,16
3.03226,92,17,20,16
3.48387,78,17,1,2
7.48387,78,17,19,16,5,1
5.48387,78,17,6,17,16,19
3.93548,64,17,11,16
5.03226,92,17,7,5,22
3.41935,80,17,17,9,20
3.80645,68,17,6,3
6,62,17,3,14,18
4.83871,98,17,15,17,12,5
4.70968,102,17,18,17,6,10
3.74194,70,17,2,19
3.74194,70,17,11,21
7.93548,64,17,21,7,19,18
3.87097,66,17,1,18
5.41935,80,17,15,5,8
3.74194,70,17,8,4
5.74194,70,17,14,8,4
3.67742,72,17,2,6
3.48387,78,17,4,1
7.74194,70,17,15,19,22,12
4,62,17,8,9
4,62,17,14,10
3.48387,78,17,2,17,13
6,62,17,17,6,18,14
6,62,17,18,17,21,12
5.29032,84,17,10,3,2
5.80645,68,17,15,9,19
5.67742,72,17,21,3,7
4.3871,112,17,19,5,20
3.48387,78,17,6,6,10
5.16129,88,17,9,18,20
3.03226,92,17,20,20,16
3.80645,68,17,6,3
3.67742,72,17,1,15
5.29032,84,17,10,19,2
2.90323,96,17,4,5
7.93548,64,17,15,15,10,15,22,18
3.80645,68,17,6,20
3.6129,74,17,2,17,4
3.41935,80,17,1,20
7.6129,74,17,21,20,2,3
3.74194,70,17,2,18
3.35484,82,17,3,6
3.09677,90,17,4,16
5.35484,82,17,9,18,9,9,8
5.22581,86,17,13,21,1
7.48387,78,17,17,15,15,18,11,1,15
5.80645,68,17,14,15,9
5.29032,84,17,8,15,16
5.48387,78,17,7,12,9
3.48387,78,17,16,16,20
4,62,17,5,15
3.67742,72,17,14,17,1
5.41935,80,17,2,20,19
5.48387,78,17,14,1,22
5.54839,76,17,6,15,20
3.80645,68,17,20,3
3.80645,68,17,2,8
5.29032,84,17,16,14,6
4.83871,98,17,15,4,16
5.48387,78,17,2,20,18
5.03226,92,17,12,15,10
7.93548,64,17,15,11,15,19,14
3.29032,84,17,13,1
