60,0.75,0,500,13
0,13,806560
1,13,388959
2,13,1.02047e+06
3,13,696914
4,13,210870
5,13,395304
6,13,422825
7,13,124420
8,13,170951
9,13,277118
10,13,43459
11,13,1.13041e+06
12,13,63243
13,13,177273
14,13,1.81241e+06
15,13,521913
16,13,394526
17,13,897143
18,13,805557
19,13,260705
20,13,178512
21,13,184081
22,13,661539
23,13,572000
24,13,384086
25,13,416347
26,13,1.33104e+06
27,13,308877
28,13,122055
29,13,309981
30,13,292811
31,13,2.54619e+06
32,13,121741
33,13,1.01991e+06
34,13,158272
35,13,25148
36,13,150074
37,13,547733
38,13,673948
39,13,268244
40,13,1.37052e+06
41,14,833562
42,13,42342
43,13,958254
44,13,240632
45,13,903825
46,13,59979
47,13,1.44106e+06
48,14,2.05034e+06
49,13,371189
50,13,309294
51,13,23743
52,13,623101
53,13,186733
54,13,947009
55,13,1.46944e+06
56,13,361547
57,13,315485
58,13,426337
59,13,835498
60,14,20056
61,13,650313
62,13,301993
63,13,920192
64,13,304444
65,13,382576
66,13,275075
67,13,312348
68,14,45829
69,15,919464
70,14,1.18752e+06
71,13,353168
72,14,821285
73,13,322405
74,13,70311
75,14,158199
76,13,668014
77,13,234109
78,13,1.52009e+06
79,13,195640
80,13,131944
81,13,1.29102e+06
82,13,1.0566e+06
83,13,1.97481e+06
84,13,195961
85,13,855518
86,13,1.54722e+06
87,13,99286
88,15,661981
89,13,1.08506e+06
90,13,645783
91,13,55106
92,13,105071
93,14,170180
94,14,213688
95,14,243513
96,13,358678
97,14,20689
98,14,1.66427e+06
99,13,874681
100,14,333882
101,13,170224
102,13,323045
103,13,35364
104,13,330838
105,13,23824
106,13,436081
107,13,1.31742e+06
108,13,406637
109,13,179681
110,15,2.23752e+06
111,13,1.57173e+06
112,13,377945
113,13,217498
114,13,342100
115,13,1.43009e+06
116,13,20992
117,13,1.60093e+06
118,13,333917
119,13,79469
120,13,64842
121,13,233278
122,14,97135
123,13,240219
124,13,354280
125,13,1.21234e+06
126,13,462312
127,13,1.14439e+06
128,13,75909
129,13,1.11075e+06
130,13,238034
131,13,394154
132,13,1.52008e+06
133,13,1.41154e+06
134,13,16935
135,13,825071
136,13,1.08553e+06
137,13,184386
138,13,989055
139,13,74562
140,13,580650
141,13,78344
142,13,917010
143,13,251945
144,13,407175
145,13,517144
146,13,422972
147,13,69266
148,13,579739
149,13,300678
150,13,652958
151,13,1.52536e+06
152,14,99187
153,13,272083
154,13,497958
155,13,1.32006e+06
156,13,14596
157,13,1.43358e+06
158,13,920011
159,13,85922
160,13,376279
161,13,1.14037e+06
162,14,54678
163,13,436437
164,13,399668
165,13,281402
166,15,263737
167,13,136524
168,13,51058
169,13,131978
170,13,2.35068e+06
171,13,23460
172,13,330494
173,13,590064
174,13,261341
175,13,543251
176,13,145849
177,14,258221
178,13,969299
179,13,1.28121e+06
180,14,25069
181,13,94482
182,13,239257
183,13,101212
184,13,139463
185,13,437375
186,13,531922
187,13,803834
188,13,30049
189,13,440236
190,13,708624
191,14,246574
192,13,27976
193,13,12389
194,14,263754
195,14,536789
196,13,1.06431e+06
197,15,107619
198,14,696304
199,13,1.49432e+06
200,13,116874
201,13,88093
202,13,1.13466e+06
203,13,506511
204,14,108924
205,13,601207
206,14,885166
207,13,123770
208,13,497585
209,13,891308
210,13,42745
211,13,2.10225e+06
212,13,505214
213,13,228630
214,13,592168
215,14,398693
216,13,583398
217,13,358158
218,13,174414
219,13,458448
220,13,165374
221,14,271037
222,13,370618
223,14,68315
224,13,333935
225,13,568683
226,13,305528
227,13,307500
228,13,641151
229,13,32333
230,13,353527
231,13,664295
232,13,50111
233,13,58761
234,13,394879
235,13,682341
236,13,977154
237,13,88717
238,13,750794
239,13,375476
240,13,227632
241,13,573912
242,13,848855
243,13,845418
244,13,2.10438e+06
245,13,681265
246,15,864976
247,13,58647
248,14,1.07437e+06
249,14,616917
250,13,925685
251,17,169131
252,14,568253
253,13,312481
254,13,476594
255,14,177237
256,13,814975
257,13,317758
258,13,389390
259,14,121524
260,13,895565
261,13,519366
262,13,846011
263,13,355502
264,14,2.78148e+06
265,13,26968
266,13,402578
267,13,994733
268,13,199306
269,14,334728
270,13,453352
271,13,965251
272,13,952072
273,13,834323
274,13,518448
275,14,98413
276,14,344643
277,13,102911
278,13,2.4222e+06
279,14,32416
280,13,244248
281,13,212936
282,13,383869
283,13,730406
284,14,1.27972e+06
285,13,110530
286,13,1.29846e+06
287,13,302908
288,14,866072
289,13,1.07456e+06
290,13,228326
291,13,668602
292,13,880696
293,13,114626
294,14,909579
295,13,2.44642e+06
296,13,1.44257e+06
297,13,222319
298,13,30832
299,14,510122
300,15,371901
301,13,79766
302,14,281989
303,13,416022
304,13,327179
305,13,172793
306,14,1.07496e+06
307,13,328993
308,14,187061
309,13,843708
310,13,320561
311,13,189798
312,13,381793
313,14,747811
314,13,103406
315,13,541589
316,13,127175
317,14,2.46722e+06
318,13,1.02692e+06
319,13,1.81362e+06
320,13,502458
321,17,195560
322,13,188744
323,14,1.44921e+06
324,13,284168
325,13,145234
326,13,534796
327,14,267626
328,13,205940
329,13,787410
330,13,553581
331,13,585176
332,14,1.2725e+06
333,14,631214
334,14,999782
335,13,482596
336,13,13942
337,13,94728
338,13,50061
339,13,1.83004e+06
340,13,1.24723e+06
341,13,667642
342,14,65365
343,13,192362
344,14,295691
345,13,21542
346,14,222434
347,13,189835
348,13,137876
349,13,293444
350,13,1.26091e+06
351,15,35020
352,13,367003
353,13,311559
354,13,102839
355,14,48447
356,13,473157
357,13,302809
358,13,793376
359,14,732697
360,14,114078
361,13,36045
362,14,81143
363,13,247882
364,13,97718
365,13,307627
366,13,623157
367,13,1.29578e+06
368,13,375378
369,13,613032
370,14,50550
371,14,630752
372,13,649921
373,13,298459
374,14,508668
375,13,266289
376,13,109138
377,14,319561
378,13,61899
379,14,238080
380,13,798759
381,13,659905
382,13,26723
383,14,1.6863e+06
384,13,178848
385,13,526075
386,13,1.3054e+06
387,13,436848
388,13,679748
389,13,345204
390,13,1.13329e+06
391,13,82046
392,13,839756
393,13,64086
394,13,367792
395,13,674605
396,13,66674
397,14,1.90962e+06
398,13,89805
399,13,133334
400,14,135554
401,13,26784
402,13,319850
403,13,695843
404,13,745943
405,13,409357
406,14,231658
407,13,835613
408,15,368341
409,13,89539
410,13,46298
411,14,21371
412,14,708786
413,13,805511
414,13,67482
415,13,493793
416,13,912491
417,13,3.48654e+06
418,13,167425
419,13,172419
420,13,666797
421,13,1.48699e+06
422,14,780032
423,14,135768
424,13,248615
425,13,580552
426,13,736928
427,13,319511
428,13,79047
429,13,38321
430,13,544137
431,13,32590
432,13,25718
433,13,484620
434,16,524542
435,13,40311
436,13,353521
437,13,1.18867e+06
438,13,1.73658e+06
439,13,96830
440,13,46358
441,14,42885
442,14,404862
443,13,1.93091e+06
444,13,178235
445,13,401152
446,14,658952
447,13,688237
448,13,600350
449,14,263820
450,13,22930
451,13,18628
452,13,103238
453,13,374267
454,13,206404
455,13,229354
456,13,716296
457,13,95862
458,13,243894
459,13,908759
460,13,1.20257e+06
461,13,186603
462,13,524902
463,13,224768
464,13,203435
465,13,347074
466,13,1.59579e+06
467,13,175727
468,16,135390
469,13,1.03865e+06
470,14,295329
471,13,720898
472,13,326783
473,13,843004
474,13,338982
475,13,849968
476,14,247507
477,13,444756
478,16,1.56996e+06
479,14,640165
480,14,550037
481,13,126332
482,13,1.27632e+06
483,13,2.03816e+06
484,13,159864
485,13,155936
486,13,224218
487,13,956557
488,13,1.05265e+06
489,13,80881
490,13,55677
491,14,197448
492,13,811717
493,13,1.3811e+06
494,13,423008
495,14,2.87879e+06
496,13,734444
497,14,604619
498,13,183444
499,13,525734
