0.000998502329589549  10881.2139740741 
0.00299850299625656  12600.4465612414 
0.0050025116829718  14140.4250626866 
0.0070105444862173  15607.8413875641 
0.00902261759963753  17033.7087367515 
0.0110387473148221  18432.2178346421 
0.013058950022098  19811.2734313314 
0.0150832422113285  21175.8152363067 
0.0171116404727212  22529.1752316717 
0.0191441614976435  23873.7275445029 
0.021180822079447  25211.2352440312 
0.0232216391142998  26543.0507411006 
0.0252666296020274  27870.2388971931 
0.027315810646963  29193.6564201862 
0.029369199458805  30514.0051380727 
0.0314268133534852  31831.8689425042 
0.0334886697540439  33147.7401314529 
0.0355547861915158  34462.0386465379 
0.0376251803058242  35775.1264151182 
0.0396998698466846  37087.3182381741 
0.0417788726745176  38398.8901890807 
0.0438622067613719  39710.08618509 
0.0459498901918558  41021.1231949554 
0.0480419411640799  42332.1954133557 
0.050138377990608  43643.4776420351 
0.0522392190994198  44955.128054412 
0.0543444830348822  46267.2904756801 
0.0564541884587319  47580.0962782736 
0.0585683541510673  48893.6659691195 
0.0606869990113526  50208.1105277857 
0.0628101420594304  51523.5325416895 
0.0649378024365472  52840.0271747554 
0.067069999406388  54157.6829984407 
0.0692067523561231  55476.5827083036 
0.0713480807974663  56796.8037448086 
0.073494004367743  58118.4188335656 
0.0756445428309716  59441.4964574281 
0.0777997160789549  60766.1012706748 
0.0799595441323849  62092.2944637342 
0.0821240471419579  63420.134085491 
0.0842932453895033  64749.6753290591 
0.086467159289123  66080.9707859645 
0.0886458093883453  67414.0706729146 
0.0908292163692888  68749.0230346862 
0.0930174010498417  70085.8739261485 
0.0952103843848517  71424.6675759887 
0.0974081874673313  72765.4465343509 
0.0996108315296735  74108.2518062834 
0.101818337944884  75453.1229726378 
0.104030728227825  76800.098299838 
0.106248024036472  78149.2148397555 
0.10847024717319  79500.5085207675 
0.110697419586014  80854.0142309371 
0.112929563369955  82209.7658941421 
0.115166700768311  83567.7965398761 
0.117408854174001  84928.1383673612 
0.119656046130906  86290.8228045355 
0.121908299335231  87655.8805624146 
0.124165636636881  89023.3416852714 
0.12642808104085  90393.2355970262 
0.128695655708631  91765.5911441987 
0.130968383959633  93140.4366357363 
0.133246289272627  94517.7998799965 
0.135529395287196  95897.7082191375 
0.137817725805208  97280.1885611391 
0.140111304792307  98665.2674096609 
0.142410156379418  100052.970891916 
0.144714304864268  101443.324784728 
0.147023774712931  102836.354538922 
0.149338590561382  104232.085302179 
0.151658777217079  105630.541940477 
0.153984359660555  107031.749058244 
0.15631536304703  108435.731017295 
0.15865181270805  109842.511954678 
0.160993734153131  111252.115799486 
0.163341153071436  112664.566288726 
0.165694095333463  114079.886982317 
0.168052586992756  115498.101277265 
0.170416654287636  116919.232421093 
0.172786323642955  118343.303524572 
0.175161621671862  119770.337573791 
0.177542575177604  121200.357441634 
0.179929211155335  122633.385898691 
0.182321556793955  124069.44562364 
0.184719639477967  125508.559213147 
0.187123486789362  126950.749191305 
0.189533126509515  128396.038018653 
0.191948586621119  129844.44810079 
0.194369895310129  131296.001796629 
0.19679708096774  132750.721426295 
0.199230172192382  134208.629278701 
0.201669197791741  135669.747618823 
0.204114186784807  137134.09869469 
0.206565168403947  138601.704744102 
0.209022172096999  140072.588001111 
0.211485227529397  141546.770702255 
0.213954364586318  143024.275092581 
0.216429613374861  144505.123431463 
0.218911004226247  145989.337998222 
0.221398567698048  147476.941097569 
0.223892334576451  148967.955064878 
0.226392335878535  150462.402271303 
0.228898602854595  151960.305128736 
0.231411166990478  153461.686094641 
0.233930060009962  154966.567676739 
0.236455313877156  156474.972437582 
0.238986960798936  157986.92299901 
0.241525033227407  159502.442046494 
0.244069563862402  161021.552333383 
0.246620585654007  162544.276685055 
0.249178131805124  164070.638002976 
0.251742235774062  165600.659268679 
0.254312931277163  167134.363547666 
0.256890252291463  168671.773993231 
0.259474233057388  170212.913850225 
0.262064908081481  171757.806458748 
0.264662312139166  173306.475257787 
0.267266480277554  174858.943788801 
0.269877447818274  176415.23569925 
0.272495250360353  177975.374746084 
0.275119923783124  179539.384799177 
0.27775150424918  181107.289844736 
0.280390028207361  182679.11398866 
0.283035532395785  184254.881459874 
0.285688053844917  185834.616613627 
0.288347629880675  187418.343934763 
0.291014298127591  189006.08804097 
0.293688096511993  190597.873686006 
0.296369063265251  192193.725762895 
0.299057236927051  193793.669307123 
0.301752656348723  195397.729499803 
0.304455360696608  197005.931670835 
0.307165389455474  198618.30130205 
0.309882782431973  200234.864030353 
0.312607579758159  201855.645650847 
0.315339821895032  203480.672119967 
0.318079549636152  205109.969558595 
0.320826804111291  206743.564255186 
0.323581626790135  208381.482668887 
0.326344059486045  210023.751432665 
0.329114144359861  211670.397356429 
0.331891923923763  213321.44743017 
0.33467744104519  214976.928827094 
0.337470738950802  216636.868906776 
0.340271861230514  218301.295218318 
0.343080851841569  219970.235503518 
0.345897755112683  221643.717700053 
0.348722615748237  223321.76994468 
0.351555478832541  225004.420576447 
0.354396389834145  226691.698139923 
0.35724539461022  228383.631388452 
0.360102539411  230080.249287417 
0.362967870884286  231781.581017535 
0.365841436080018  233487.655978168 
0.368723282454907  235198.503790658 
0.37161345787714  236914.154301693 
0.374512010631151  238634.637586696 
0.377418989422461  240359.983953235 
0.380334443382585  242090.223944473 
0.38325842207402  243825.388342642 
0.386190975495298  245565.508172551 
0.389132154086114  247310.614705121 
0.392082008732535  249060.739460961 
0.39504059077228  250815.914213977 
0.398007952000082  252576.170995011 
0.400984144673128  254341.542095532 
0.403969221516582  256112.060071347 
0.406963235729186  257887.757746369 
0.409966240988956  259668.668216415 
0.412978291458948  261454.824853054 
0.415999441793124  263246.261307493 
0.419029747142303  265043.011514511 
0.4220692631602  266845.109696441 
0.425118046009558  268652.590367195 
0.428176152368379  270465.488336345 
0.431243639436241  272283.838713245 
0.43432056494072  274107.676911213 
0.437406987143909  275937.038651763 
0.440502964849038  277771.95996889 
0.443608557407191  279612.477213411 
0.44672382472414  281458.627057368 
0.449848827267275  283310.446498479 
0.452983626072647  285167.972864663 
0.456128282752118  287031.243818612 
0.459282859500634  288900.297362437 
0.462447419103597  290775.171842375 
0.465622024944369  292655.905953558 
0.468806741011889  294542.538744853 
0.472001631908409  296435.109623773 
0.475206762857357  298333.658361453 
0.478422199711331  300238.225097706 
0.481648008960214  302148.850346142 
0.484884257739422  304065.574999375 
0.488131013838292  305988.440334296 
0.491388345708599  307917.488017433 
0.494656322473215  309852.76011039 
0.497935013934913  311794.299075363 
0.501224490585312  313742.147780748 
0.504524823613969  315696.349506833 
0.507836084917625  317656.947951573 
0.511158347109603  319623.987236465 
0.514491683529361  321597.511912506 
0.517836168252208  323577.566966249 
0.52119187609918  325564.197825957 
0.524558882647085  327557.45036785 
0.527937264238712  329557.37092246 
0.531327097993223  331564.006281083 
0.534728461816714  333577.403702335 
0.538141434412954  335597.610918824 
0.541566095294318  337624.676143919 
0.545002524792899  339658.648078644 
0.548450804071815  341699.575918675 
0.551911015136711  343747.509361464 
0.55538324084746  345802.498613474 
0.558867564930071  347864.594397544 
0.5623640719888  349933.847960373 
0.565872847518479  352010.311080134 
0.569393977917058  354094.036074223 
0.572927550498369  356185.075807129 
0.57647365350512  358283.48369846 
0.580032376122114  360389.313731085 
0.583603808489711  362502.620459441 
0.587188041717526  364623.459017969 
0.590785167898376  366751.885129709 
0.594395280122475  368887.955115043 
0.598018472491896  371031.725900595 
0.60165484013528  373183.25502829 
0.605304479222829  375342.600664576 
0.608967486981566  377509.821609814 
0.612643961710875  379684.977307836 
0.616334002798329  381868.127855677 
0.620037710735813  384059.334013491 
0.623755187135945  386258.65721464 
0.627486534748804  388466.159575978 
0.631231857478966  390681.903908321 
0.634991260402871  392905.953727112 
0.638764849786511  395138.373263291 
0.642552733103448  397379.227474363 
0.646355019053186  399628.582055677 
0.650171817579887  401886.503451921 
0.654003239891443  404153.058868836 
0.657849398478921  406428.316285151 
0.661710407136381  408712.344464748 
0.665586380981074  411005.212969066 
0.669477436474041  413306.992169743 
0.673383691441106  415617.753261501 
0.677305265094287  417937.568275287 
0.681242278053627  420266.510091674 
0.68519485236945  422604.652454518 
0.689163111545071  424952.069984894 
0.693147180559945  427308.838195309 
0.697147185893291  429675.033504191 
0.701163255548181  432050.733250678 
0.70519551907612  434436.0157097 
0.70924410760212  436830.960107368 
0.71330915385029  439235.646636677 
0.717390792169938  441650.156473526 
0.72148915856222  444074.571793074 
0.725604390707327  446508.975786423 
0.729736627992237  448953.452677652 
0.733886011539049  451408.087741211 
0.738052684233895  453872.967319662 
0.742236790756469  456348.17884181 
0.746438477610169  458833.810841205 
0.750657893152877  461329.952975034 
0.754895187628392  463836.696043427 
0.759150513198531  466354.132009159 
0.763424023975913  468882.354017785 
0.767715876057454  471421.456418206 
0.772026227558576  473971.53478368 
0.776355238648161  476532.685933286 
0.780703071584265  479105.007953864 
0.785069890750606  481688.600222427 
0.78945586269386  484283.563429076 
0.793861156161776  486889.999600414 
0.798285942142132  489508.012123484 
0.802730393902556  492137.705770241 
0.807194687031241  494779.186722575 
0.81167899947857  497432.562597894 
0.816183511599674  500097.942475288 
0.820708406197964  502775.43692229 
0.825253868569639  505465.158022245 
0.82982008654922  508167.219402308 
0.834407250556126  510881.73626209 
0.83901555364232  513608.825402967 
0.843645191541062  516348.605258068 
0.848296362716793  519101.195922971 
0.852969268416185  521866.719187112 
0.857664112720393  524645.298565946 
0.862381102598532  527437.059333859 
0.867120447962429  530242.128557876 
0.871882361722673  533060.635132173 
0.876667059846009  535892.709813412 
0.881474761414112  538738.485256946 
0.886305688683777  541598.09605389 
0.891160067148576  544471.678769105 
0.896038125602008  547359.371980114 
0.900940096202215  550261.316316978 
0.905866214538271  553177.654503159 
0.910816719698127  556108.531397401 
0.915791854338241  559054.094036665 
0.920791864754947  562014.491680141 
0.92581700095762  564989.875854371 
0.930867516743688  567980.400399524 
0.935943669775549  570986.221516856 
0.941045721659444  574007.49781738 
0.946173938026364  577044.390371803 
0.951328588615028  580097.062761754 
0.956509947357026  583165.681132351 
0.961718292464164  586250.414246144 
0.966953906518109  589351.433538487 
0.972217076562384  592468.91317437 
0.9775080941968  595603.030106771 
0.982827255674399  598753.964136571 
0.988174862000995  601921.897974084 
0.993551219037375  605107.017302251 
0.998956637604283  608309.510841554 
1.00439143359024  611529.570416717 
1.00985592806232  614767.391025231 
1.01535044737996  618023.170907782 
1.02087532331193  621297.111620647 
1.02643089315653  624589.418110102 
1.03201749986517  627900.298788938 
1.03763549216939  631229.965615135 
1.04328522471151  634578.634172785 
1.04896705817894  637946.523755321 
1.05468135944238  641333.857451155 
1.06042850169795  644740.86223179 
1.06620886461345  648167.769042499 
1.07202283447887  651614.812895667 
1.07787080436129  655082.232966879 
1.08375317426436  658570.272693862 
1.08967035129245  662079.179878375 
1.09562274981974  665609.206791162 
1.10161079166437  669160.610280067 
1.10763490626775  672733.651881438 
1.11369553087944  676328.597934932 
1.11979311074756  679945.719701858 
1.12592809931507  683585.293487165 
1.13210095842215  687247.600765246 
1.13831215851479  690932.928309671 
1.14456217885997  694641.568327011 
1.15085150776753  698373.818594909 
1.15718064281918  702129.982604558 
1.16355009110466  705910.369707754 
1.16996036946558  709715.295268707 
1.17641200474706  713545.08082079 
1.18290553405761  717400.054228422 
1.1894415050374  721280.549854291 
1.19602047613544  725186.908732123 
1.20264301689593  729119.478745225 
1.20930970825412  733078.614811034 
1.21602114284211  737064.679071914 
1.22277792530499  741078.041092454 
1.22958067262774  745119.078063545 
1.23643001447332  749188.1750135 
1.24332659353238  753285.725026531 
1.25027106588519  757412.129468873 
1.25726410137616  761567.798222892 
1.26430638400157  765753.149929513 
1.27139861231106  769968.612239321 
1.27854149982344  774214.622072717 
1.28573577545747  778491.625889518 
1.29298218397824  782800.079968418 
1.30028148645985  787140.450696741 
1.30763446076511  791513.214870954 
1.31504190204297  795918.860008414 
1.32250462324456  800357.884670849 
1.33002345565859  804830.798800134 
1.33759924946705  809338.124066888 
1.34523287432212  813880.394232525 
1.35292521994527  818458.155525347 
1.36067719674959  823071.967031369 
1.36848973648638  827722.401100553 
1.37636379291729  832410.043769193 
1.38430034251303  837135.49519923 
1.3923003851801  841899.370135307 
1.40036494501683  846702.298380444 
1.40849507110008  851544.925291236 
1.41669183830426  856427.912293552 
1.42495634815415  861351.937419757 
1.4332897297133  866317.695868544 
1.44169314050968  871325.900588527 
1.45016776750065  876377.282886816 
1.45871482807911  881472.593063858 
1.46733557112302  886612.601075934 
1.47603127809057  891798.097226744 
1.48480326416341  897029.89288965 
1.49365287944039  902308.821262198 
1.50258151018469  907635.738154687 
1.51159058012706  913011.522814621 
1.52068155182831  918437.078789035 
1.52985592810435  923913.334826796 
1.53911525351715  929441.245823121 
1.54846111593539  935021.7938087 
1.55789514816874  940655.988985974 
1.56741902968  946344.870815299 
1.57703448837944  952089.509153884 
1.5867433025064  957891.005450627 
1.59654730260302  963750.49400015 
1.60644837358573  969669.143259609 
1.61644845692032  975648.157232059 
1.62654955290682  981688.776920467 
1.63675372308106  987792.281856727 
1.64706309273992  993959.991710383 
1.65747985359818  1000193.26798207 
1.66800626658517  1006493.51578709 
1.67864466479022  1012862.18573497 
1.68939745656649  1019300.77591113 
1.70026712880339  1025810.83396764 
1.71125625037898  1032393.95933002 
1.72236747580406  1039051.80552816 
1.73360354907098  1045786.08265968 
1.7449673077213  1052598.55999489 
1.75646168714703  1059491.06873328 
1.76808972514215  1066465.50492206 
1.77985456672174  1073523.83254854 
1.79175946922806  1080668.0868187 
1.80380780774423  1087900.37763571 
1.81600308083805  1095222.89329304 
1.82834891666035  1102637.90439845 
1.84084907942458  1110147.76804606 
1.8535074762965  1117754.93225593 
1.86632816472556  1125461.94070158 
1.87931536025237  1133271.43774844 
1.89247344482989  1141186.17382792 
1.90580697569935  1149209.01117424 
1.91932069486607  1157342.92995385 
1.93301953922424  1165591.03482007 
1.9469086513849  1173956.56192872 
1.96099339126664  1182442.88645429 
1.97527934851412  1191053.53064993 
1.98977235581669  1199792.17249926 
2.00447850320638  1208662.65501267 
2.01940415342306  1217668.99622672 
2.03455595844366  1226815.3999712 
2.04994087728314  1236106.26747566 
2.06556619518622  1245546.20989505 
2.08143954434251  1255140.0618431 
2.09756892627239  1264892.89603228 
2.11396273604807  1274810.03913041 
2.13062978853328  1284897.08895732 
2.14757934684705  1295159.93315942 
2.16482115328156  1305604.76951725 
2.18236546293247  1316238.12806 
2.20022308033248  1327066.89518328 
2.21840539941567  1338098.33999152 
2.2369244471829  1349340.14311557 
2.25579293148729  1360800.42828949 
2.27502429341517  1372487.79700935 
2.29463276480355  1384411.36664149 
2.31463343151022  1396580.81240019 
2.33504230314143  1409006.41367503 
2.35587639004427  1421699.10525966 
2.37715378849155  1434670.53411644 
2.39889377512796  1447933.12240981 
2.42111691191267  1461500.13765636 
2.44384516299023  1475385.77097657 
2.46710202515449  1489605.22459573 
2.49091267384821  1504174.80993553 
2.51530412697237  1519112.05786989 
2.54030542917779  1534435.84299844 
2.56594785979113  1550166.52412799 
2.5922651681085  1566326.10356231 
2.61929384049642  1582938.4082997 
2.64707340460349  1600029.2968495 
2.67564677704755  1617626.89613279 
2.70506066225384  1635761.87386609 
2.73536601174917  1654467.75299004 
2.76661855525328  1673781.27616447 
2.7988794174715  1693742.83019144 
2.83221583773909  1714396.94256824 
2.86670201381026  1735792.86536729 
2.90242009641234  1757985.26550536 
2.93946136809269  1781035.04549417 
2.97792764892048  1805010.3253676 
3.01793298353418  1829987.62523455 
3.05960567993475  1856053.29962894 
3.10309079187449  1883305.29070336 
3.14855316595125  1911855.28906824 
3.1961812149405  1941831.42128009 
3.24619163551516  1973381.62550397 
3.29883536900059  2006677.9376652 
3.3544052201554  2041921.99878072 
3.41324572017833  2079352.22503199 
3.47576607715966  2119253.27992874 
3.54245745165834  2161968.79367759 
3.61391641564048  2207918.75967067 
3.69087745677661  2257623.82889424 
3.77425906571566  2311740.0556653 
3.86523084392139  2371109.97817873 
3.96531430247837  2436840.16988 
4.07653993758859  2510423.55864015 
4.2017030805426  2593941.43727301 
4.34480392418327  2690416.51077942 
4.51185800884644  2804475.63467177 
4.71252870430859  2943715.84111433 
4.9638431325895  3121905.52741035 
5.30031536921071  3368051.87623455 
5.81114099297671  3761721.99174063 
