990781
332460
817321
645497
199256
332806
375678
127975
160394
240715
78068
1.5519e+06
57795
167692
1.18399e+06
548858
387905
870097
787106
238332
179486
187033
593271
549249
356123
433740
1.34685e+06
363532
576546
546651
304354
1.82481e+06
97746
999742
242170
17733
104467
435100
986375
452964
2.2e+06
939908
33480
1.59296e+06
233617
893224
60269
829951
2.04834e+06
360979
298199
19277
617905
180818
933559
1.51526e+06
347315
299043
1.01521e+06
1.40352e+06
22096
673320
336145
398724
229512
392860
252219
235808
8583
329020
1.10099e+06
376114
828477
350765
87772
150613
675740
240451
2.22453e+06
202761
139711
1.99869e+06
711828
3.73658e+06
249271
982889
3.54412e+06
169327
818088
1.27667e+06
702745
56449
130837
193974
243648
265583
394218
13833
1.20846e+06
960745
458447
194074
2.00192e+06
82920
456369
40444
490858
1.61197e+06
467481
190068
2.94557e+06
1.78307e+06
1.1807e+06
324396
398710
898541
33786
1.50984e+06
395971
82958
69057
243800
117609
321122
395619
1.40227e+06
517123
1.29289e+06
98037
2.70339e+06
311914
544662
1.22293e+06
2.01930e+06
28441
1.40645e+06
1.37138e+06
253424
1.90000e+06
114361
662155
88736
1.03694e+06
291327
499120
614061
491947
73911
813305
593512
842515
918283
107021
301344
537907
2.33122e+06
12772
2.09059e+06
1.20758e+06
226962
498544
1.44556e+06
79211
526348
474565
357370
374669
203592
75144
198810
2.96059e+06
29648
411081
735879
283531
626391
155113
277275
1.11917e+06
1.51296e+06
37309
100145
298782
127335
175757
535440
734769
3.11727e+06
38662
589191
929395
289164
23868
14202
132130
157150
1.68715e+06
163085
882204
2.09452e+06
165113
116915
3.08828e+06
727251
153836
921567
1.34558e+06
198219
627661
1.254e+06
64271
1.80097e+06
1.36881e+06
279878
567347
456794
687915
393163
188156
516717
180716
283483
451149
76441
370806
613899
340045
323217
701019
28556
380618
732835
49233
64679
439573
991272
1.04313e+06
58156
726821
402936
235131
656154
947796
926016
2.25031e+06
769687
939260
66396
2.03382e+06
676535
401661
140760
594376
341658
531882
256091
905185
333871
421503
138807
993192
534316
785908
395852
3.79542e+06
32382
427466
317107
154670
307618
511856
633106
1.04055e+06
889452
571630
108835
382536
107421
3.38023e+06
27758
274273
229564
448846
880246
704257
133590
1.46004e+06
504485
1.03449e+06
1.27508e+06
250517
218703
832309
124726
1.84083e+06
2.47511e+06
881026
253958
30173
546117
393887
101955
364328
496998
360146
186321
733562
366072
217895
1.04748e+06
970678
221561
418638
778130
122302
539936
140563
2.19562e+06
953748
1.36525e+06
474901
209611
210034
1.23121e+06
1.08494e+06
177586
567737
309415
226128
911036
628876
663200
702747
661273
1.06251e+06
468703
13832
102298
50364
1.6728e+06
2.20722e+06
704518
70497
205574
326492
25416
244478
207960
148635
326755
790632
24925
317833
358975
116645
63527
500844
341353
852780
783953
122347
42345
92230
284177
98100
338803
803791
2.25864e+06
440038
708885
67741
678611
1.68806e+06
1.12032e+06
1.05013e+06
321495
144208
345135
71390
256759
397629
494304
29974
2.6558e+06
199665
605742
1.49657e+06
472384
347017
375724
1.29102e+06
86662
932473
64849
409911
805199
78377
2.21224e+06
96808
146013
157352
35345
441323
860168
850089
467750
266127
596277
380252
105815
46225
26605
859849
897076
87159
573280
1.01598e+06
3.97975e+06
176576
183415
742569
1.61077e+06
479210
150755
263795
617202
860708
365615
86413
34455
614628
37933
25876
1.30789e+06
571196
44532
398366
552968
1.69115e+06
101920
50557
48223
452264
1.70043e+06
187815
450742
762067
772217
644859
273048
25298
18970
648000
1.19671e+06
262176
245670
684625
119619
283637
397917
1.20066e+06
202415
526642
253463
220794
391063
1.34566e+06
190726
143319
1.15488e+06
324598
1.5502e+06
332441
948237
381929
956671
275825
106519
1.41634e+06
684126
460219
136801
1.30473e+06
1.23938e+06
149565
138803
594812
1.08244e+06
887948
64632
55269
176396
508951
703918
366382
1.48579e+06
447795
549260
169086
487652
