991621
418279
2.44289e+06
902317
257532
424484
455702
425409
272926
347897
49143
1.68615e+06
77294
262586
1.43614e+06
584386
441444
1.83432e+06
1.04257e+06
294757
206271
197894
731075
628712
444179
470641
1.47257e+06
314507
131211
323344
324623
3.30747e+06
135009
1.1684e+06
191281
25749
174785
503505
809385
292003
1.64184e+06
1.23288e+06
38983
1.25416e+06
286791
986710
67385
1.68288e+06
2.43544e+06
430396
393912
22206
691525
203006
1.0016e+06
1.64591e+06
397626
345633
481949
1.68338e+06
21663
728031
378853
419809
210396
421705
276800
276066
8296
378434
1.237e+06
374931
1.15337e+06
355426
87421
172323
697458
250888
2.48978e+06
226124
150273
1.40632e+06
448620
2.11911e+06
224649
914884
1.64883e+06
103143
721404
1.9268e+06
684165
64421
109655
183059
232582
261099
404050
17633
1.19962e+06
847454
355231
175491
339208
35986
355770
23464
444672
1.44591e+06
412859
184838
3.19136e+06
1.72533e+06
423033
212278
361715
795489
23793
1.32315e+06
324823
78489
66947
238765
108472
245055
365211
1.2727e+06
1.26592e+06
1.24928e+06
82892
1.21258e+06
267689
438400
1.08718e+06
1.36066e+06
14758
849610
1.13963e+06
195244
1.03557e+06
78703
1.44204e+06
87317
953437
270555
427817
537622
447443
69428
629330
306101
673869
865082
106028
294304
492579
1.38056e+06
19215
2.57294e+06
1.00766e+06
98722
416613
1.2137e+06
67408
462856
408195
291979
288446
136691
45242
142236
1.66861e+06
27513
341177
580544
285976
630851
137257
895998
1.15401e+06
1.42146e+06
27642
97233
262237
104131
142439
472828
551081
869831
26349
454894
765181
245333
23580
17628
120898
124551
1.02527e+06
113522
704457
2.26512e+06
113088
99288
1.13542e+06
525557
108947
633291
916492
125099
535420
892594
42309
1.51848e+06
535149
257262
546112
1.06507e+06
701139
374435
189255
471990
165147
271932
418626
68262
367123
607435
316806
296736
654011
25236
352974
698477
49506
71636
408589
706302
390539
53536
728445
376677
225331
1.25583e+06
890343
890182
2.22895e+06
714021
911405
67186
1.17104e+06
637922
372996
143772
573110
311949
1.14761e+06
197813
836443
318310
430862
153124
919368
655937
714239
373002
2.78601e+06
30010
422206
296788
145187
275496
795596
909086
1.11025e+06
1.14024e+06
541878
100073
350132
106776
2.4772e+06
32345
266829
246292
421641
798253
659710
110458
2.50204e+06
327684
924353
1.12889e+06
230461
197094
737061
115362
931710
2.18651e+06
796143
249954
58739
1.13656e+06
773038
84469
310382
420127
329113
170110
681610
360195
194974
856457
320279
177671
383018
744159
112898
469638
118817
1.77581e+06
1.57624e+06
1.71544e+06
502824
179666
182108
1.15461e+06
306921
153072
531623
293023
204520
838499
579096
640508
663434
625998
1.77251e+06
1.14603e+06
17713
152908
55721
2.37583e+06
2.01245e+06
1.11445e+06
71102
203246
311154
31347
239608
189351
136077
320286
1.37724e+06
16640
329418
303925
116672
50714
480055
303784
804714
746758
114667
37700
85421
262180
100622
324180
654509
1.34647e+06
391503
640150
62366
652796
676925
317807
1.22889e+06
282383
119180
905500
102400
308765
977100
1.17755e+06
32713
2.04349e+06
461460
604905
1.3761e+06
987270
469808
394292
1.1851e+06
77810
1.23909e+06
74173
404390
730420
66753
1.28626e+06
88227
151313
143859
28568
315972
725626
759363
431149
247701
525226
1.06402e+06
103949
59698
24359
748383
807937
73343
522264
915822
2.91249e+06
162677
162293
699012
1.51368e+06
1.04398e+06
201406
280682
1.68651e+06
820824
340773
84824
38196
963914
26261
26772
521934
532093
50384
365035
527342
1.53172e+06
103612
53601
47825
405722
2.32534e+06
182545
410427
1.44532e+06
758400
1.26821e+06
270482
20562
16879
116302
372358
249909
262242
630295
93716
275153
359570
1.10399e+06
265175
1.19626e+06
259765
573121
370809
1.27061e+06
171023
132008
1.09608e+06
314506
723419
314417
871301
348074
834850
237041
89495
1.32392e+06
1.71021e+06
441636
137749
1.25387e+06
1.12221e+06
150391
133518
193467
653197
835189
60759
76399
187201
460058
637684
327129
1.4209e+06
1.00596e+06
631774
164345
472769
