806560
388959
1.02047e+06
696914
210870
395304
422825
124420
170951
277118
43459
1.13041e+06
63243
177273
1.81241e+06
521913
394526
897143
805557
260705
178512
184081
661539
572000
384086
416347
1.33104e+06
308877
122055
309981
292811
2.54619e+06
121741
1.01991e+06
158272
25148
150074
547733
673948
268244
1.37052e+06
833562
42342
958254
240632
903825
59979
1.44106e+06
2.05034e+06
371189
309294
23743
623101
186733
947009
1.46944e+06
361547
315485
426337
835498
20056
650313
301993
920192
304444
382576
275075
312348
45829
919464
1.18752e+06
353168
821285
322405
70311
158199
668014
234109
1.52009e+06
195640
131944
1.29102e+06
1.0566e+06
1.97481e+06
195961
855518
1.54722e+06
99286
661981
1.08506e+06
645783
55106
105071
170180
213688
243513
358678
20689
1.66427e+06
874681
333882
170224
323045
35364
330838
23824
436081
1.31742e+06
406637
179681
2.23752e+06
1.57173e+06
377945
217498
342100
1.43009e+06
20992
1.60093e+06
333917
79469
64842
233278
97135
240219
354280
1.21234e+06
462312
1.14439e+06
75909
1.11075e+06
238034
394154
1.52008e+06
1.41154e+06
16935
825071
1.08553e+06
184386
989055
74562
580650
78344
917010
251945
407175
517144
422972
69266
579739
300678
652958
1.52536e+06
99187
272083
497958
1.32006e+06
14596
1.43358e+06
920011
85922
376279
1.14037e+06
54678
436437
399668
281402
263737
136524
51058
131978
2.35068e+06
23460
330494
590064
261341
543251
145849
258221
969299
1.28121e+06
25069
94482
239257
101212
139463
437375
531922
803834
30049
440236
708624
246574
27976
12389
263754
536789
1.06431e+06
107619
696304
1.49432e+06
116874
88093
1.13466e+06
506511
108924
601207
885166
123770
497585
891308
42745
2.10225e+06
505214
228630
592168
398693
583398
358158
174414
458448
165374
271037
370618
68315
333935
568683
305528
307500
641151
32333
353527
664295
50111
58761
394879
682341
977154
88717
750794
375476
227632
573912
848855
845418
2.10438e+06
681265
864976
58647
1.07437e+06
616917
925685
169131
568253
312481
476594
177237
814975
317758
389390
121524
895565
519366
846011
355502
2.78148e+06
26968
402578
994733
199306
334728
453352
965251
952072
834323
518448
98413
344643
102911
2.4222e+06
32416
244248
212936
383869
730406
1.27972e+06
110530
1.29846e+06
302908
866072
1.07456e+06
228326
668602
880696
114626
909579
2.44642e+06
1.44257e+06
222319
30832
510122
371901
79766
281989
416022
327179
172793
1.07496e+06
328993
187061
843708
320561
189798
381793
747811
103406
541589
127175
2.46722e+06
1.02692e+06
1.81362e+06
502458
195560
188744
1.44921e+06
284168
145234
534796
267626
205940
787410
553581
585176
1.2725e+06
631214
999782
482596
13942
94728
50061
1.83004e+06
1.24723e+06
667642
65365
192362
295691
21542
222434
189835
137876
293444
1.26091e+06
35020
367003
311559
102839
48447
473157
302809
793376
732697
114078
36045
81143
247882
97718
307627
623157
1.29578e+06
375378
613032
50550
630752
649921
298459
508668
266289
109138
319561
61899
238080
798759
659905
26723
1.6863e+06
178848
526075
1.3054e+06
436848
679748
345204
1.13329e+06
82046
839756
64086
367792
674605
66674
1.90962e+06
89805
133334
135554
26784
319850
695843
745943
409357
231658
835613
368341
89539
46298
21371
708786
805511
67482
493793
912491
3.48654e+06
167425
172419
666797
1.48699e+06
780032
135768
248615
580552
736928
319511
79047
38321
544137
32590
25718
484620
524542
40311
353521
1.18867e+06
1.73658e+06
96830
46358
42885
404862
1.93091e+06
178235
401152
658952
688237
600350
263820
22930
18628
103238
374267
206404
229354
716296
95862
243894
908759
1.20257e+06
186603
524902
224768
203435
347074
1.59579e+06
175727
135390
1.03865e+06
295329
720898
326783
843004
338982
849968
247507
444756
1.56996e+06
640165
550037
126332
1.27632e+06
2.03816e+06
159864
155936
224218
956557
1.05265e+06
80881
55677
197448
811717
1.3811e+06
423008
2.87879e+06
734444
604619
183444
525734
