0.000998502329589549  -90.1239449006594 
0.00299850299625656  493.574661516995 
0.0050025116829718  1273.84020242058 
0.0070105444862173  2136.5850943958 
0.00902261759963753  3048.66030893271 
0.0110387473148221  3994.90858780523 
0.013058950022098  4966.89564676794 
0.0150832422113285  5959.35843536542 
0.0171116404727212  6968.75349036451 
0.0191441614976435  7992.5618977525 
0.021180822079447  9028.91839388075 
0.0232216391142998  10076.3970390965 
0.0252666296020274  11133.8795535633 
0.027315810646963  12200.4704044672 
0.029369199458805  13275.4398307704 
0.0314268133534852  14358.1843331141 
0.0334886697540439  15448.1985013814 
0.0355547861915158  16545.0544414357 
0.0376251803058242  17648.3864373226 
0.0396998698466846  18757.8793077682 
0.0417788726745176  19873.2594247892 
0.0438622067613719  20994.287686606 
0.0459498901918558  22120.7539492122 
0.0480419411640799  23252.4725629669 
0.050138377990608  24389.2787576149 
0.0522392190994198  25531.0256867007 
0.0543444830348822  26677.5819901759 
0.0564541884587319  27828.829768387 
0.0585683541510673  28984.6628857101 
0.0606869990113526  30144.985540616 
0.0628101420594304  31309.7110527903 
0.0649378024365472  32478.7608283958 
0.067069999406388  33652.0634725424 
0.0692067523561231  34829.5540241855 
0.0713480807974663  36011.1732934552 
0.073494004367743  37196.8672851645 
0.0756445428309716  38386.5866952089 
0.0777997160789549  39580.286468922 
0.0799595441323849  40777.9254123388 
0.0821240471419579  41979.4658488409 
0.0842932453895033  43184.8733148884 
0.086467159289123  44394.1162895512 
0.0886458093883453  45607.1659533769 
0.0908292163692888  46823.9959728118 
0.0930174010498417  48044.582306955 
0.0952103843848517  49268.9030338954 
0.0974081874673313  50496.9381942714 
0.0996108315296735  51728.6696500216 
0.101818337944884  52964.0809565757 
0.104030728227825  54203.1572469621 
0.106248024036472  55445.8851265156 
0.10847024717319  56692.252577032 
0.110697419586014  57942.2488693642 
0.112929563369955  59195.8644835779 
0.115166700768311  60453.0910358919 
0.117408854174001  61713.9212117215 
0.119656046130906  62978.348704219 
0.121908299335231  64246.3681577819 
0.124165636636881  65517.9751160514 
0.12642808104085  66793.1659739833 
0.128695655708631  68071.9379336131 
0.130968383959633  69354.2889631852 
0.133246289272627  70640.2177593406 
0.135529395287196  71929.7237121007 
0.137817725805208  73222.8068724024 
0.140111304792307  74519.4679219693 
0.142410156379418  75819.7081453239 
0.144714304864268  77123.5294037641 
0.147023774712931  78430.9341111461 
0.149338590561382  79741.9252113276 
0.151658777217079  81056.5061571431 
0.153984359660555  82374.6808907907 
0.15631536304703  83696.4538255247 
0.15865181270805  85021.8298285535 
0.160993734153131  86350.8142050559 
0.163341153071436  87683.4126832325 
0.165694095333463  89019.6314003186 
0.168052586992756  90359.4768894891 
0.170416654287636  91702.9560675954 
0.172786323642955  93050.0762236741 
0.175161621671862  94400.8450081772 
0.177542575177604  95755.2704228738 
0.179929211155335  97113.3608113809 
0.182321556793955  98475.1248502796 
0.184719639477967  99840.5715407817 
0.187123486789362  101209.71020091 
0.189533126509515  102582.550458161 
0.191948586621119  103959.102242621 
0.194369895310129  105339.375780505 
0.19679708096774  106723.381588098 
0.199230172192382  108111.13046607 
0.201669197791741  109502.633494147 
0.204114186784807  110897.902026115 
0.206565168403947  112296.947685137 
0.209022172096999  113699.782359372 
0.211485227529397  115106.41819787 
0.213954364586318  116516.867606737 
0.216429613374861  117931.143245551 
0.218911004226247  119349.258024015 
0.221398567698048  120771.225098836 
0.223892334576451  122197.057870824 
0.226392335878535  123626.769982188 
0.228898602854595  125060.375314031 
0.231411166990478  126497.887984031 
0.233930060009962  127939.322344292 
0.236455313877156  129384.692979368 
0.238986960798936  130834.01470445 
0.241525033227407  132287.302563696 
0.244069563862402  133744.571828721 
0.246620585654007  135205.837997212 
0.249178131805124  136671.116791693 
0.251742235774062  138140.424158409 
0.254312931277163  139613.77626633 
0.256890252291463  141091.18950629 
0.259474233057388  142572.68049022 
0.262064908081481  144058.266050507 
0.264662312139166  145547.963239451 
0.267266480277554  147041.789328825 
0.269877447818274  148539.761809533 
0.272495250360353  150041.89839137 
0.275119923783124  151548.217002864 
0.27775150424918  153058.735791212 
0.280390028207361  154573.473122307 
0.283035532395785  156092.447580842 
0.285688053844917  157615.677970497 
0.288347629880675  159143.183314211 
0.291014298127591  160674.982854521 
0.293688096511993  162211.096053986 
0.296369063265251  163751.542595681 
0.299057236927051  165296.342383759 
0.301752656348723  166845.515544086 
0.304455360696608  168399.082424947 
0.307165389455474  169957.063597817 
0.309882782431973  171519.479858193 
0.312607579758159  173086.352226498 
0.315339821895032  174657.701949047 
0.318079549636152  176233.550499068 
0.320826804111291  177813.919577796 
0.323581626790135  179398.831115617 
0.326344059486045  180988.307273281 
0.329114144359861  182582.370443164 
0.331891923923763  184181.043250597 
0.33467744104519  185784.348555246 
0.337470738950802  187392.309452557 
0.340271861230514  189004.949275247 
0.343080851841569  190622.291594859 
0.345897755112683  192244.360223374 
0.348722615748237  193871.179214867 
0.351555478832541  195502.772867234 
0.354396389834145  197139.16572396 
0.35724539461022  198780.382575951 
0.360102539411  200426.448463415 
0.362967870884286  202077.388677799 
0.365841436080018  203733.228763782 
0.368723282454907  205393.994521319 
0.37161345787714  207059.712007742 
0.374512010631151  208730.407539916 
0.377418989422461  210406.107696444 
0.380334443382585  212086.839319936 
0.38325842207402  213772.62951932 
0.386190975495298  215463.505672223 
0.389132154086114  217159.495427391 
0.392082008732535  218860.626707181 
0.39504059077228  220566.927710094 
0.398007952000082  222278.426913374 
0.400984144673128  223995.153075657 
0.403969221516582  225717.135239684 
0.406963235729186  227444.402735062 
0.409966240988956  229176.985181093 
0.412978291458948  230914.912489651 
0.415999441793124  232658.214868126 
0.419029747142303  234406.922822422 
0.4220692631602  236161.067160021 
0.425118046009558  237920.678993096 
0.428176152368379  239685.789741701 
0.431243639436241  241456.431137008 
0.43432056494072  243232.635224618 
0.437406987143909  245014.434367927 
0.440502964849038  246801.861251559 
0.443608557407191  248594.948884868 
0.44672382472414  250393.7306055 
0.449848827267275  252198.240083023 
0.452983626072647  254008.511322625 
0.456128282752118  255824.578668883 
0.459282859500634  257646.476809596 
0.462447419103597  259474.240779695 
0.465622024944369  261307.905965214 
0.468806741011889  263147.508107351 
0.472001631908409  264993.083306582 
0.475206762857357  266844.668026862 
0.478422199711331  268702.299099904 
0.481648008960214  270566.013729525 
0.484884257739422  272435.849496079 
0.488131013838292  274311.844360965 
0.491388345708599  276194.036671218 
0.494656322473215  278082.465164179 
0.497935013934913  279977.168972257 
0.501224490585312  281878.187627765 
0.504524823613969  283785.561067847 
0.507836084917625  285699.329639501 
0.511158347109603  287619.534104675 
0.514491683529361  289546.21564547 
0.517836168252208  291479.415869427 
0.52119187609918  293419.176814912 
0.524558882647085  295365.540956592 
0.527937264238712  297318.551211019 
0.531327097993223  299278.250942304 
0.534728461816714  301244.683967895 
0.538141434412954  303217.894564466 
0.541566095294318  305197.927473896 
0.545002524792899  307184.827909374 
0.548450804071815  309178.641561599 
0.551911015136711  311179.414605101 
0.55538324084746  313187.193704667 
0.558867564930071  315202.026021894 
0.5623640719888  317223.95922185 
0.565872847518479  319253.041479865 
0.569393977917058  321289.321488435 
0.572927550498369  323332.848464262 
0.57647365350512  325383.672155415 
0.580032376122114  327441.842848627 
0.583603808489711  329507.411376718 
0.587188041717526  331580.429126163 
0.590785167898376  333660.948044793 
0.594395280122475  335749.020649641 
0.598018472491896  337844.700034932 
0.60165484013528  339948.039880219 
0.605304479222829  342059.094458673 
0.608967486981566  344177.918645525 
0.612643961710875  346304.567926669 
0.616334002798329  348439.098407421 
0.620037710735813  350581.566821446 
0.623755187135945  352732.03053985 
0.627486534748804  354890.54758045 
0.631231857478966  357057.17661721 
0.634991260402871  359231.976989861 
0.638764849786511  361415.00871371 
0.642552733103448  363606.332489623 
0.646355019053186  365806.009714212 
0.650171817579887  368014.102490207 
0.654003239891443  370230.673637041 
0.657849398478921  372455.786701624 
0.661710407136381  374689.505969342 
0.665586380981074  376931.896475254 
0.669477436474041  379183.024015522 
0.673383691441106  381442.955159059 
0.677305265094287  383711.757259401 
0.681242278053627  385989.498466825 
0.68519485236945  388276.247740694 
0.689163111545071  390572.074862058 
0.693147180559945  392877.050446501 
0.697147185893291  395191.245957246 
0.701163255548181  397514.733718522 
0.70519551907612  399847.586929204 
0.70924410760212  402189.879676726 
0.71330915385029  404541.686951277 
0.717390792169938  406903.084660287 
0.72148915856222  409274.149643213 
0.725604390707327  411654.959686616 
0.729736627992237  414045.593539569 
0.733886011539049  416446.130929366 
0.738052684233895  418856.652577564 
0.742236790756469  421277.240216365 
0.746438477610169  423707.976605332 
0.750657893152877  426148.945548462 
0.754895187628392  428600.231911618 
0.759150513198531  431061.92164033 
0.763424023975913  433534.101777979 
0.767715876057454  436016.860484359 
0.772026227558576  438510.28705465 
0.776355238648161  441014.471938794 
0.780703071584265  443529.506761288 
0.785069890750606  446055.484341409 
0.78945586269386  448592.498713883 
0.793861156161776  451140.645150003 
0.798285942142132  453700.020179214 
0.802730393902556  456270.721611173 
0.807194687031241  458852.848558301 
0.81167899947857  461446.501458833 
0.816183511599674  464051.782100394 
0.820708406197964  466668.79364409 
0.825253868569639  469297.640649158 
0.82982008654922  471938.429098168 
0.834407250556126  474591.266422794 
0.83901555364232  477256.261530188 
0.843645191541062  479933.524829948 
0.848296362716793  482623.168261719 
0.852969268416185  485325.305323421 
0.857664112720393  488040.051100151 
0.862381102598532  490767.52229375 
0.867120447962429  493507.83725307 
0.871882361722673  496261.116004956 
0.876667059846009  499027.480285959 
0.881474761414112  501807.053574818 
0.886305688683777  504599.961125702 
0.891160067148576  507406.330002274 
0.896038125602008  510226.289112555 
0.900940096202215  513059.969244661 
0.905866214538271  515907.503103392 
0.910816719698127  518769.025347731 
0.915791854338241  521644.672629267 
0.920791864754947  524534.583631565 
0.92581700095762  527438.899110525 
0.930867516743688  530357.761935744 
0.935943669775549  533291.317132921 
0.941045721659444  536239.71192734 
0.946173938026364  539203.095788452 
0.951328588615028  542181.620475595 
0.956509947357026  545175.440084895 
0.961718292464164  548184.711097371 
0.966953906518109  551209.592428292 
0.972217076562384  554250.24547782 
0.9775080941968  557306.834182979 
0.982827255674399  560379.525070996 
0.988174862000995  563468.487314054 
0.993551219037375  566573.892785505 
0.998956637604283  569695.916117585 
1.00439143359024  572834.734760686 
1.00985592806232  575990.529044231 
1.01535044737996  579163.482239202 
1.02087532331193  582353.78062239 
1.02643089315653  585561.613542396 
1.03201749986517  588787.173487474 
1.03763549216939  592030.656155254 
1.04328522471151  595292.260524411 
1.04896705817894  598572.188928362 
1.05468135944238  601870.647131036 
1.06042850169795  605187.844404809 
1.06620886461345  608523.993610663 
1.07202283447887  611879.311280657 
1.07787080436129  615254.017702779 
1.08375317426436  618648.33700828 
1.08967035129245  622062.497261548 
1.09562274981974  625496.730552652 
1.10161079166437  628951.273092608 
1.10763490626775  632426.365311496 
1.11369553087944  635922.251959523 
1.11979311074756  639439.182211124 
1.12592809931507  642977.409772232 
1.13210095842215  646537.192990822 
1.13831215851479  650118.794970853 
1.14456217885997  653722.483689731 
1.15085150776753  657348.53211943 
1.15718064281918  660997.218351401 
1.16355009110466  664668.825725422 
1.16996036946558  668363.642962533 
1.17641200474706  672081.964302206 
1.18290553405761  675824.089643931 
1.1894415050374  679590.324693371 
1.19602047613544  683380.981113278 
1.20264301689593  687196.376679348 
1.20930970825412  691036.835441216 
1.21602114284211  694902.687888792 
1.22277792530499  698794.271124158 
1.22958067262774  702711.929039245 
1.23643001447332  706656.012499524 
1.24332659353238  710626.879533965 
1.25027106588519  714624.895531516 
1.25726410137616  718650.433444375 
1.26430638400157  722703.873998332 
1.27139861231106  726785.605910496 
1.27854149982344  730896.026114701 
1.28573577545747  735035.539994927 
1.29298218397824  739204.561627084 
1.30028148645985  743403.514029517 
1.30763446076511  747632.829422612 
1.31504190204297  751892.949497904 
1.32250462324456  756184.32569711 
1.33002345565859  760507.419501531 
1.33759924946705  764862.702732276 
1.34523287432212  769250.657861818 
1.35292521994527  773671.778337389 
1.36067719674959  778126.568916749 
1.36848973648638  782615.546016929 
1.37636379291729  787139.238076516 
1.38430034251303  791698.185932161 
1.3923003851801  796292.943209945 
1.40036494501683  800924.076732343 
1.40849507110008  805592.166941519 
1.41669183830426  810297.808339757 
1.42495634815415  815041.609947864 
1.4332897297133  819824.195782433 
1.44169314050968  824646.2053529 
1.45016776750065  829508.294179409 
1.45871482807911  834411.134332511 
1.46733557112302  839355.414995837 
1.47603127809057  844341.843052914 
1.48480326416341  849371.14369939 
1.49365287944039  854444.061081996 
1.50258151018469  859561.358965651 
1.51159058012706  864723.821430235 
1.52068155182831  869932.253598605 
1.52985592810435  875187.482397562 
1.53911525351715  880490.357353583 
1.54846111593539  885841.751425233 
1.55789514816874  891242.561874308 
1.56741902968  896693.711177906 
1.57703448837944  902196.147983737 
1.5867433025064  907750.848111177 
1.59654730260302  913358.815600715 
1.60644837358573  919021.083814624 
1.61644845692032  924738.716591903 
1.62654955290682  930512.809460725 
1.63675372308106  936344.490911865 
1.64706309273992  942234.923736845 
1.65747985359818  948185.306434761 
1.66800626658517  954196.874692099 
1.67864466479022  960270.902940112 
1.68939745656649  966408.705994715 
1.70026712880339  972611.640784181 
1.71125625037898  978881.108170381 
1.72236747580406  985218.55486968 
1.73360354907098  991625.475480137 
1.7449673077213  998103.414622162 
1.75646168714703  1004653.96920031 
1.76808972514215  1011278.79079458 
1.77985456672174  1017979.5881902 
1.79175946922806  1024758.13005569 
1.80380780774423  1031616.24777969 
1.81600308083805  1038555.83847808 
1.82834891666035  1045578.86818377 
1.84084907942458  1052687.37523267 
1.8535074762965  1059883.47386055 
1.86632816472556  1067169.35802664 
1.87931536025237  1074547.30548162 
1.89247344482989  1082019.68209865 
1.90580697569935  1089588.94648851 
1.91932069486607  1097257.65492129 
1.93301953922424  1105028.46657946 
1.9469086513849  1112904.14916967 
1.96099339126664  1120887.58492281 
1.97527934851412  1128981.7770154 
1.98977235581669  1137189.85644809 
2.00447850320638  1145515.08942105 
2.01940415342306  1153960.88525006 
2.03455595844366  1162530.80487153 
2.04994087728314  1171228.56998993 
2.06556619518622  1180058.07292683 
2.08143954434251  1189023.3872373 
2.09756892627239  1198128.77916646 
2.11396273604807  1207378.72002758 
2.13062978853328  1216777.89959199 
2.14757934684705  1226331.24059221 
2.16482115328156  1236043.91445097 
2.18236546293247  1245921.35836313 
2.20022308033248  1255969.29387256 
2.21840539941567  1266193.74710414 
2.2369244471829  1276601.07083123 
2.25579293148729  1287197.96858241 
2.27502429341517  1297991.52101833 
2.29463276480355  1308989.2148404 
2.31463343151022  1320198.97452909 
2.33504230314143  1331629.1972515 
2.35587639004427  1343288.79132614 
2.37715378849155  1355187.21868967 
2.39889377512796  1367334.54187683 
2.42111691191267  1379741.47610231 
2.44384516299023  1392419.44712553 
2.46710202515449  1405380.65568744 
2.49091267384821  1418638.1494376 
2.51530412697237  1432205.90342274 
2.54030542917779  1446098.910392 
2.56594785979113  1460333.2823937 
2.5922651681085  1474926.36540454 
2.61929384049642  1489896.8690539 
2.64707340460349  1505265.01389733 
2.67564677704755  1521052.69917289 
2.70506066225384  1537283.69456321 
2.73536601174917  1553983.86021486 
2.76661855525328  1571181.4001735 
2.7988794174715  1588907.15552799 
2.83221583773909  1607194.94498636 
2.86670201381026  1626081.96242093 
2.90242009641234  1645609.24323786 
2.93946136809269  1665822.21441414 
2.97792764892048  1686771.34692439 
3.01793298353418  1708512.93436723 
3.05960567993475  1731110.02833189 
3.10309079187449  1754633.57004834 
3.14855316595125  1779163.77003672 
3.1961812149405  1804791.80413107 
3.24619163551516  1831621.91735126 
3.29883536900059  1859774.05958173 
3.3544052201554  1889387.22341363 
3.41324572017833  1920623.72191088 
3.47576607715966  1953674.74382953 
3.54245745165834  1988767.67458093 
3.61391641564048  2026175.90435564 
3.69087745677661  2066232.21473813 
3.77425906571566  2109347.43944451 
3.86523084392139  2156037.115266 
3.96531430247837  2206960.62925613 
4.07653993758859  2262980.64956349 
4.2017030805426  2325256.96286382 
4.34480392418327  2395401.85415622 
4.51185800884644  2475752.97563244 
4.71252870430859  2569889.65780141 
4.9638431325895  2683709.9957755 
5.30031536921071  2827994.55071752 
5.81114099297671  3025680.74797172 
