0.000998502329589549  765.047637858546 
0.00299850299625656  1976.25723401703 
0.0050025116829718  3189.89410553843 
0.0070105444862173  4405.96800052625 
0.00902261759963753  5624.488725926 
0.0110387473148221  6845.46614799921 
0.013058950022098  8068.9101928033 
0.0150832422113285  9294.83084667518 
0.0171116404727212  10523.2381567209 
0.0191441614976435  11754.1422313092 
0.021180822079447  12987.5532405711 
0.0232216391142998  14223.4814169035 
0.0252666296020274  15461.937055479 
0.027315810646963  16702.9305147603 
0.029369199458805  17946.47221702 
0.0314268133534852  19192.5726488658 
0.0334886697540439  20441.2423617711 
0.0355547861915158  21692.491972611 
0.0376251803058242  22946.3321642043 
0.0396998698466846  24202.7736858601 
0.0417788726745176  25461.8273539313 
0.0438622067613719  26723.5040523732 
0.0459498901918558  27987.8147333077 
0.0480419411640799  29254.7704175941 
0.050138377990608  30524.3821954054 
0.0522392190994198  31796.6612268108 
0.0543444830348822  33071.6187423639 
0.0564541884587319  34349.2660436984 
0.0585683541510673  35629.6145041283 
0.0606869990113526  36912.6755692557 
0.0628101420594304  38198.460757585 
0.0649378024365472  39486.9816611428 
0.067069999406388  40778.2499461054 
0.0692067523561231  42072.2773534323 
0.0713480807974663  43369.0756995069 
0.073494004367743  44668.6568767839 
0.0756445428309716  45971.0328544436 
0.0777997160789549  47276.2156790531 
0.0799595441323849  48584.2174752357 
0.0821240471419579  49895.0504463455 
0.0842932453895033  51208.7268751517 
0.086467159289123  52525.2591245282 
0.0886458093883453  53844.6596381526 
0.0908292163692888  55166.9409412111 
0.0930174010498417  56492.1156411123 
0.0952103843848517  57820.1964282084 
0.0974081874673313  59151.1960765246 
0.0996108315296735  60485.1274444957 
0.101818337944884  61822.0034757123 
0.104030728227825  63161.8371996737 
0.106248024036472  64504.6417325498 
0.10847024717319  65850.4302779523 
0.110697419586014  67199.2161277128 
0.112929563369955  68551.0126626711 
0.115166700768311  69905.833353471 
0.117408854174001  71263.6917613668 
0.119656046130906  72624.6015390365 
0.121908299335231  73988.5764314066 
0.124165636636881  75355.6302764842 
0.12642808104085  76725.7770061999 
0.128695655708631  78099.0306472592 
0.130968383959633  79475.4053220049 
0.133246289272627  80854.9152492873 
0.135529395287196  82237.5747453469 
0.137817725805208  83623.3982247048 
0.140111304792307  85012.4002010651 
0.142410156379418  86404.5952882262 
0.144714304864268  87799.9982010039 
0.147023774712931  89198.6237561645 
0.149338590561382  90600.4868733686 
0.151658777217079  92005.6025761261 
0.153984359660555  93413.9859927623 
0.15631536304703  94825.6523573951 
0.15865181270805  96240.6170109241 
0.160993734153131  97658.8954020302 
0.163341153071436  99080.5030881882 
0.165694095333463  100505.455736691 
0.168052586992756  101933.769125684 
0.170416654287636  103365.459145215 
0.172786323642955  104800.541798296 
0.175161621671862  106239.033201973 
0.177542575177604  107680.949588415 
0.179929211155335  109126.307306011 
0.182321556793955  110575.122820485 
0.184719639477967  112027.412716017 
0.187123486789362  113483.193696387 
0.189533126509515  114942.482586124 
0.191948586621119  116405.296331675 
0.194369895310129  117871.652002585 
0.19679708096774  119341.566792692 
0.199230172192382  120815.058021335 
0.201669197791741  122292.143134583 
0.204114186784807  123772.839706469 
0.206565168403947  125257.165440249 
0.209022172096999  126745.138169669 
0.211485227529397  128236.775860251 
0.213954364586318  129732.096610598 
0.216429613374861  131231.118653705 
0.218911004226247  132733.860358299 
0.221398567698048  134240.340230189 
0.223892334576451  135750.576913628 
0.226392335878535  137264.589192704 
0.228898602854595  138782.395992737 
0.231411166990478  140304.016381703 
0.233930060009962  141829.469571666 
0.236455313877156  143358.774920238 
0.238986960798936  144891.951932051 
0.241525033227407  146429.02026025 
0.244069563862402  147969.999708002 
0.246620585654007  149514.910230032 
0.249178131805124  151063.77193417 
0.251742235774062  152616.605082922 
0.254312931277163  154173.430095059 
0.256890252291463  155734.26754723 
0.259474233057388  157299.138175595 
0.262064908081481  158868.062877474 
0.264662312139166  160441.062713025 
0.267266480277554  162018.158906939 
0.269877447818274  163599.372850157 
0.272495250360353  165184.726101613 
0.275119923783124  166774.240389996 
0.27775150424918  168367.937615538 
0.280390028207361  169965.839851825 
0.283035532395785  171567.96934763 
0.285688053844917  173174.348528772 
0.288347629880675  174785 
0.291014298127591  176399.946546902 
0.293688096511993  178019.211137837 
0.296369063265251  179642.816925899 
0.299057236927051  181270.787250898 
0.301752656348723  182903.145641379 
0.304455360696608  184539.915816658 
0.307165389455474  186181.12168889 
0.309882782431973  187826.78736517 
0.312607579758159  189476.937149651 
0.315339821895032  191131.595545702 
0.318079549636152  192790.787258091 
0.320826804111291  194454.537195197 
0.323581626790135  196122.870471251 
0.326344059486045  197795.812408617 
0.329114144359861  199473.388540095 
0.331891923923763  201155.624611255 
0.33467744104519  202842.546582815 
0.337470738950802  204534.18063304 
0.340271861230514  206230.553160183 
0.343080851841569  207931.690784951 
0.345897755112683  209637.620353019 
0.348722615748237  211348.368937566 
0.351555478832541  213063.963841857 
0.354396389834145  214784.432601854 
0.35724539461022  216509.802988872 
0.360102539411  218240.103012265 
0.362967870884286  219975.360922155 
0.365841436080018  221715.605212202 
0.368723282454907  223460.864622408 
0.37161345787714  225211.168141969 
0.374512010631151  226966.545012158 
0.377418989422461  228727.024729262 
0.380334443382585  230492.637047555 
0.38325842207402  232263.411982311 
0.386190975495298  234039.379812871 
0.389132154086114  235820.571085746 
0.392082008732535  237607.016617773 
0.39504059077228  239398.74749931 
0.398007952000082  241195.795097485 
0.400984144673128  242998.191059491 
0.403969221516582  244805.967315929 
0.406963235729186  246619.156084204 
0.409966240988956  248437.789871966 
0.412978291458948  250261.901480612 
0.415999441793124  252091.524008833 
0.419029747142303  253926.690856219 
0.4220692631602  255767.435726914 
0.425118046009558  257613.792633334 
0.428176152368379  259465.795899938 
0.431243639436241  261323.480167053 
0.43432056494072  263186.880394764 
0.437406987143909  265056.031866863 
0.440502964849038  266930.970194855 
0.443608557407191  268811.731322031 
0.44672382472414  270698.351527602 
0.449848827267275  272590.867430895 
0.452983626072647  274489.315995625 
0.456128282752118  276393.734534218 
0.459282859500634  278304.160712219 
0.462447419103597  280220.632552757 
0.465622024944369  282143.188441087 
0.468806741011889  284071.867129204 
0.472001631908409  286006.707740529 
0.475206762857357  287947.74977467 
0.478422199711331  289895.033112262 
0.481648008960214  291848.598019886 
0.484884257739422  293808.485155056 
0.488131013838292  295774.735571308 
0.491388345708599  297747.39072335 
0.494656322473215  299726.492472312 
0.497935013934913  301712.083091074 
0.501224490585312  303704.205269684 
0.504524823613969  305702.902120865 
0.507836084917625  307708.217185615 
0.511158347109603  309720.194438895 
0.514491683529361  311738.878295417 
0.517836168252208  313764.313615531 
0.52119187609918  315796.545711198 
0.524558882647085  317835.620352082 
0.527937264238712  319881.583771726 
0.531327097993223  321934.482673849 
0.534728461816714  323994.36423874 
0.538141434412954  326061.276129765 
0.541566095294318  328135.266499983 
0.545002524792899  330216.383998879 
0.548450804071815  332304.677779209 
0.551911015136711  334400.19750397 
0.55538324084746  336502.993353481 
0.558867564930071  338613.116032599 
0.5623640719888  340730.616778049 
0.565872847518479  342855.547365895 
0.569393977917058  344987.960119133 
0.572927550498369  347127.90791542 
0.57647365350512  349275.444194945 
0.580032376122114  351430.622968437 
0.583603808489711  353593.49882531 
0.587188041717526  355764.126941967 
0.590785167898376  357942.56309024 
0.594395280122475  360128.863645992 
0.598018472491896  362323.08559787 
0.60165484013528  364525.286556216 
0.605304479222829  366735.524762147 
0.608967486981566  368953.859096794 
0.612643961710875  371180.349090717 
0.616334002798329  373415.054933486 
0.620037710735813  375658.03748345 
0.623755187135945  377909.358277676 
0.627486534748804  380169.079542083 
0.631231857478966  382437.264201763 
0.634991260402871  384713.975891489 
0.638764849786511  386999.278966434 
0.642552733103448  389293.238513082 
0.646355019053186  391595.920360352 
0.650171817579887  393907.391090933 
0.654003239891443  396227.718052836 
0.657849398478921  398556.969371169 
0.661710407136381  400895.213960137 
0.665586380981074  403242.521535276 
0.669477436474041  405598.962625929 
0.673383691441106  407964.608587955 
0.677305265094287  410339.531616702 
0.681242278053627  412723.80476022 
0.68519485236945  415117.501932748 
0.689163111545071  417520.69792846 
0.693147180559945  419933.468435489 
0.697147185893291  422355.890050232 
0.701163255548181  424788.040291937 
0.70519551907612  427229.99761759 
0.70924410760212  429681.841437103 
0.71330915385029  432143.652128804 
0.717390792169938  434615.511055254 
0.72148915856222  437097.500579377 
0.725604390707327  439589.704080928 
0.729736627992237  442092.205973304 
0.733886011539049  444605.091720695 
0.738052684233895  447128.447855601 
0.742236790756469  449662.361996708 
0.746438477610169  452206.922867147 
0.750657893152877  454762.220313135 
0.754895187628392  457328.345323007 
0.759150513198531  459905.390046656 
0.763424023975913  462493.447815396 
0.767715876057454  465092.613162235 
0.772026227558576  467702.981842599 
0.776355238648161  470324.6508555 
0.780703071584265  472957.718465162 
0.785069890750606  475602.284223119 
0.78945586269386  478258.448990806 
0.793861156161776  480926.314962635 
0.798285942142132  483605.985689588 
0.802730393902556  486297.566103338 
0.807194687031241  489001.162540903 
0.81167899947857  491716.882769851 
0.816183511599674  494444.83601408 
0.820708406197964  497185.132980175 
0.825253868569639  499937.885884364 
0.82982008654922  502703.2084801 
0.834407250556126  505481.216086256 
0.83901555364232  508272.025615988 
0.843645191541062  511075.755606258 
0.848296362716793  513892.526248045 
0.852969268416185  516722.459417257 
0.857664112720393  519565.67870638 
0.862381102598532  522422.309456862 
0.867120447962429  525292.478792268 
0.871882361722673  528176.315652232 
0.876667059846009  531073.950827206 
0.881474761414112  533985.51699406 
0.886305688683777  536911.14875253 
0.891160067148576  539850.98266256 
0.896038125602008  542805.157282544 
0.900940096202215  545773.81320852 
0.905866214538271  548757.093114315 
0.910816719698127  551755.14179269 
0.915791854338241  554768.106197511 
0.920791864754947  557796.13548697 
0.92581700095762  560839.381067895 
0.930867516743688  563897.996641174 
0.935943669775549  566972.138248339 
0.941045721659444  570061.964319333 
0.946173938026364  573167.635721503 
0.951328588615028  576289.31580986 
0.956509947357026  579427.170478632 
0.961718292464164  582581.368214167 
0.966953906518109  585752.080149223 
0.972217076562384  588939.480118675 
0.9775080941968  592143.744716711 
0.982827255674399  595365.053355533 
0.988174862000995  598603.588325646 
0.993551219037375  601859.534857749 
0.998956637604283  605133.081186313 
1.00439143359024  608424.418614877 
1.00985592806232  611733.741583137 
1.01535044737996  615061.24773587 
1.02087532331193  618407.137993766 
1.02643089315653  621771.616626228 
1.03201749986517  625154.891326203 
1.03763549216939  628557.173287118 
1.04328522471151  631978.677281988 
1.04896705817894  635419.62174477 
1.05468135944238  638880.228854042 
1.06042850169795  642360.724619092 
1.06620886461345  645861.338968486 
1.07202283447887  649382.305841216 
1.07787080436129  652923.863280515 
1.08375317426436  656486.253530425 
1.08967035129245  660069.723135229 
1.09562274981974  663674.523041838 
1.10161079166437  667300.908705245 
1.10763490626775  670949.140197154 
1.11369553087944  674619.482317903 
1.11979311074756  678312.204711799 
1.12592809931507  682027.581985988 
1.13210095842215  685765.893832999 
1.13831215851479  689527.425157088 
1.14456217885997  693312.466204536 
1.15085150776753  697121.312698039 
1.15718064281918  700954.265975356 
1.16355009110466  704811.633132371 
1.16996036946558  708693.727170735 
1.17641200474706  712600.867150281 
1.18290553405761  716533.378346379 
1.1894415050374  720491.592412439 
1.19602047613544  724475.847547752 
1.20264301689593  728486.488670901 
1.20930970825412  732523.867598941 
1.21602114284211  736588.343232595 
1.22277792530499  740680.281747712 
1.22958067262774  744800.056793233 
1.23643001447332  748948.049695933 
1.24332659353238  753124.649672232 
1.25027106588519  757330.254047354 
1.25726410137616  761565.268482152 
1.26430638400157  765830.107207919 
1.27139861231106  770125.193269524 
1.27854149982344  774450.958777239 
1.28573577545747  778807.845167615 
1.29298218397824  783196.303473813 
1.30028148645985  787616.794605811 
1.30763446076511  792069.789640897 
1.31504190204297  796555.770124933 
1.32250462324456  801075.228384856 
1.33002345565859  805628.667852931 
1.33759924946705  810216.603403279 
1.34523287432212  814839.56170126 
1.35292521994527  819498.081566287 
1.36067719674959  824192.714348702 
1.36848973648638  828924.024321385 
1.37636379291729  833692.589086766 
1.38430034251303  838499 
1.3923003851801  843343.862609065 
1.40036494501683  848227.797112607 
1.40849507110008  853151.438836398 
1.41669183830426  858115.438729319 
1.42495634815415  863120.463879845 
1.4332897297133  868167.198054043 
1.44169314050968  873256.342256179 
1.45016776750065  878388.615313085 
1.45871482807911  883564.754483492 
1.46733557112302  888785.516093636 
1.47603127809057  894051.67620049 
1.48480326416341  899364.031284099 
1.49365287944039  904723.398970538 
1.50258151018469  910130.618787157 
1.51159058012706  915586.55295184 
1.52068155182831  921092.087198142 
1.52985592810435  926648.131638281 
1.53911525351715  932255.621666083 
1.54846111593539  937915.518902123 
1.55789514816874  943628.812183447 
1.56741902968  949396.518600432 
1.57703448837944  955219.68458349 
1.5867433025064  961099.387042536 
1.59654730260302  967036.734562302 
1.60644837358573  973032.868656843 
1.61644845692032  979088.965086759 
1.62654955290682  985206.235242954 
1.63675372308106  991385.927600993 
1.64706309273992  997629.329250437 
1.65747985359818  1003937.76750383 
1.66800626658517  1010312.61159036 
1.67864466479022  1016755.27443966 
1.68939745656649  1023267.21456147 
1.70026712880339  1029849.93802744 
1.71125625037898  1036505.00056194 
1.72236747580406  1043234.0097489 
1.73360354907098  1050038.62736272 
1.7449673077213  1056920.57183158 
1.75646168714703  1063881.6208424 
1.76808972514215  1070923.61409716 
1.77985456672174  1078048.45623145 
1.79175946922806  1085258.11990672 
1.80380780774423  1092554.64908882 
1.81600308083805  1099940.16252648 
1.82834891666035  1107416.85744453 
1.84084907942458  1114987.01346794 
1.8535074762965  1122652.99679423 
1.86632816472556  1130417.26463346 
1.87931536025237  1138282.36993639 
1.89247344482989  1146250.96643386 
1.90580697569935  1154325.81401213 
1.91932069486607  1162509.7844514 
1.93301953922424  1170805.86755748 
1.9469086513849  1179217.17771927 
1.96099339126664  1187746.96092809 
1.97527934851412  1196398.60229843 
1.98977235581669  1205175.63413379 
2.00447850320638  1214081.74458554 
2.01940415342306  1223120.7869582 
2.03455595844366  1232296.78971957 
2.04994087728314  1241613.96728109 
2.06556619518622  1251076.73162045 
2.08143954434251  1260689.70482676 
2.09756892627239  1270457.73265754 
2.11396273604807  1280385.8992071 
2.13062978853328  1290479.54279743 
2.14757934684705  1300744.273216 
2.16482115328156  1311185.99043971 
2.18236546293247  1321810.90500165 
2.20022308033248  1332625.56017647 
2.21840539941567  1343636.85618303 
2.2369244471829  1354852.07662832 
2.25579293148729  1366278.91744658 
2.27502429341517  1377925.51862151 
2.29463276480355  1389800.49901898 
2.31463343151022  1401912.99470382 
2.33504230314143  1414272.70116716 
2.35587639004427  1426889.91995338 
2.37715378849155  1439775.61024847 
2.39889377512796  1452941.44607704 
2.42111691191267  1466399.87985608 
2.44384516299023  1480164.21317249 
2.46710202515449  1494248.67579261 
2.49091267384821  1508668.51408029 
2.51530412697237  1523440.09020055 
2.54030542917779  1538580.99372741 
2.56594785979113  1554110.16756486 
2.5922651681085  1570048.05044177 
2.61929384049642  1586416.73866937 
2.64707340460349  1603240.17037335 
2.67564677704755  1620544.33605472 
2.70506066225384  1638357.52012807 
2.73536601174917  1656710.57907222 
2.76661855525328  1675637.26306159 
2.7988794174715  1695174.58949867 
2.83221583773909  1715363.27883394 
2.86670201381026  1736248.26556839 
2.90242009641234  1757879.30056005 
2.93946136809269  1780311.66493916 
2.97792764892048  1803607.02140762 
3.01793298353418  1827834.43592263 
3.05960567993475  1853071.61239932 
3.10309079187449  1879406.39605677 
3.14855316595125  1906938.61875232 
3.1961812149405  1935782.38412877 
3.24619163551516  1966068.92468722 
3.29883536900059  1997950.2116477 
3.3544052201554  2031603.56891781 
3.41324572017833  2067237.64617505 
3.47576607715966  2105100.26171969 
3.54245745165834  2145488.86464372 
3.61391641564048  2188764.74167177 
3.69087745677661  2235372.70191299 
3.77425906571566  2285868.98752594 
3.86523084392139  2340961.91453282 
3.96531430247837  2401572.91703961 
4.07653993758859  2468931.67287885 
4.2017030805426  2544731.047528 
4.34480392418327  2631393.57615845 
4.51185800884644  2732562.29764628 
4.71252870430859  2854089.393143 
4.9638431325895  3006286.56600405 
5.30031536921071  3210055.69899922 
5.81114099297671  3519414.04461424 
