6,62,3,3,22,14,14,22,19
5.41935,80,3,17,22,4
5.22581,86,3,16,19,4
3.87097,66,3,17,21
5.48387,78,3,12,2,11,12
3.80645,68,3,10,22
4.90323,96,3,10,17,4
3.74194,70,3,13,8
5.67742,72,3,14,20,18
5.29032,84,3,4,21,16
5.67742,72,3,15,14,10
5.22581,86,3,15,13,15,4
4.83871,98,3,10,5,13
3.67742,72,3,10,7
7.48387,78,3,12,20,7,4
5.29032,84,3,18,20,11
5.80645,68,3,14,4,15
7.48387,78,3,7,7,14,18,5
6,62,3,13,12,14
4.3871,112,3,18,5,13
6.96774,94,3,15,21,13,21,16
6,62,3,15,14,2
6,62,3,17,7,22
6.96774,94,3,13,2,20,17
3.87097,66,3,2,11,3
7.41935,80,3,15,19,8,6
3.09677,90,3,6,10
7.74194,70,3,15,18,17,22
3.22581,86,3,17,17,1
4.19355,118,3,21,16,13
5.16129,88,3,7,13,15
3.87097,66,3,4,17
5.6129,74,3,2,1,19
3.87097,66,3,4,17
5.54839,76,3,9,10,12
4.96774,94,3,15,20,6
4.83871,98,3,19,20,16
5.93548,64,3,12,1,7
5.80645,68,3,7,18,6
3.87097,66,3,17,18
5.09677,90,3,14,10,12
5.16129,88,3,2,20,5
5.29032,84,3,20,4,19
7.87097,66,3,1,11,18,9
6,62,3,18,13,4
6,62,3,15,19,9
3.41935,80,3,2,10
3.29032,84,3,17,20
3.22581,86,3,17,1
7.22581,86,3,1,22,18,10
3.22581,86,3,1,3,4,1
3.22581,86,3,3,17,1
7.35484,82,3,1,15,18,2
3.80645,68,3,17,10
3.09677,90,3,5,20
4.83871,98,3,20,19,13
5.80645,68,3,8,2,2,8,20
5.48387,78,3,21,13,19
3.03226,92,3,6,5
7.16129,88,3,13,4,4,6,2
7.09677,90,3,18,22,6,20
7.93548,64,3,12,8,7,8,18
3.87097,66,3,6,14
5.80645,68,3,1,7,4
3.22581,86,3,5,6
5.6129,74,3,10,11,14
5.93548,64,3,1,5,18
4.83871,98,3,1,6,11
5.80645,68,3,22,22,6,15
5.93548,64,3,20,15,21
5.87097,66,3,12,7,21,3
4.83871,98,3,22,12,10
4,62,3,22,9
5.22581,86,3,15,20,8
7.16129,88,3,14,16,5,22
5.48387,78,3,2,20,3,21
4,62,3,20,1
3.54839,76,3,6,12
7.48387,78,3,8,1,12,9
6,62,3,3,21,15,10
4,62,3,9,22
3.74194,70,3,9,5,3
5.93548,64,3,14,21,10
5.03226,92,3,8,3,9,4
8,62,3,12,15,9,16
5.54839,76,3,11,11,18,9,11
5.09677,90,3,5,9,2
7.48387,78,3,11,22,15,10
5.80645,68,3,20,4,20,21
3.67742,72,3,17,9
3.22581,86,3,4,9
3.22581,86,3,5,6
4.90323,96,3,19,10,2
4.96774,94,3,16,11,17
3.09677,90,3,3,5,20
9.29032,84,3,3,2,15,22,7,4
7.16129,88,3,18,7,8,4
3.80645,68,3,9,19,3
3.74194,70,3,17,5
3.29032,84,3,10,6
5.22581,86,3,12,20,22,3
3.67742,72,3,17,9
5.87097,66,3,12,14,14,3,3,3,22
7.22581,86,3,15,18,1,7
2.96774,94,3,5,4
7.29032,84,3,11,1,6,17
9.29032,84,3,11,8,19,5,17
4,62,3,3,20,1
9.67742,72,3,11,11,1,8,1,16,14
3.35484,82,3,6,1
3.16129,88,3,13,9
4.96774,94,3,20,20,7,5
5.03226,92,3,20,22,5
4,62,3,9,8,3
3.80645,68,3,5,15
5.22581,86,3,9,15,20
3.48387,78,3,9,6
5.41935,80,3,3,20,12,17
7.22581,86,3,18,5,5,16,22
5.09677,90,3,18,10,10,21
5.74194,70,3,10,16,17
4.45161,110,3,12,5,20
5.16129,88,3,9,19,20
3.48387,78,3,18,20,3
5.35484,82,3,17,22,16
5.6129,74,3,2,6,4
8.70968,102,3,21,22,7,6,9
5.74194,70,3,22,12,21
5.87097,66,3,22,16,10
6.64516,104,3,14,15,5,12
5.16129,88,3,4,3,15,13
5.93548,64,3,1,5,8
7.35484,82,3,8,13,8,1,15
4,62,3,22,9
4,62,3,13,22
5.16129,88,3,11,6,12
7.29032,84,3,11,1,11,13,11,20
5.22581,86,3,15,15,2,11
3.93548,64,3,4,19
5.87097,66,3,15,17,18
5.93548,64,3,11,18,4
2.90323,96,3,10,13
3.29032,84,3,4,15,3
3.74194,70,3,13,11
5.16129,88,3,22,6,20
5.48387,78,3,20,11,20,13
5.22581,86,3,17,15,2
4,62,3,3,10,8
5.29032,84,3,20,13,8
7.22581,86,3,11,14,10,19
5.54839,76,3,14,3,9,22
6.96774,94,3,20,21,4,8
5.87097,66,3,7,22,10
8.90323,96,3,7,15,19,1,20
5.35484,82,3,18,10,22
5.93548,64,3,20,21,13
4.12903,120,3,15,5,4
6.25806,116,3,7,7,22,4,10
9.41936,80,3,8,14,7,19,4
8,62,3,1,18,16,9
3.29032,84,3,16,4
7.87097,66,3,1,2,13,4
3.41935,80,3,16,20
7.09677,90,3,12,14,8,12,3,17
3.93548,64,3,16,7
5.67742,72,3,7,6,18
5.80645,68,3,21,18,4
5.67742,72,3,16,22,21
4.64516,104,3,15,5,12
4,62,3,9,22
3.74194,70,3,17,19
5.67742,72,3,18,7,5
3.74194,70,3,13,8
3.6129,74,3,6,2
7.29032,84,3,21,4,2,11
3.41935,80,3,17,12
3.35484,82,3,17,13
5.87097,66,3,2,20,19
2.96774,94,3,13,10
4.83871,98,3,18,6,10
6.51613,108,3,11,14,20,10
5.93548,64,3,15,15,7,16
3.93548,64,3,5,8
4.96774,94,3,20,8,17
3.80645,68,3,7,5
3.35484,82,3,17,13
6.58065,106,3,2,13,20,16
5.22581,86,3,7,21,5
7.35484,82,3,7,18,19,6
5.80645,68,3,6,21,14
4,62,3,10,8
3.09677,90,3,6,10
7.29032,84,3,15,8,14,9
4.45161,110,3,22,22,2,5
5.16129,88,3,1,13,22
6.96774,94,3,12,8,10,7
5.74194,70,3,18,3,14,5
5.80645,68,3,2,13,15
5.74194,70,3,7,13,7,14
8.64516,104,3,14,21,18,1,17
3.29032,84,3,17,20
5.41935,80,3,4,4,15,12
5.54839,76,3,14,20,1
7.41935,80,3,7,21,8,16
3.87097,66,3,21,5
5.09677,90,3,13,7,1
5.74194,70,3,15,12,4
4,62,3,20,1
5.16129,88,3,13,6,12
4.90323,96,3,12,9,6
5.54839,76,3,12,9,15
3.16129,88,3,5,2
5.29032,84,3,11,16,4
5.93548,64,3,20,15,21
5.67742,72,3,6,22,21
4,62,3,17,3,21
4.96774,94,3,6,15,5
5.54839,76,3,1,2,15
3.22581,86,3,1,4,3
3.87097,66,3,20,6
5.35484,82,3,15,12,3,2
5.16129,88,3,3,8,20,16
6,62,3,22,3,1,14
5.22581,86,3,15,2,18
7.67742,72,3,15,3,1,19,19,21
4,62,3,13,14
3.22581,86,3,17,11
5.29032,84,3,16,17,10
5.03226,92,3,20,22,22,5
7.22581,86,3,14,5,16,22
7.67742,72,3,8,7,6,18
9.6129,74,3,14,15,22,18,2
5.67742,72,3,2,7,12
4,62,3,21,10
3.67742,72,3,6,19
7.41935,80,3,18,7,14,14,10
5.29032,84,3,16,1,20
3.48387,78,3,17,4
3.41935,80,3,17,2
3.35484,82,3,20,5
3.93548,64,3,22,22,10
7.74194,70,3,18,11,14,12
5.67742,72,3,1,15,18,1
5.03226,92,3,22,13,22,1
3.74194,70,3,4,11
5.03226,92,3,11,17,12
7.35484,82,3,15,3,15,21,6,21,1
3.80645,68,3,6,18
5.87097,66,3,15,2,13
7.22581,86,3,8,14,3,7,11
7.41935,80,3,19,18,21,9
5.29032,84,3,2,11,15
5.54839,76,3,13,7,17
6.83871,98,3,3,15,8,1,6
3.35484,82,3,17,13
7.54839,76,3,2,14,18,1
7.48387,78,3,11,9,19,10
7.80645,68,3,18,22,15,10
5.03226,92,3,7,1,2
6.96774,94,3,12,3,11,9,13
4.51613,108,3,21,16,16,20
5.93548,64,3,4,13,7
7.6129,74,3,1,8,7,20
3.93548,64,3,22,10
5.29032,84,3,11,11,4,8
3.74194,70,3,17,14
3.87097,66,3,3,6,14
4,62,3,22,1
5.74194,70,3,4,7,17
6.12903,120,3,4,2,13,5
5.16129,88,3,9,17,19
3.29032,84,3,4,16
5.35484,82,3,20,20,18,16
3.54839,76,3,20,9
7.93548,64,3,21,14,1,16
5.41935,80,3,15,11,21
3.87097,66,3,9,7
6.70968,102,3,13,2,20,16
5.54839,76,3,22,6,18
5.41935,80,3,11,6,18
6,62,3,19,19,11,2
3.74194,70,3,9,21
5.80645,68,3,16,14,19
5.09677,90,3,10,5,2
4.3871,112,3,7,20,5
5.41935,80,3,11,16,2
4,62,3,9,22
5.29032,84,3,13,7,4
5.54839,76,3,11,1,20,3
4.64516,104,3,18,10,2
5.03226,92,3,22,20,18
5.48387,78,3,18,5,5,17
7.87097,66,3,12,20,15,19
3.41935,80,3,16,2
5.41935,80,3,1,21,9
3.09677,90,3,5,20
5.93548,64,3,19,10,11
7.67742,72,3,14,8,8,13,2
2.90323,96,3,10,13
7.48387,78,3,16,19,14,19,7
5.93548,64,3,13,20,13,2
5.74194,70,3,9,8,18
9.41936,80,3,21,14,15,6,13
3.87097,66,3,22,5
4,62,3,10,8
5.22581,86,3,13,6,2
3.93548,64,3,7,9
4.77419,100,3,1,17,20
5.74194,70,3,4,7,6
3.29032,84,3,16,4
5.22581,86,3,19,17,1
5.74194,70,3,12,16,11
5.41935,80,3,14,7,3,2
5.67742,72,3,2,20,6
3.87097,66,3,6,14
5.16129,88,3,15,13,22
4.96774,94,3,17,7,9
3.87097,66,3,4,17
5.41935,80,3,19,20,11
7.16129,88,3,18,8,12,6
7.16129,88,3,1,14,12,3,5
3.6129,74,3,6,2
5.41935,80,3,10,5,12
7.48387,78,3,1,10,8,12
5.87097,66,3,13,21,22
9.74194,70,3,18,21,15,22,15,15,8
7.87097,66,3,18,7,6,22
3.6129,74,3,5,7
5.48387,78,3,12,9,17
5.74194,70,3,2,8,21
5.16129,88,3,2,8,4
5.54839,76,3,18,2,14
4,62,3,21,10
3.87097,66,3,3,9,7
7.80645,68,3,11,16,5,8
7.22581,86,3,11,19,9,7
5.16129,88,3,16,22,20
6,62,3,22,3,21,7
3.74194,70,3,13,19
5.29032,84,3,22,17,20
5.54839,76,3,11,1,20,20,3
3.87097,66,3,14,20,3
5.54839,76,3,18,13,6
5.67742,72,3,13,7,21
5.09677,90,3,7,7,11,22
7.22581,86,3,8,18,9,21
7.16129,88,3,1,12,15,2
3.29032,84,3,16,4
6,62,3,14,21,1,3
3.09677,90,3,10,2
5.93548,64,3,7,22,1
9.74194,70,3,21,20,20,21,22,7,14
4.90323,96,3,10,17,4
5.35484,82,3,22,16,18
7.87097,66,3,19,14,7,14,9
3.03226,92,3,10,4
7.29032,84,3,19,22,8,2
3.93548,64,3,5,8
5.80645,68,3,20,8,11
5.54839,76,3,14,1,3,9
4.90323,96,3,19,10,20
3.74194,70,3,16,12
3.67742,72,3,6,19
7.67742,72,3,14,8,5,1
5.48387,78,3,9,18,1
3.22581,86,3,17,11
5.54839,76,3,9,19,16
4.32258,114,3,19,13,10
5.93548,64,3,3,2,20,8
3.87097,66,3,4,17
7.09677,90,3,19,21,17,8
5.6129,74,3,4,6,18
3.67742,72,3,3,6,3,13
5.54839,76,3,10,1,12
3.03226,92,3,3,10,4
7.67742,72,3,1,14,15,11
7.93548,64,3,15,21,19,21,7
6,62,3,18,21,22,18
7.80645,68,3,11,18,7,4
5.16129,88,3,15,18,16,3
4.96774,94,3,16,5,20
4.96774,94,3,10,19,4
5.87097,66,3,21,20,7
4,62,3,10,18
3.80645,68,3,20,17
7.54839,76,3,11,12,14,10
3.80645,68,3,20,17
5.22581,86,3,7,13,22
6.77419,100,3,11,3,18,10,12
2.96774,94,3,13,10
5.87097,66,3,21,7,16
7.03226,92,3,18,8,7,9
7.93548,64,3,3,4,21,15,18
7.80645,68,3,12,14,1,1,15
5.54839,76,3,13,3,7,6
5.35484,82,3,19,3,5,15
7.93548,64,3,21,14,11,16
4,62,3,21,10
7.41935,80,3,11,18,6,6,13
7.09677,90,3,22,18,8,6
7.48387,78,3,11,3,19,7,9
5.93548,64,3,5,1,1,1,8
3.80645,68,3,10,14
4.64516,104,3,9,8,9,6
5.93548,64,3,20,14,12
5.80645,68,3,3,18,20,12
7.54839,76,3,5,1,11,9
5.80645,68,3,22,15,5
3.93548,64,3,13,15
5.67742,72,3,12,17,21
3.93548,64,3,13,15
3.80645,68,3,5,5,3,10
7.67742,72,3,14,21,12,14,2
3.35484,82,3,17,13
7.54839,76,3,16,5,1,14
4.58065,106,3,18,10,4
3.87097,66,3,10,15
6,62,3,16,10,11
3.54839,76,3,3,13,1
5.22581,86,3,13,3,15,3,7
3.93548,64,3,4,19
5.09677,90,3,15,5,8
4.96774,94,3,22,2,17
5.87097,66,3,14,4,22
7.16129,88,3,9,10,17,17,10,18
5.48387,78,3,20,3,18,2
3.6129,74,3,6,2
5.22581,86,3,20,4,17
7.67742,72,3,21,12,21,15,9
3.29032,84,3,4,16
5.87097,66,3,19,6,6,13
5.22581,86,3,16,17,6
5.80645,68,3,16,14,16,5
4,62,3,22,11
5.09677,90,3,1,6,2
7.6129,74,3,15,14,15,8,21
3.87097,66,3,21,5
3.67742,72,3,4,1
4,62,3,22,3,13
4.83871,98,3,15,13,17
5.16129,88,3,5,5,16,6
3.80645,68,3,6,18
5.67742,72,3,15,1,10
3.48387,78,3,5,12
7.54839,76,3,19,12,1,5
3.93548,64,3,4,19
5.6129,74,3,12,16,16,18
5.74194,70,3,15,19,6
7.41935,80,3,12,8,15,13
3.29032,84,3,17,20
5.35484,82,3,20,22,22,12
7.41935,80,3,9,1,11,22
3.48387,78,3,18,20,3
3.74194,70,3,16,12
3.54839,76,3,7,3,2,7
3.80645,68,3,16,21
5.35484,82,3,19,4,8
7.93548,64,3,8,21,7,1
5.80645,68,3,11,9,21
5.03226,92,3,15,16,21
3.87097,66,3,3,21,5
3.93548,64,3,22,3,5
5.54839,76,3,8,13,15
7.29032,84,3,12,20,13,8
3.74194,70,3,5,22
5.74194,70,3,4,12,19
3.74194,70,3,4,11
4.58065,106,3,14,10,4
3.35484,82,3,20,5
5.67742,72,3,12,1,12,17
4,62,3,7,16
7.35484,82,3,11,19,12,19,3,2
7.87097,66,3,14,11,12,20
7.09677,90,3,19,4,4,13,18
4.64516,104,3,2,14,2,10
7.09677,90,3,11,14,17,8
3.87097,66,3,21,5
5.87097,66,3,20,20,15,19
5.41935,80,3,22,13,13,6
3.09677,90,3,6,10
7.6129,74,3,12,21,13,14
3.54839,76,3,10,21
7.74194,70,3,8,5,1,9
4.58065,106,3,6,21,5
4.96774,94,3,6,6,15,6,3,5
3.16129,88,3,5,2
5.48387,78,3,5,11,11,16
5.93548,64,3,18,19,4
5.35484,82,3,1,17,18
9.03226,92,3,18,21,8,19,6
7.16129,88,3,7,22,17,1
5.03226,92,3,10,5,20
5.80645,68,3,2,4,15
4.83871,98,3,20,11,4
7.67742,72,3,8,18,11,7
5.74194,70,3,12,18,3,3,19,18
5.80645,68,3,22,17,10
5.93548,64,3,7,18,16
5.16129,88,3,12,9,12,16
4,62,3,10,8
5.87097,66,3,13,12,12,20
4.83871,98,3,14,10,6
5.93548,64,3,14,20,4
3.29032,84,3,17,20
5.74194,70,3,11,20,7
5.6129,74,3,21,9,1
6,62,3,17,7,22
6,62,3,4,21,2
2.90323,96,3,10,13
5.87097,66,3,19,19,6,13
5.48387,78,3,5,10,10,12
3.74194,70,3,5,14
4.32258,114,3,15,5,2
5.93548,64,3,6,15,22
4.12903,120,3,1,13,10
4.06452,122,3,15,5,13
3.67742,72,3,17,9
5.74194,70,3,10,16,17
6,62,3,14,2,7
5.80645,68,3,14,4,15
3.29032,84,3,16,4
3.80645,68,3,6,18
6.96774,94,3,22,22,21,12,6
5.87097,66,3,11,6,11,3,19
3.67742,72,3,3,6,19
7.29032,84,3,14,7,6,20
5.54839,76,3,11,7,9
5.41935,80,3,7,20,4
4.90323,96,3,19,2,9
5.48387,78,3,16,3,18,6
3.09677,90,3,16,13
3.54839,76,3,13,1
3.09677,90,3,4,5
7.09677,90,3,4,2,13,15
3.74194,70,3,5,14
3.87097,66,3,4,17
5.41935,80,3,8,20,17
5.41935,80,3,22,14,10
5.22581,86,3,18,11,17
5.29032,84,3,8,13,17
3.87097,66,3,22,5
3.16129,88,3,5,2
3.16129,88,3,5,2
5.16129,88,3,16,15,16,14
6,62,3,15,15,20,2
7.41935,80,3,7,21,8,16
5.09677,90,3,16,1,4
3.67742,72,3,13,17
5.93548,64,3,21,1,1,14
5.74194,70,3,21,21,21,1,12
3.87097,66,3,17,21
5.54839,76,3,8,13,15
5.6129,74,3,11,22,9
5.22581,86,3,8,8,17,1
5.74194,70,3,10,9,22
5.03226,92,3,15,2,17
6.64516,104,3,12,20,12,13,16
3.03226,92,3,10,4
7.54839,76,3,8,14,20,14,20,1
5.09677,90,3,20,4,11
3.93548,64,3,4,8
3.87097,66,3,7,10
3.54839,76,3,6,12
4.32258,114,3,15,5,2
5.67742,72,3,19,18,3,18,6
4,62,3,7,3,5
3.80645,68,3,10,22
4.77419,100,3,7,13,1
6,62,3,8,9,17
7.22581,86,3,1,16,22,2
5.67742,72,3,18,12,18,13
7.03226,92,3,2,12,12,11,22
5.22581,86,3,21,17,20
9.09677,90,3,8,1,22,22,18,5
5.35484,82,3,20,12,3,16
5.22581,86,3,11,6,6,2
3.22581,86,3,9,4
5.48387,78,3,12,6,19
7.03226,92,3,2,12,8,6
3.09677,90,3,16,13
5.22581,86,3,16,19,20
5.6129,74,3,20,13,7
4,62,3,16,1,3
3.16129,88,3,13,9
5.48387,78,3,13,4,11
6.77419,100,3,21,18,11,11,6
5.22581,86,3,18,9,21
3.67742,72,3,10,7
5.67742,72,3,13,6,21
3.41935,80,3,9,20
3.80645,68,3,9,12
3.22581,86,3,4,9
3.54839,76,3,6,12
7.16129,88,3,15,16,9,22
3.41935,80,3,9,2
3.48387,78,3,17,4
5.09677,90,3,16,22,11
4.64516,104,3,15,16,20
7.93548,64,3,18,22,15,2
3.41935,80,3,16,2
5.22581,86,3,2,22,5
5.03226,92,3,8,6,5
5.6129,74,3,22,14,3,19
5.09677,90,3,18,10,21
3.22581,86,3,6,16
4,62,3,5,17
6.51613,108,3,3,15,21,6,5
7.67742,72,3,12,13,14,13,14,7
5.74194,70,3,4,7,17
7.93548,64,3,2,14,8,19
5.09677,90,3,16,22,9
5.93548,64,3,12,3,15,9
3.35484,82,3,17,13
4.96774,94,3,7,6,10
5.22581,86,3,2,7,10
3.87097,66,3,17,21
5.22581,86,3,20,13,17
5.16129,88,3,22,20,15
6,62,3,5,11,1
7.54839,76,3,2,14,15,17
3.54839,76,3,20,9
5.22581,86,3,14,17,1
3.09677,90,3,5,20
5.54839,76,3,11,3,4,17
7.29032,84,3,1,3,12,11,4
7.74194,70,3,8,19,9,22
6,62,3,19,22,19,2
5.87097,66,3,15,22,5
7.48387,78,3,15,7,12,1
5.29032,84,3,16,5,21
5.67742,72,3,21,7,5
5.80645,68,3,19,19,21,16
3.87097,66,3,17,21
5.6129,74,3,14,3,10,19
4,62,3,10,8
5.54839,76,3,7,20,13
5.54839,76,3,12,17,14
3.35484,82,3,6,1
4,62,3,13,14
5.67742,72,3,7,19,10
3.93548,64,3,4,8
5.80645,68,3,21,7,9
7.41935,80,3,22,14,18,6
5.80645,68,3,18,6,13
6,62,3,22,15,16
5.35484,82,3,20,15,4
5.35484,82,3,16,19,16,14
3.41935,80,3,17,2
4,62,3,4,18
5.16129,88,3,5,11,7
9.03226,92,3,12,18,14,2,14,5
5.6129,74,3,3,7,6,7,1
5.93548,64,3,18,2,13
7.09677,90,3,3,11,10,17,9
9.16129,88,3,8,19,8,16,9,6
5.16129,88,3,13,12,17
4.83871,98,3,9,5,13
5.6129,74,3,14,10,17
3.22581,86,3,6,16
5.03226,92,3,21,6,6,5
5.09677,90,3,21,1,1,17
3.93548,64,3,4,19
3.22581,86,3,9,4
3.54839,76,3,20,9
5.67742,72,3,11,2,8
7.6129,74,3,18,8,8,11,8,2
3.29032,84,3,16,4
3.80645,68,3,20,17
7.22581,86,3,15,8,19,2
5.54839,76,3,12,9,15
5.74194,70,3,19,11,3,22
7.09677,90,3,20,13,13,2,18
5.22581,86,3,21,16,22
4.64516,104,3,15,15,2,9
6.45161,110,3,14,20,13,20,16
3.03226,92,3,6,5
7.67742,72,3,14,22,17,9
3.41935,80,3,3,17,17,12
4.83871,98,3,5,1,17
7.74194,70,3,15,8,18,19
7.80645,68,3,14,14,14,7,2,12
3.80645,68,3,6,17
4,62,3,22,9
3.54839,76,3,13,1
5.54839,76,3,3,2,4,17
3.29032,84,3,16,15,3
7.87097,66,3,12,21,3,3,19,8
3.29032,84,3,14,5,3
3.48387,78,3,5,12
4,62,3,4,18
3.87097,66,3,16,19,3
3.41935,80,3,17,2
3.80645,68,3,9,12
5.87097,66,3,19,16,14
5.93548,64,3,3,8,16,16,7
3.41935,80,3,9,20
4,62,3,13,14
6,62,3,18,11,12
5.74194,70,3,18,3,2,3,15
5.80645,68,3,3,18,19,13
5.29032,84,3,2,14,5
7.29032,84,3,19,3,13,2,22
6.45161,110,3,14,14,10,16,4
5.35484,82,3,18,20,22
5.54839,76,3,19,20,15
4.45161,110,3,20,4,5
3.48387,78,3,5,12
6,62,3,17,7,22
5.6129,74,3,12,4,1
5.35484,82,3,20,19,16
5.80645,68,3,6,21,14
5.09677,90,3,4,21,22,3
5.41935,80,3,9,1,20
5.35484,82,3,2,21,10
8,62,3,11,3,19,1,18
5.41935,80,3,15,8,4
5.41935,80,3,3,17,3,8,20
5.67742,72,3,1,22,2
5.67742,72,3,21,8,17
5.93548,64,3,1,12,22
3.22581,86,3,4,9
5.80645,68,3,20,21,17
9.54839,76,3,18,8,1,11,15
7.6129,74,3,8,5,1,14
4,62,3,3,2,17
5.67742,72,3,21,17,19
3.74194,70,3,4,11
6.58065,106,3,21,13,6,16
5.09677,90,3,5,1,20
3.6129,74,3,2,9
3.87097,66,3,9,7
6.90323,96,3,20,12,13,13,18
6,62,3,12,20,1
7.87097,66,3,22,19,14,12
5.35484,82,3,19,10,12
8.90323,96,3,8,7,21,6,12
5.67742,72,3,15,19,20
3.16129,88,3,6,9
4.90323,96,3,18,9,2
5.80645,68,3,6,7,21
5.48387,78,3,15,16,8
6.96774,94,3,8,7,4,1
3.09677,90,3,4,5
5.35484,82,3,19,13,22
4.64516,104,3,4,20,16
4.45161,110,3,22,20,9
3.93548,64,3,13,15
3.80645,68,3,11,10,3
7.16129,88,3,8,2,8,19,3,4
7.6129,74,3,15,6,15,21,20
2.96774,94,3,13,5
4,62,3,10,8
5.87097,66,3,16,18,7
3.74194,70,3,9,21
3.48387,78,3,2,5
7.87097,66,3,12,19,11,18
5.41935,80,3,8,9,6
5.03226,92,3,22,4,17
3.48387,78,3,17,8
3.74194,70,3,4,11
3.54839,76,3,10,21
3.22581,86,3,3,5,6
6.90323,96,3,12,11,7,9
7.03226,92,3,12,1,19,1,4
5.6129,74,3,16,22,14
3.6129,74,3,6,2
3.35484,82,3,20,10
7.16129,88,3,19,12,11,12,6
5.74194,70,3,5,16,17
5.6129,74,3,4,22,6
4.45161,110,3,15,15,2,2,10
5.03226,92,3,15,2,17
4.58065,106,3,18,4,16
3.41935,80,3,16,20
5.29032,84,3,15,1,7
3.80645,68,3,9,12
3.22581,86,3,17,1
7.35484,82,3,18,1,9,8
5.41935,80,3,3,17,22,4
3.93548,64,3,5,8
7.29032,84,3,3,14,18,3,3,21,17
5.74194,70,3,18,17,10
3.87097,66,3,17,18
3.74194,70,3,17,6
5.54839,76,3,1,12,9
5.48387,78,3,4,7,7,12
3.87097,66,3,22,5
5.35484,82,3,20,14,14,9
4.83871,98,3,1,2,9
5.67742,72,3,19,1,6
5.87097,66,3,15,3,2,21
4.64516,104,3,10,17,11
3.67742,72,3,4,1
5.41935,80,3,15,1,21
7.41935,80,3,11,18,6,15
4.64516,104,3,11,6,5
7.74194,70,3,1,22,15,6
5.87097,66,3,2,13,14
5.16129,88,3,7,20,8
7.93548,64,3,8,21,4,22
5.41935,80,3,18,12,5
3.41935,80,3,17,2
3.67742,72,3,13,17
4.96774,94,3,5,10,4
3.80645,68,3,9,12
3.74194,70,3,17,5
5.87097,66,3,7,21,1
3.48387,78,3,17,4
5.41935,80,3,16,11,7
4.58065,106,3,1,6,10
4.32258,114,3,15,10,10,10,20
5.74194,70,3,10,9,22
7.54839,76,3,21,19,16,1
5.87097,66,3,2,21,1
4,62,3,21,10
5.09677,90,3,20,18,20,20,8
3.93548,64,3,13,15
5.93548,64,3,9,11,3,8
5.93548,64,3,12,1,7
3.22581,86,3,9,13
5.22581,86,3,11,6,8
3.87097,66,3,4,17
7.29032,84,3,11,5,11,10,19
3.93548,64,3,13,15
3.80645,68,3,13,18
7.87097,66,3,19,19,18,1,5
3.87097,66,3,6,14
5.35484,82,3,12,20,5
5.87097,66,3,15,19,5
5.35484,82,3,13,7,8
3.80645,68,3,13,18
7.74194,70,3,1,14,7,2
5.67742,72,3,3,14,16,17
3.54839,76,3,10,12
3.67742,72,3,13,17
3.93548,64,3,7,7,9
3.29032,84,3,4,16
5.16129,88,3,3,19,6,1
5.35484,82,3,5,3,3,19,19,20
5.09677,90,3,16,19,13
5.74194,70,3,5,16,22
5.93548,64,3,8,4,20
5.35484,82,3,16,11,20
5.29032,84,3,14,13,17
5.6129,74,3,2,13,8
9.74194,70,3,12,3,19,15,22,20
4.51613,108,3,19,13,9
5.35484,82,3,22,17,13
7.35484,82,3,21,7,4,14
3.93548,64,3,5,8
7.22581,86,3,8,11,7,5
3.80645,68,3,9,12
5.48387,78,3,4,3,22,6
3.80645,68,3,3,7,5
4.90323,96,3,9,14,5
7.09677,90,3,8,14,10,12
5.74194,70,3,3,20,19,18
7.80645,68,3,11,14,8,4
3.87097,66,3,20,6
3.87097,66,3,17,18
7.41935,80,3,10,16,9,7
5.41935,80,3,2,18,18,17
3.29032,84,3,15,9,3
3.80645,68,3,10,14
6,62,3,7,11,1
5.93548,64,3,7,6,21
9.6129,74,3,11,10,11,14,19,1
3.41935,80,3,3,2,10
9.6129,74,3,1,15,18,15,21,22
7.93548,64,3,3,18,15,20,20,2
9.6129,74,3,8,22,15,12,13
5.22581,86,3,3,10,1,2
5.09677,90,3,6,22,9
3.80645,68,3,16,21
3.54839,76,3,10,12
7.6129,74,3,12,8,3,1,21
4.51613,108,3,11,4,10
3.74194,70,3,17,5
3.41935,80,3,16,20
3.35484,82,3,20,5
3.6129,74,3,6,8
5.87097,66,3,9,18,19
7.6129,74,3,16,10,9,22
7.48387,78,3,10,3,8,3,1,12
7.48387,78,3,12,8,14,22,12
3.22581,86,3,17,1
7.22581,86,3,21,8,22,12
5.80645,68,3,7,17,18
5.16129,88,3,3,10,17,16
7.80645,68,3,21,7,15,13
5.80645,68,3,19,9,17
5.35484,82,3,5,11,10
5.6129,74,3,14,18,6,14
5.41935,80,3,4,13,1
5.6129,74,3,7,7,4,12
5.67742,72,3,3,11,3,18,11,12
5.93548,64,3,12,13,18
5.80645,68,3,7,19,16
5.41935,80,3,8,4,11
7.35484,82,3,12,4,2,6
5.03226,92,3,18,3,6,19
5.80645,68,3,22,6,15
5.93548,64,3,15,11,8
5.41935,80,3,16,16,8,9
5.67742,72,3,7,6,17
7.48387,78,3,21,14,19,19,21,11
3.22581,86,3,17,1
3.74194,70,3,4,11
3.87097,66,3,21,5
3.67742,72,3,17,9
5.09677,90,3,18,6,11
5.41935,80,3,22,8,9
5.74194,70,3,5,9,9,14
6,62,3,13,3,15,22
5.22581,86,3,15,4,18
5.03226,92,3,4,22,5
7.87097,66,3,8,8,20,21,15
5.93548,64,3,22,19,7
8,62,3,14,8,11,11,11,7
3.80645,68,3,13,18
7.41935,80,3,3,11,14,6,17
7.67742,72,3,20,20,22,22,15,19
4.77419,100,3,2,11,17
4.90323,96,3,21,4,5
3.35484,82,3,20,5
5.6129,74,3,6,6,7,19
6.45161,110,3,14,10,5,4
3.09677,90,3,16,13
6,62,3,21,11,19
3.74194,70,3,13,8
3.87097,66,3,17,18
3.67742,72,3,13,17
6,62,3,14,12,6
5.03226,92,3,16,1,13
5.67742,72,3,14,11,6
3.41935,80,3,6,20
7.54839,76,3,3,21,2,20,8
7.74194,70,3,19,3,15,22,2
3.74194,70,3,17,14
3.54839,76,3,1,20,3
7.48387,78,3,20,20,20,14,8,12
5.87097,66,3,8,5,18
4.58065,106,3,18,10,4
7.48387,78,3,19,15,8,20
3.16129,88,3,4,10
5.87097,66,3,12,9,9,11
5.80645,68,3,7,12,18
5.41935,80,3,14,9,7
6.77419,100,3,2,13,2,20,5
5.03226,92,3,1,20,17
7.22581,86,3,8,19,5,12
5.41935,80,3,18,18,3,3,15,5
5.6129,74,3,9,14,7
3.6129,74,3,2,2,9
7.93548,64,3,3,14,19,16,11
4,62,3,2,17
5.09677,90,3,7,7,12,17
5.80645,68,3,2,22,6
7.54839,76,3,21,4,2,14
5.09677,90,3,20,4,11
3.41935,80,3,17,12
4,62,3,2,17
5.29032,84,3,20,22,20,20,7
3.80645,68,3,6,17
5.41935,80,3,8,3,2,16
3.48387,78,3,17,4
4.77419,100,3,16,17,20
3.67742,72,3,6,19
7.22581,86,3,12,11,11,1,21,11
4.25806,116,3,1,4,5
4.96774,94,3,15,13,18
9.6129,74,3,18,15,19,1,10
5.22581,86,3,9,9,14,20
4.96774,94,3,12,3,10,6
3.80645,68,3,20,17
5.87097,66,3,2,18,19
3.22581,86,3,9,13
7.6129,74,3,12,9,16,8
5.54839,76,3,2,8,7
5.67742,72,3,7,17,19
3.87097,66,3,9,7
5.80645,68,3,21,13,7
5.67742,72,3,3,14,3,16,15
5.93548,64,3,9,8,14
3.67742,72,3,3,17,9
5.54839,76,3,11,2,6
4.64516,104,3,15,15,9,20
3.41935,80,3,16,20
3.93548,64,3,10,3,4
6.32258,114,3,8,22,4,10
9.09677,90,3,14,21,12,7,1
5.93548,64,3,16,9,22
4.83871,98,3,21,16,12
3.87097,66,3,22,5
3.29032,84,3,4,16
5.67742,72,3,7,19,10
5.09677,90,3,4,12,9
3.67742,72,3,6,19
3.22581,86,3,6,16
6.19355,118,3,14,14,5,16,13
