7.6129,74,19,22,14,4,21
5.74194,70,19,1,1,5,15
5.54839,76,19,5,5,16,12
5.93548,64,19,11,16,22
4.83871,98,19,4,12,10
3.93548,64,19,20,22
5.93548,64,19,15,21,10
2.96774,94,19,4,5
4,62,19,19,18,17,19
3.09677,90,19,20,10
7.16129,88,19,14,10,16,21
6.96774,94,19,12,14,17,8
5.93548,64,19,10,8,1
7.48387,78,19,22,7,16,8
5.80645,68,19,13,21,15
3.09677,90,19,20,5
8.83871,98,19,14,3,16,10,7
3.6129,74,19,19,6,1
5.80645,68,19,8,15,3,19
5.87097,66,19,17,21,12
7.22581,86,19,8,6,7,3
5.29032,84,19,21,10,17
5.41935,80,19,1,6,1,18
5.87097,66,19,22,14,10
7.67742,72,19,3,1,8,4
4.83871,98,19,13,4,16
3.35484,82,19,13,1
5.80645,68,19,22,6,7,19
5.6129,74,19,5,18,12
5.93548,64,19,2,4,6
5.67742,72,19,2,20,18
3.80645,68,19,17,13
5.87097,66,19,10,14,18
3.80645,68,19,5,7
7.93548,64,19,19,19,8,10,16,11
5.16129,88,19,6,7,5
5.41935,80,19,6,6,4,18
5.54839,76,19,6,7,3
5.93548,64,19,19,21,17,18
5.87097,66,19,21,3,9
4.83871,98,19,2,3,3,17
3.41935,80,19,9,4
3.41935,80,19,9,13
4.90323,96,19,7,20,16
7.74194,70,19,14,21,21,15,1,19
5.74194,70,19,2,19,9,1
4,62,19,16,12
5.48387,78,19,18,6,3
5.22581,86,19,10,10,15,1
4.70968,102,19,1,20,16
5.6129,74,19,10,8,15
5.87097,66,19,14,9,15
5.74194,70,19,2,12,4
4.64516,104,19,11,2,10
5.87097,66,19,3,12,3,17
3.29032,84,19,6,5
5.03226,92,19,4,7,16
7.93548,64,19,22,22,15,12,4
5.74194,70,19,9,22,21
5.67742,72,19,11,20,4
3.54839,76,19,13,8
5.16129,88,19,1,17,5
6.70968,102,19,12,14,17,17,1
7.6129,74,19,1,2,2,20,12
5.54839,76,19,1,17,7
5.35484,82,19,3,6,18
3.09677,90,19,20,10
5.22581,86,19,4,22,12
5.09677,90,19,16,5,4
5.6129,74,19,9,8,16
5.80645,68,19,21,22,21,16
7.22581,86,19,1,21,22,3
5.6129,74,19,7,1,21
3.67742,72,19,6,3
7.35484,82,19,5,16,11,21
6.77419,100,19,10,9,3,6
5.80645,68,19,12,17,22
5.80645,68,19,18,20,3
4.77419,100,19,1,17,13
5.67742,72,19,3,15,13
5.6129,74,19,11,18,13
7.16129,88,19,22,12,14,10
6,62,19,12,18,10
5.41935,80,19,10,3,18
5.67742,72,19,22,20,22,4
5.48387,78,19,11,22,13
3.29032,84,19,6,5
6.96774,94,19,8,15,6,16
2.96774,94,19,4,5
5.67742,72,19,15,6,20
4,62,19,9,12
5.87097,66,19,14,16,17
3.67742,72,19,16,20
7.6129,74,19,16,15,21,12
5.93548,64,19,19,6,15,14
3.6129,74,19,19,5,21
5.54839,76,19,12,22,1
5.6129,74,19,11,10,22
5.48387,78,19,1,20,3
9.6129,74,19,9,5,1,8,18
7.93548,64,19,3,14,12,1
5.6129,74,19,1,4,6
5.80645,68,19,20,2,22
5.74194,70,19,1,14,5
9.22581,86,19,15,19,19,7,21,22,13
3.80645,68,19,6,12
6.32258,114,19,21,19,22,16,4
3.09677,90,19,5,13
7.54839,76,19,18,19,14,16,15
6,62,19,12,11,10
5.09677,90,19,12,20,10
5.87097,66,19,14,13,7
5.80645,68,19,7,9,1
7.16129,88,19,3,11,11,12,12,5
3.67742,72,19,16,20
7.6129,74,19,6,21,14,3
7.35484,82,19,21,19,21,6,4,3
6,62,19,14,7,5
5.6129,74,19,7,1,21
5.93548,64,19,11,16,15
5.22581,86,19,15,16,6
3.16129,88,19,2,10
9.74194,70,19,12,12,3,15,7,18
5.16129,88,19,11,4,18
5.29032,84,19,15,6,5
5.41935,80,19,6,15,15,16
3.80645,68,19,10,21
3.74194,70,19,20,1
5.67742,72,19,12,13,18
9.03226,92,19,18,3,1,8,13
6,62,19,5,19,14,6
5.6129,74,19,21,19,21,20,6
4.51613,108,19,3,13,10
7.93548,64,19,2,21,7,22
3.74194,70,19,20,1
7.74194,70,19,4,13,21,15
5.22581,86,19,11,15,11,6
5.41935,80,19,8,17,4
7.93548,64,19,8,14,2,7
2.77419,100,19,19,13,10
4.32258,114,19,7,5,20
5.80645,68,19,18,11,12,18
9.29032,84,19,18,14,4,21,11
5.74194,70,19,19,7,16,1
6.64516,104,19,2,13,4,16
5.87097,66,19,22,17,2
5.09677,90,19,2,21,10
7.48387,78,19,2,20,21,21,13
4,62,19,16,12
3.87097,66,19,2,1
3.87097,66,19,17,12
5.09677,90,19,15,15,2,16
6.32258,114,19,10,5,8,5,20
5.74194,70,19,11,7,4
5.87097,66,19,12,12,13,22
6.32258,114,19,7,10,5,20
9.74194,70,19,12,3,8,21,13
7.54839,76,19,16,5,18,12
7.41935,80,19,12,14,7,9
5.35484,82,19,11,21,9
5.80645,68,19,19,14,10,17
5.54839,76,19,18,1,19,17
5.87097,66,19,3,7,4
5.16129,88,19,16,19,6,2
5.67742,72,19,3,17,7
3.29032,84,19,22,13,19
5.35484,82,19,8,17,12
7.54839,76,19,11,14,18,18,19,17
4.96774,94,19,20,14,10
7.22581,86,19,8,14,16,12
3.80645,68,19,16,6
5.6129,74,19,21,13,11
3.16129,88,19,4,16
3.29032,84,19,10,4
5.67742,72,19,1,15,2
5.03226,92,19,2,12,5
5.6129,74,19,11,11,20,14
5.93548,64,19,21,8,20
7.80645,68,19,3,11,11,16,11,10
3.80645,68,19,17,13
5.29032,84,19,3,17,16
4.77419,100,19,9,7,5
6.70968,102,19,19,18,7,4,9
5.48387,78,19,9,15,3
5.16129,88,19,4,2,17
5.09677,90,19,5,9,4
9.29032,84,19,21,14,12,4,22
6,62,19,1,18,17
5.80645,68,19,19,18,12,10
5.87097,66,19,3,13,21
5.80645,68,19,7,6,8
5.74194,70,19,14,9,22
3.03226,92,19,4,10
3.41935,80,19,9,13
5.93548,64,19,2,3,2,20
5.16129,88,19,9,19,17,4
6,62,19,12,12,10,5
6.90323,96,19,22,12,21,21,9
5.35484,82,19,22,13,18
3.67742,72,19,6,3
3.41935,80,19,5,6
5.29032,84,19,14,20,9
3.54839,76,19,20,17
3.80645,68,19,4,8
5.16129,88,19,11,17,5
7.54839,76,19,4,13,2,3
5.67742,72,19,22,5,1
3.67742,72,19,17,11
7.93548,64,19,8,12,14,4
3.54839,76,19,10,6
4.90323,96,19,4,12,16
5.03226,92,19,10,1,19,6
3.74194,70,19,10,15,19
5.93548,64,19,9,5,15
5.87097,66,19,17,21,22
3.93548,64,19,17,17,8
7.29032,84,19,16,14,18,9
5.29032,84,19,2,22,4
7.03226,92,19,21,3,19,14,10
5.6129,74,19,3,6,15
3.93548,64,19,17,8
8,62,19,3,8,8,14,10
5.48387,78,19,12,12,21,5
4.83871,98,19,7,10,21
3.41935,80,19,9,13
7.16129,88,19,22,18,17,4
3.09677,90,19,4,9
5.54839,76,19,17,18,16
5.29032,84,19,7,13,8
5.87097,66,19,1,22,6
3.80645,68,19,13,14
6,62,19,11,19,14,11,18
3.87097,66,19,19,2,1
4.83871,98,19,20,13,1
6.83871,98,19,21,13,12,12,5
5.16129,88,19,16,17,12
5.35484,82,19,3,20,17
9.03226,92,19,19,18,1,1,12,1,11,22
5.41935,80,19,5,11,15
5.09677,90,19,3,20,9
5.87097,66,19,18,7,6,18
9.16129,88,19,14,7,22,10,8
5.09677,90,19,13,20,11
5.29032,84,19,13,20,14
7.67742,72,19,8,3,17,15
7.35484,82,19,7,15,7,20,8
9.09677,90,19,15,18,17,7,11
5.67742,72,19,10,8,12
7.54839,76,19,19,11,1,15,9
3.87097,66,19,2,6
7.74194,70,19,11,1,5,8
6.51613,108,19,15,4,13,10
4.64516,104,19,17,10,6
7.6129,74,19,18,7,20,7,12
7.41935,80,19,21,8,21,6,17
5.48387,78,19,10,11,15
7.16129,88,19,14,20,12,17
5.80645,68,19,2,7,18
7.6129,74,19,1,9,11,21
7.87097,66,19,15,14,8,6
4.83871,98,19,8,4,9
3.67742,72,19,6,3
5.67742,72,19,7,10,7,17
3.87097,66,19,16,3,19
5.93548,64,19,18,18,11,19,1
5.74194,70,19,12,6,4
4.83871,98,19,11,2,2,9
5.67742,72,19,1,13,2
3.80645,68,19,13,14
5.35484,82,19,9,19,1,1,4
6.19355,118,19,15,18,13,5
5.35484,82,19,11,13,7
7.48387,78,19,14,7,3,7,13
5.93548,64,19,12,19,16,8
5.48387,78,19,16,17,14
4.96774,94,19,12,19,13,8
7.74194,70,19,5,16,10,10,17
4.90323,96,19,15,2,10
3.93548,64,19,2,18
5.54839,76,19,16,21,18
5.80645,68,19,16,14,22
5.87097,66,19,12,16,10
5.80645,68,19,11,15,11,19,9
5.74194,70,19,15,11,7
5.74194,70,19,11,5,18
5.41935,80,19,19,10,17,6
5.09677,90,19,6,18,5
3.67742,72,19,17,11
4.64516,104,19,13,4,5
3.35484,82,19,10,2
7.74194,70,19,8,1,14,8,9
5.35484,82,19,4,2,18
5.67742,72,19,13,12,20
7.16129,88,19,22,18,22,2,6
3.87097,66,19,6,8
7.67742,72,19,12,3,7,17
6.58065,106,19,7,15,9,4
7.22581,86,19,8,4,2,15
7.16129,88,19,18,12,19,3,4
5.22581,86,19,11,5,21
5.03226,92,19,5,1,17
7.93548,64,19,7,8,1,3
5.74194,70,19,7,8,2
5.80645,68,19,16,14,22
5.74194,70,19,16,15,6
3.6129,74,19,4,11
5.29032,84,19,1,20,8
7.29032,84,19,19,18,18,1,1,10,22
6.90323,96,19,22,19,7,7,2,17
3.16129,88,19,5,4
3.6129,74,19,9,2
5.35484,82,19,21,10,11
3.87097,66,19,13,7
5.22581,86,19,15,16,6
5.93548,64,19,15,17,8
7.87097,66,19,22,12,2,20
3.93548,64,19,10,18,19
3.87097,66,19,4,18
3.67742,72,19,6,3
9.48387,78,19,15,7,22,2,11
5.22581,86,19,2,2,12,9
5.29032,84,19,15,6,5
5.48387,78,19,18,13,15
5.29032,84,19,17,18,20
3.80645,68,19,6,6,6,12
3.16129,88,19,10,13
5.67742,72,19,9,7,18
5.22581,86,19,10,3,3,15
7.80645,68,19,8,11,10,17
5.29032,84,19,3,13,8
5.93548,64,19,18,16,14
3.87097,66,19,17,19,17,2
6.90323,96,19,22,22,18,20,1
5.87097,66,19,4,21,2
6,62,19,18,17,14
9.41936,80,19,18,22,7,7,3,20
8,62,19,21,7,22,13
4.96774,94,19,3,9,20
5.87097,66,19,15,19,9,10,19
7.35484,82,19,8,8,12,1,22
7.48387,78,19,16,22,7,4
5.87097,66,19,10,14,18
7.03226,92,19,3,8,8,17,4
7.22581,86,19,22,17,14,13
6.64516,104,19,22,17,10,6
5.48387,78,19,16,16,14,6
4.90323,96,19,7,4,16
5.67742,72,19,21,1,7
7.93548,64,19,18,16,8,3
5.48387,78,19,22,9,14
3.54839,76,19,4,1
3.87097,66,19,17,2
5.67742,72,19,22,3,20
3.41935,80,19,9,13
7.74194,70,19,19,18,21,3,2
5.48387,78,19,22,3,13
8,62,19,18,18,19,14,14,14,17,7
5.67742,72,19,7,21,10
5.67742,72,19,5,19,10,1
4.83871,98,19,5,11,5,21
7.41935,80,19,22,8,21,17
5.03226,92,19,4,6,1
5.29032,84,19,3,17,6
5.54839,76,19,12,11,13
4.90323,96,19,22,22,20,16
5.41935,80,19,3,20,6
3.54839,76,19,10,6
3.16129,88,19,5,4
4,62,19,4,15
4,62,19,21,5
7.67742,72,19,18,8,18,21,18,4
7.16129,88,19,8,2,12,12,2,6
5.03226,92,19,7,16,7,5
3.93548,64,19,17,4
6.83871,98,19,1,8,20,6
5.67742,72,19,22,11,10
4.77419,100,19,9,7,5
9.16129,88,19,16,19,8,11,1,17
5.87097,66,19,18,4,20
4,62,19,4,15
5.22581,86,19,11,13,15
4.96774,94,19,16,17,1
7.87097,66,19,6,22,7,18
3.54839,76,19,13,11
3.93548,64,19,2,11
5.54839,76,19,14,17,13
4.77419,100,19,15,16,13
3.80645,68,19,13,22
5.22581,86,19,10,9,4
6.45161,110,19,12,16,9,2
5.74194,70,19,3,2,18
5.80645,68,19,22,16,18
5.93548,64,19,18,16,3
5.09677,90,19,16,10,19,4
7.48387,78,19,8,11,22,16
5.35484,82,19,9,14,17
5.48387,78,19,7,20,18
4.64516,104,19,3,16,13
7.03226,92,19,1,2,1,11,13
4.90323,96,19,15,2,10
3.54839,76,19,13,8
7.74194,70,19,3,12,4,13,12
3.41935,80,19,9,13
5.67742,72,19,17,21,3
5.54839,76,19,19,12,12,16,1
5.54839,76,19,6,6,6,7,3
5.87097,66,19,3,7,4
3.41935,80,19,9,4
5.67742,72,19,19,4,13,3
5.80645,68,19,17,18,21
6.90323,96,19,1,15,17,8
4.83871,98,19,14,19,4,9
7.35484,82,19,22,18,12,12,17
5.48387,78,19,7,7,13,15
5.41935,80,19,1,22,9
3.35484,82,19,16,13
5.35484,82,19,3,10,14
5.93548,64,19,11,1,17
3.6129,74,19,9,20
8,62,19,22,6,21,14
3.87097,66,19,20,8
5.29032,84,19,10,19,1,6
7.29032,84,19,11,7,22,10
7.67742,72,19,3,21,14,9
3.54839,76,19,16,4
4.64516,104,19,19,19,12,6,10
3.74194,70,19,2,17
7.74194,70,19,22,7,8,10
5.67742,72,19,3,20,18
9.87097,66,19,18,21,18,22,17,15
5.87097,66,19,7,2,14
3.67742,72,19,9,6
3.80645,68,19,16,6
5.87097,66,19,15,9,8
5.67742,72,19,4,12,18
3.93548,64,19,17,8
5.80645,68,19,18,2,22
5.29032,84,19,12,20,16
3.54839,76,19,20,17
7.09677,90,19,19,15,4,13,1
5.29032,84,19,9,10,2
5.16129,88,19,14,14,9,20
5.80645,68,19,13,4,20
7.67742,72,19,19,14,7,11,16
5.09677,90,19,4,22,4,3
5.41935,80,19,10,17,16
3.87097,66,19,6,8
5.03226,92,19,22,1,13
3.35484,82,19,13,1
9.54839,76,19,21,22,18,14,17
7.09677,90,19,14,1,15,22,1
3.29032,84,19,5,20
6.12903,120,19,21,15,5,4
5.93548,64,19,21,21,6,6,17
3.87097,66,19,20,11
7.6129,74,19,18,7,3,7,12
5.29032,84,19,3,4,11
6.96774,94,19,1,3,7,9
3.87097,66,19,20,18
4.96774,94,19,9,7,16
5.48387,78,19,2,4,4,3
3.6129,74,19,9,2
7.54839,76,19,17,7,6,4
5.48387,78,19,21,3,17
7.29032,84,19,7,21,19,19,18,10
4.90323,96,19,11,17,8
4.83871,98,19,20,21,5
7.67742,72,19,22,18,10,18,12
5.93548,64,19,12,18,5
7.48387,78,19,11,8,15,10
5.48387,78,19,22,9,14
3.74194,70,19,17,20
5.93548,64,19,8,22,9
2.77419,100,19,13,10
7.6129,74,19,11,22,15,12
5.80645,68,19,7,11,12
5.16129,88,19,20,14,20,15
7.41935,80,19,18,20,21,13
7.48387,78,19,18,8,18,12,17
5.22581,86,19,20,12,12,6
7.48387,78,19,14,18,11,6
6,62,19,2,14,18
7.87097,66,19,9,11,14,8
5.87097,66,19,8,16,10,19
3.29032,84,19,5,20
7.54839,76,19,15,18,2,7
7.41936,80,19,16,14,18,1
4,62,19,4,15
3.6129,74,19,13,18
7.6129,74,19,1,15,21,13
3.93548,64,19,9,21
3.93548,64,19,10,7
3.80645,68,19,4,8
3.93548,64,19,17,4
7.93548,64,19,21,6,7,18
7.54839,76,19,5,16,9,12
5.67742,72,19,4,12,2
5.16129,88,19,12,9,22
8.96774,94,19,22,14,21,6,2
5.93548,64,19,1,22,14
4.96774,94,19,19,3,17,12
3.80645,68,19,19,13,22
5.67742,72,19,22,12,21,19
4.77419,100,19,1,6,11
8,62,19,9,9,10,11,8
3.6129,74,19,9,20
4.70968,102,19,2,4,16
3.74194,70,19,4,17
5.87097,66,19,5,16,14
4.70968,102,19,10,3,17
6,62,19,9,15,21
3.80645,68,19,5,7
7.54839,76,19,14,21,20,17
5.48387,78,19,15,10,22
5.6129,74,19,18,11,16,19
3.35484,82,19,10,2
3.74194,70,19,6,19,13
4,62,19,16,12
5.87097,66,19,11,10,17
5.16129,88,19,18,6,10
6.77419,100,19,7,6,21,5
5.80645,68,19,16,7,18
3.35484,82,19,10,2
3.35484,82,19,13,1
5.67742,72,19,7,22,19,4
5.67742,72,19,17,6,6,4
3.80645,68,19,10,12
5.48387,78,19,14,5,15
7.29032,84,19,7,18,17,9
5.48387,78,19,10,19,17,18
5.93548,64,19,7,1,7,17
3.67742,72,19,19,6,3
5.54839,76,19,21,13,17
5.6129,74,19,10,10,19,7,1
5.80645,68,19,3,22,8
5.09677,90,19,1,5,2
7.67742,72,19,11,8,19,18,10
6.96774,94,19,12,15,6,2
4,62,19,19,4,15
4,62,19,5,15
3.87097,66,19,6,8
5.67742,72,19,12,7,1
5.6129,74,19,2,12,22
3.29032,84,19,10,4
5.6129,74,19,6,14,11
2.77419,100,19,13,10
3.80645,68,19,13,14
3.41935,80,19,6,9
4.96774,94,19,18,16,13
6,62,19,11,14,9
5.35484,82,19,19,20,2,20,6
4.83871,98,19,4,20,6
5.80645,68,19,17,7,12
5.16129,88,19,4,7,1
4.96774,94,19,12,17,2
7.48387,78,19,8,12,22,15,22,12,15
7.6129,74,19,7,22,10,1
5.41935,80,19,17,14,2
3.93548,64,19,11,11,22,19
3.54839,76,19,13,8
5.6129,74,19,11,20,3
5.93548,64,19,12,13,7
3.80645,68,19,18,5,19
7.74194,70,19,10,9,11,18
5.87097,66,19,7,4,7,2
5.87097,66,19,22,3,21
3.16129,88,19,4,16
5.74194,70,19,9,9,1,19,22
5.03226,92,19,10,15,10,14
4,62,19,12,5
3.35484,82,19,13,1
3.54839,76,19,4,1
7.35484,82,19,19,21,2,2,22,2,14
5.93548,64,19,16,11,18
3.09677,90,19,20,20,10
3.6129,74,19,6,1
6.90323,96,19,1,5,10,4
3.80645,68,19,6,12
7.80645,68,19,5,19,15,8,14
5.35484,82,19,13,2,18
9.74194,70,19,22,22,18,15,14,15,12
5.74194,70,19,8,20,22
6.96774,94,19,22,13,4,1
5.87097,66,19,7,3,21
8,62,19,16,5,9,8
7.16129,88,19,22,21,20,6
5.6129,74,19,20,4,21
3.74194,70,19,4,17
3.48387,78,19,6,16
7.54839,76,19,15,4,21,6
3.54839,76,19,20,17
5.67742,72,19,19,2,2,19,3,20
3.93548,64,19,17,8
5.54839,76,19,22,5,5,11
5.93548,64,19,21,18,2
5.93548,64,19,12,19,16,8
6,62,19,22,9,1
6.90323,96,19,22,18,20,1
3.6129,74,19,19,4,11
4.77419,100,19,22,10,6
7.16129,88,19,21,1,8,17
5.80645,68,19,5,19,1,12
5.87097,66,19,19,20,2,3
5.67742,72,19,17,7,20
5.35484,82,19,5,17,10
3.6129,74,19,12,13,19
7.87097,66,19,19,18,15,1,5
7.54839,76,19,14,16,1,5
7.41935,80,19,9,19,22,18,6
5.93548,64,19,2,12,12,20
11.5484,76,19,8,3,11,12,2,21
7.16129,88,19,9,1,18,10
5.35484,82,19,1,4,20
3.35484,82,19,10,20
3.41935,80,19,21,9,19
3.6129,74,19,13,18
5.09677,90,19,17,14,10
5.16129,88,19,14,4,16
4,62,19,21,5
3.29032,84,19,6,5
3.09677,90,19,20,5
6,62,19,9,10,3
7.22581,86,19,18,22,3,10
8.83871,98,19,1,3,8,21,5
5.48387,78,19,22,13,3
3.6129,74,19,20,6
3.74194,70,19,6,18,19
5.48387,78,19,9,17,21
3.54839,76,19,13,8
4.70968,102,19,11,10,13
6.58065,106,19,9,1,16,20
3.80645,68,19,13,14
7.80645,68,19,2,21,14,12
3.29032,84,19,6,5
4,62,19,12,5
4.64516,104,19,22,9,13
7.09677,90,19,11,11,8,21,19,2
5.09677,90,19,7,13,1
7.09677,90,19,7,4,2,4,18
5.48387,78,19,11,22,20
5.54839,76,19,18,9,19,22
5.93548,64,19,21,4,18
2.83871,98,19,19,13,13,16
7.54839,76,19,16,10,8,12
5.74194,70,19,12,6,7
4.32258,114,19,11,13,16
5.80645,68,19,19,3,20,15
4.96774,94,19,20,13,17
5.54839,76,19,17,15,13
3.87097,66,19,2,1
8.58064,106,19,15,22,9,5,6
3.29032,84,19,21,10,19
3.80645,68,19,4,8
7.09677,90,19,19,8,9,18,5
2.83871,98,19,13,16
4,62,19,4,15
3.16129,88,19,2,10
5.6129,74,19,18,1,6
5.93548,64,19,7,17,9
3.87097,66,19,21,4,21,19,4
3.93548,64,19,2,11
3.67742,72,19,9,6
3.80645,68,19,4,8
7.93548,64,19,8,5,8,11,14
4.64516,104,19,13,2,5
3.67742,72,19,16,2
7.41936,80,19,16,5,10,11,5
3.29032,84,19,5,20
7.22581,86,19,15,14,9,22
6,62,19,1,22,1,1,22,21
3.93548,64,19,5,14
5.93548,64,19,21,20,22
5.87097,66,19,11,15,12
7.48387,78,19,8,7,13,20
7.29032,84,19,21,12,21,8,13
9.87097,66,19,21,18,14,12,2
3.74194,70,19,13,15
5.41935,80,19,11,11,4,7
3.67742,72,19,13,19,20
6,62,19,21,18,5
6,62,19,9,10,3
3.87097,66,19,6,2
7.29032,84,19,1,3,12,12,5
3.67742,72,19,16,2
7.87097,66,19,14,9,14,9,11,8
2.96774,94,19,13,9
5.22581,86,19,21,2,5
5.93548,64,19,3,2,22
5.48387,78,19,1,22,3
5.09677,90,19,4,20,8
5.67742,72,19,2,14,11
4.83871,98,19,12,17,20
5.6129,74,19,11,12,17
5.87097,66,19,12,18,11,18,18,19
4.96774,94,19,15,19,16,13
9.93548,64,19,8,22,18,14,3
6,62,19,8,6,15
5.22581,86,19,22,5,15
5.48387,78,19,6,21,1
7.74194,70,19,14,8,10,17
5.87097,66,19,16,11,5
4,62,19,5,15
3.35484,82,19,10,2
5.41935,80,19,22,11,20
5.54839,76,19,22,22,2,6
2.96774,94,19,13,9
5.48387,78,19,1,6,13
5.67742,72,19,1,15,4
6,62,19,12,2,15
3.35484,82,19,6,10
5.93548,64,19,21,4,18
5.87097,66,19,15,8,6
5.35484,82,19,13,2,2,18
3.35484,82,19,13,1
5.09677,90,19,7,16,21
5.22581,86,19,11,5,21
7.09677,90,19,7,8,18,13
4.70968,102,19,7,5,12
7.09677,90,19,14,3,16,21
3.67742,72,19,13,19,20
6,62,19,12,11,5
5.67742,72,19,18,10,22
7.35484,82,19,18,22,15,16,22
5.67742,72,19,9,15,6
3.67742,72,19,16,20
5.41935,80,19,19,6,15,2
5.48387,78,19,19,9,15,3
3.93548,64,19,5,14
5.48387,78,19,4,13,11
5.41935,80,19,5,17,21
7.74194,70,19,14,14,14,19,21,11,11,12
5.6129,74,19,11,13,6
4.83871,98,19,3,17,20
7.09677,90,19,12,20,13,18
4.32258,114,19,21,10,10,20
5.22581,86,19,21,17,21,5
5.6129,74,19,15,1,2
5.93548,64,19,5,8,3
3.41935,80,19,9,13
5.74194,70,19,11,9,7
7.6129,74,19,12,21,12,8,22
5.48387,78,19,4,4,2,15
7.16129,88,19,6,19,3,11,22
2.77419,100,19,13,13,10
7.67742,72,19,20,21,14,12
7.22581,86,19,12,2,13,17
5.80645,68,19,19,1,18,5
7.6129,74,19,3,11,15,12
9.41936,80,19,16,10,16,16,10,1,8,7
3.35484,82,19,16,13
5.67742,72,19,16,3,21
3.80645,68,19,6,12
5.6129,74,19,13,21,18
7.6129,74,19,3,11,20,21
8,62,19,11,14,12,13
5.54839,76,19,2,20,1
5.16129,88,19,14,4,16
5.48387,78,19,6,15,3
5.67742,72,19,21,21,12,7,19
3.80645,68,19,17,13
7.16129,88,19,21,2,15,4
3.67742,72,19,6,3
5.22581,86,19,20,3,15
5.54839,76,19,19,22,5,11
8,62,19,18,15,17,14
5.35484,82,19,17,10,18
6,62,19,12,19,17,15
4,62,19,5,15
5.74194,70,19,2,3,14
5.67742,72,19,19,16,21,7
3.09677,90,19,5,13
4.45161,110,19,5,19,10,2
5.09677,90,19,20,3,9
5.29032,84,19,3,9,21
3.67742,72,19,17,11
7.74194,70,19,14,17,14,3,21
3.35484,82,19,16,13
4.70968,102,19,2,4,16
5.67742,72,19,11,11,16,19,3
3.35484,82,19,2,9
4,62,19,12,5
3.93548,64,19,6,6,15,19
5.09677,90,19,18,13,1
5.93548,64,19,1,15,8
3.80645,68,19,10,21
7.22581,86,19,19,3,3,4,13,18
5.93548,64,19,2,21,18
5.87097,66,19,22,13,21
4.96774,94,19,15,10,6
4.19355,118,19,17,5,13
7.41935,80,19,9,5,11,11,21
7.67742,72,19,7,3,12,18
6,62,19,12,10,5
5.67742,72,19,3,20,8
5.41935,80,19,9,9,14,4
3.74194,70,19,6,19,13
5.09677,90,19,7,11,6
7.6129,74,19,20,21,21,14,7
3.03226,92,19,4,10
4.83871,98,19,1,5,13
5.29032,84,19,9,10,2
3.67742,72,19,5,12
3.35484,82,19,10,20
5.6129,74,19,4,7,17
3.29032,84,19,10,4
3.93548,64,19,17,8
5.29032,84,19,7,9,17
5.93548,64,19,10,22,15
3.80645,68,19,4,4,8
3.80645,68,19,10,21
5.74194,70,19,16,7,14
5.03226,92,19,4,21,10
5.09677,90,19,10,17,17,2
7.03226,92,19,16,11,9,22
5.54839,76,19,11,2,15
3.93548,64,19,2,11
5.35484,82,19,21,9,18
3.16129,88,19,4,16
7.54839,76,19,15,6,18,21
5.09677,90,19,5,9,5,20
3.80645,68,19,13,13,22
5.67742,72,19,21,11,7
6.83871,98,19,7,7,21,20,16
7.6129,74,19,5,10,18,12
7.6129,74,19,21,11,21,22,6
5.41935,80,19,7,11,20
7.41935,80,19,14,14,8,17,5
6,62,19,15,4,4,12
5.67742,72,19,17,10,1
3.09677,90,19,5,13
3.93548,64,19,2,11
5.54839,76,19,6,21,17
9.6129,74,19,15,22,21,18,6
3.93548,64,19,2,18
7.16129,88,19,22,19,15,17,11
9.29032,84,19,1,14,12,21,17
7.54839,76,19,17,7,14,1
3.74194,70,19,2,17
3.93548,64,19,4,3
7.35484,82,19,21,19,14,13,7
7.67742,72,19,6,21,14,12
3.80645,68,19,13,14
6,62,19,1,19,22,3
5.09677,90,19,11,6,11,22
5.93548,64,19,16,5,15
3.03226,92,19,4,10
3.80645,68,19,13,22
5.22581,86,19,8,17,20
5.6129,74,19,21,20,6
7.48387,78,19,1,12,14,6
3.35484,82,19,10,20
6,62,19,1,10,8
5.87097,66,19,10,18,7
5.16129,88,19,9,3,3,10
3.35484,82,19,10,20
5.87097,66,19,1,5,8
5.03226,92,19,20,12,10
5.6129,74,19,13,21,8
3.67742,72,19,6,20
3.6129,74,19,6,1
4,62,19,20,15
4.96774,94,19,20,13,17
5.67742,72,19,20,14,15
5.80645,68,19,16,10,7
6,62,19,7,18,2
5.67742,72,19,19,1,22,8
5.22581,86,19,3,22,3,17
5.41935,80,19,18,10,12
3.93548,64,19,4,3
4.64516,104,19,12,9,6
4.90323,96,19,12,4,9
5.54839,76,19,18,1,13
6.45161,110,19,8,18,20,10
3.93548,64,19,5,22
5.80645,68,19,19,7,14,5
7.35484,82,19,11,12,8,10
5.35484,82,19,3,6,18
7.41935,80,19,3,10,5,18
5.09677,90,19,11,9,4
3.48387,78,19,13,17
5.93548,64,19,9,8,18
5.67742,72,19,3,20,11
5.80645,68,19,3,22,3,2
6.51613,108,19,7,22,4,5
5.29032,84,19,2,3,7
9.22581,86,19,22,18,18,12,3,13
3.48387,78,19,13,17
7.16129,88,19,3,21,1,15
6,62,19,10,8,14
3.54839,76,19,13,11
7.48387,78,19,10,16,18,3
3.48387,78,19,6,16
5.54839,76,19,9,7,6
4,62,19,5,3
3.29032,84,19,10,4
3.87097,66,19,17,2
6,62,19,21,16,5
5.48387,78,19,19,6,6,19,3,13
5.54839,76,19,22,8,3,3,22
7.16129,88,19,22,19,22,1,8,2
6.96774,94,19,22,18,17,20
5.87097,66,19,17,22,19,18
7.09677,90,19,21,14,4,11
5.03226,92,19,13,6,2
5.93548,64,19,9,5,15
5.74194,70,19,19,3,9,8
3.41935,80,19,6,9
5.80645,68,19,6,18,15
5.80645,68,19,10,15,21
4.83871,98,19,7,10,12
3.6129,74,19,21,13,13,19
6,62,19,22,14,16
5.80645,68,19,8,8,6,14
5.74194,70,19,20,12,11
3.93548,64,19,5,22
4.96774,94,19,19,12,10,3
4.83871,98,19,11,2,16
7.03226,92,19,21,14,14,6,1
6,62,19,7,17,6
5.09677,90,19,20,14,9
8,62,19,11,1,21,18
5.16129,88,19,10,22,16
5.67742,72,19,9,7,18
5.87097,66,19,16,15,17
7.03226,92,19,9,15,15,18,4
3.93548,64,19,17,14,19
7.74194,70,19,17,22,14,3
5.6129,74,19,19,13,13,20,12
3.80645,68,19,5,7
4.83871,98,19,22,16,4
5.35484,82,19,3,17,10
4.32258,114,19,19,20,4,9
4,62,19,9,12
5.09677,90,19,3,20,16
5.93548,64,19,3,7,14,19
5.09677,90,19,10,16,19,20
3.87097,66,19,13,7
8,62,19,8,1,20,2
5.80645,68,19,10,10,15,21
5.48387,78,19,18,17,1
5.87097,66,19,5,1,10
7.29032,84,19,21,15,16,14
5.09677,90,19,14,15,5,14
3.16129,88,19,5,4
5.54839,76,19,3,20,1
5.80645,68,19,19,17,7,4
5.29032,84,19,10,5,5,20
5.74194,70,19,12,21,16
5.54839,76,19,22,13,13,14
5.87097,66,19,7,13,20
4.96774,94,19,19,12,6,6,3
5.74194,70,19,3,6,4
7.80645,68,19,1,10,5,10,15
3.93548,64,19,19,17,4
5.35484,82,19,8,8,4,11
4.64516,104,19,3,5,20
5.09677,90,19,19,2,20,2,4,19
5.54839,76,19,16,1,20
4.96774,94,19,7,5,14
5.09677,90,19,8,20,9
3.16129,88,19,17,6,19
5.87097,66,19,8,20,14
5.6129,74,19,15,11,19,7
5.29032,84,19,11,3,7,11
5.67742,72,19,22,11,5
7.6129,74,19,11,14,22,12
4,62,19,20,20,15
7.35484,82,19,15,7,15,3,6
7.67742,72,19,2,19,11,3,1
3.03226,92,19,4,10
3.74194,70,19,13,15
3.87097,66,19,20,18
5.93548,64,19,11,12,1,11
5.74194,70,19,19,1,7,4
3.29032,84,19,5,20
3.35484,82,19,10,20
5.48387,78,19,6,4,3
7.93548,64,19,14,8,15,9
3.54839,76,19,13,11
3.29032,84,19,20,16
5.29032,84,19,7,9,14
4.96774,94,19,3,16,20
3.6129,74,19,5,21
5.87097,66,19,7,13,13,21
10.8387,98,19,10,9,16,10,19,14,12,17
5.87097,66,19,15,8,4
7.6129,74,19,14,8,7,8,17
4.70968,102,19,1,20,16
7.03226,92,19,8,14,20,9
3.80645,68,19,13,22
7.6129,74,19,15,7,4,8
5.6129,74,19,16,1,2
4,62,19,20,15
3.80645,68,19,14,10,19
5.48387,78,19,14,5,3
5.74194,70,19,8,17,10
5.54839,76,19,18,17,20
6,62,19,21,19,11,7
3.93548,64,19,5,22
5.6129,74,19,21,13,11
