5.74194,70,4,8,3,22
5.87097,66,4,15,12,20
3.35484,82,4,9,8
5.03226,92,4,7,6,5
3.80645,68,4,13,10
5.67742,72,4,14,19,13
2.58065,106,4,9,2
4,62,4,8,10
7.48387,78,4,15,19,18,19,19,17
5.16129,88,4,12,17,19
3.87097,66,4,1,12
3.09677,90,4,5,8
4,62,4,16,10
3.22581,86,4,9,14
7.54839,76,4,18,15,21,11
6.58065,106,4,21,22,2,16
7.29032,84,4,13,15,6,14
5.80645,68,4,14,9,14,15
3.03226,92,4,13,1,4
6.90323,96,4,19,16,9,12
7.67742,72,4,20,7,22,19
5.6129,74,4,20,11,9
3.87097,66,4,6,10
3.93548,64,4,20,6
4.58065,106,4,11,4,2,16
3.87097,66,4,20,17
3.6129,74,4,12,8,8,4
6.96774,94,4,20,2,21,5
5.80645,68,4,6,11,8
5.54839,76,4,1,14,22
5.16129,88,4,3,2,1
3.41935,80,4,20,10
5.67742,72,4,20,4,21,4,18
5.67742,72,4,12,15,2
5.74194,70,4,3,12,3,22
3.93548,64,4,20,6
5.74194,70,4,2,19,16
6,62,4,12,2,3
6,62,4,14,18,5
4,62,4,17,10
5.80645,68,4,8,21,20
5.93548,64,4,7,9,10
5.87097,66,4,6,14,2
7.93548,64,4,15,7,19,3
5.48387,78,4,20,12,17
5.16129,88,4,11,1,13
3.6129,74,4,16,11
3.6129,74,4,1,22
5.93548,64,4,3,12,7
4,62,4,18,18,5
3.29032,84,4,3,4,16
5.16129,88,4,15,6,20
3.41935,80,4,9,19
7.87097,66,4,15,7,22,13
3.6129,74,4,16,11
3.09677,90,4,5,8
3.80645,68,4,6,5
5.93548,64,4,13,11,16
3.48387,78,4,17,3
3.93548,64,4,17,6
3.48387,78,4,17,4,17,20
3.16129,88,4,5,17
3.6129,74,4,1,22
4.45161,110,4,15,10,6
5.93548,64,4,7,22,5
3.87097,66,4,12,5
3.74194,70,4,3,6
5.54839,76,4,6,12,1
5.80645,68,4,19,18,16
5.41935,80,4,6,17,8
3.35484,82,4,9,8
5.41935,80,4,18,6,21
5.54839,76,4,12,13,21,21,4
5.67742,72,4,13,17,17,10
3.54839,76,4,1,2
2.96774,94,4,5,15
5.48387,78,4,20,8,7
5.29032,84,4,22,1,21
5.6129,74,4,8,19,6
5.35484,82,4,21,17,20
5.6129,74,4,20,14,2
3.41935,80,4,5,1
6,62,4,4,13,18,3
2.58065,106,4,9,20
6.90323,96,4,22,14,14,1,20
7.67742,72,4,18,14,21,1
3.67742,72,4,11,2
2.90323,96,4,9,21
4.06452,122,4,15,10,13
3.93548,64,4,8,2
5.22581,86,4,8,15,13
5.80645,68,4,6,15,10
3.93548,64,4,4,8,2
2.77419,100,4,5,7
6.77419,100,4,13,12,6,3
5.74194,70,4,18,8,16
5.54839,76,4,8,22,8,12
2.3871,112,4,9,13
4.90323,96,4,2,20,11,4
7.48387,78,4,21,8,21,3,20
5.80645,68,4,20,18,22
3.22581,86,4,4,9,14
3.93548,64,4,8,2
5.29032,84,4,22,11,21
7.93548,64,4,21,13,2,12
3.41935,80,4,20,4,22,20
3.67742,72,4,17,8
6,62,4,6,22,22,16
2.90323,96,4,5,14
2.3871,112,4,5,6
6.83871,98,4,14,7,6,1
5.87097,66,4,1,1,11,12
5.09677,90,4,22,3,5
4,62,4,17,10
3.29032,84,4,16,3
5.09677,90,4,15,16,7
3.35484,82,4,11,6
4,62,4,22,5
7.35484,82,4,7,4,21,22,16
2.90323,96,4,9,21
5.80645,68,4,12,1,1,18
3.22581,86,4,1,13
6,62,4,19,10,5
4.96774,94,4,3,22,10
4,62,4,6,16
5.93548,64,4,12,7,19
4,62,4,15,5
5.93548,64,4,21,3,7
3.80645,68,4,13,10
5.54839,76,4,6,1,10
5.67742,72,4,19,8,2
5.16129,88,4,3,3,20,8
4.96774,94,4,1,14,10
5.16129,88,4,14,2,17
7.74194,70,4,20,12,21,2
3.22581,86,4,1,13
4.58065,106,4,6,20,16
3.80645,68,4,13,10
5.35484,82,4,2,17,5
3.41935,80,4,5,1
4,62,4,13,9
5.87097,66,4,3,18,21
5.54839,76,4,14,16,11
7.35484,82,4,12,3,14,5
5.67742,72,4,12,15,20
3.03226,92,4,16,21
4.25806,116,4,14,10,20
5.03226,92,4,9,16,7
5.80645,68,4,14,11,21
4.83871,98,4,15,20,17
4.96774,94,4,9,9,10,22
2.32258,114,4,5,2
3.93548,64,4,1,18
5.22581,86,4,20,19,19,5
5.03226,92,4,3,2,17
5.03226,92,4,8,16,7
5.09677,90,4,7,9,17
4.70968,102,4,13,12,4,9
4.32258,114,4,21,10,20
7.80645,68,4,18,14,7,17
4.25806,116,4,4,14,10,10,2
3.80645,68,4,8,6
7.35484,82,4,20,15,22,12
5.41935,80,4,14,14,12,10
4.90323,96,4,12,13,9
5.09677,90,4,7,13,19
3.87097,66,4,17,9
2.64516,104,4,9,6
5.22581,86,4,22,13,14
3.87097,66,4,20,17
5.54839,76,4,3,22,19
6.06452,122,4,4,6,7,13,10
2.96774,94,4,4,16,12
5.09677,90,4,3,21,9
3.03226,92,4,10,14
4.58065,106,4,1,9,20
5.54839,76,4,12,8,17
7.67742,72,4,21,21,12,8,16
5.16129,88,4,18,12,16
5.09677,90,4,10,5,18
3.48387,78,4,16,8
7.48387,78,4,14,2,20,13
5.09677,90,4,4,3,15,5
3.54839,76,4,18,19,4
4.90323,96,4,8,21,5
7.74194,70,4,12,3,8,20
5.41935,80,4,14,16,18
5.80645,68,4,13,3,13,22
5.48387,78,4,12,19,13
2.51613,108,4,10,6
3.74194,70,4,3,6
3.48387,78,4,16,16,8
3.35484,82,4,9,18
3.29032,84,4,20,4,5
3.93548,64,4,11,5
3.41935,80,4,4,9,19
4.83871,98,4,11,12,9
3.35484,82,4,9,18
2.77419,100,4,10,12
6.96774,94,4,8,7,15,5
5.80645,68,4,3,14,2
3.74194,70,4,11,7
5.22581,86,4,7,20,19
3.16129,88,4,5,19
7.22581,86,4,13,19,22,12
3.6129,74,4,17,12
3.6129,74,4,17,12
5.80645,68,4,19,15,12
5.6129,74,4,11,1,7
5.93548,64,4,2,19,19,22
5.80645,68,4,22,11,3
5.54839,76,4,2,19,5
4.70968,102,4,14,20,16
3.67742,72,4,17,8
3.54839,76,4,17,21,4
3.87097,66,4,19,2
5.93548,64,4,13,7,1
5.09677,90,4,17,18,5
5.35484,82,4,12,7,9
3.29032,84,4,10,17
5.6129,74,4,4,14,2,3
3.16129,88,4,5,17
3.54839,76,4,10,1
3.16129,88,4,5,17
6,62,4,12,11,3,12
2.3871,112,4,16,9,4
3.80645,68,4,19,19,20
7.6129,74,4,22,14,8,16
3.54839,76,4,17,21,4
3.80645,68,4,18,4,17
5.93548,64,4,21,18,20
5.09677,90,4,6,12,9
7.87097,66,4,13,21,12,22
3.35484,82,4,13,17,4
3.35484,82,4,16,22
4.51613,108,4,8,16,20
7.35484,82,4,4,21,11,1,20
3.22581,86,4,9,14
4,62,4,4,22,5
7.35484,82,4,14,15,7,5
2.32258,114,4,4,5,2
5.6129,74,4,6,17,9
5.35484,82,4,12,7,9
3.22581,86,4,9,3
3.87097,66,4,8,20
7.54839,76,4,13,6,6,14,2
4.96774,94,4,12,20,5
4.90323,96,4,1,14,5
5.09677,90,4,7,6,4,8
4.90323,96,4,11,9,12
2.77419,100,4,10,10,21
5.41935,80,4,17,15,9
4,62,4,16,10
3.29032,84,4,10,19
2.32258,114,4,16,13
3.67742,72,4,19,13
3.93548,64,4,6,15,4
5.6129,74,4,11,19,12
3.87097,66,4,6,10
3.6129,74,4,8,4,12,8
5.67742,72,4,15,8,22
5.80645,68,4,7,14,7,11
5.54839,76,4,20,13,15
2.12903,120,4,10,13
3.67742,72,4,11,22
3.87097,66,4,14,4,11
5.6129,74,4,3,20,21
5.48387,78,4,22,6,2
4,62,4,1,5
5.80645,68,4,18,1,3
5.6129,74,4,21,11,20
2.90323,96,4,5,14
7.80645,68,4,18,22,14,8
3.22581,86,4,9,17
7.54839,76,4,14,14,8,18,10
3.48387,78,4,17,3
7.87097,66,4,13,19,8,18
5.48387,78,4,7,11,10
3.22581,86,4,9,14
3.80645,68,4,8,6
3.22581,86,4,9,3
5.09677,90,4,6,1,22
5.67742,72,4,12,20,19
7.74194,70,4,12,22,7,19
2.64516,104,4,16,20
7.67742,72,4,8,3,1,10
5.74194,70,4,2,17,15
5.54839,76,4,6,1,16
5.22581,86,4,2,11,13
7.67742,72,4,12,19,8,22
3.67742,72,4,11,20
5.09677,90,4,19,21,9
7.22581,86,4,22,8,19,5
5.22581,86,4,7,2,17
5.16129,88,4,17,18,18,17,16
7.41935,80,4,1,11,8,22
5.74194,70,4,13,4,11,10
2.77419,100,4,16,6
7.48387,78,4,14,19,19,15,13
3.22581,86,4,9,14
4,62,4,1,5
5.03226,92,4,3,2,17
5.80645,68,4,14,8,6
5.54839,76,4,15,1,5
5.16129,88,4,15,12,9
3.6129,74,4,13,18,4
7.93548,64,4,13,3,14,14,12
4.77419,100,4,13,8,13,9
5.80645,68,4,13,21,10
5.22581,86,4,1,3,9
5.03226,92,4,7,7,13,7,7,5
5.16129,88,4,11,19,6
3.03226,92,4,16,21
3.93548,64,4,20,6
5.93548,64,4,3,12,7
2.64516,104,4,16,20
5.80645,68,4,15,2,13
5.48387,78,4,7,16,11
2.25806,116,4,5,20
5.48387,78,4,12,9,11
4.90323,96,4,8,12,5
2.90323,96,4,10,7
2.77419,100,4,5,7
7.6129,74,4,12,3,18,11
2.64516,104,4,16,2
5.6129,74,4,22,13,12
5.54839,76,4,2,15,13
3.80645,68,4,13,5
6.70968,102,4,19,15,21,5
5.87097,66,4,13,20,20,6
5.29032,84,4,6,8,14,4
7.67742,72,4,18,8,1,19
4,62,4,17,10
3.35484,82,4,4,12,4,5
5.74194,70,4,22,8,15
5.54839,76,4,20,8,15
3.67742,72,4,8,13
3.35484,82,4,9,8
3.80645,68,4,8,6
4.90323,96,4,15,20,6
7.09677,90,4,3,12,19,19,6
3.74194,70,4,17,4,8
4.45161,110,4,8,9,2
4.45161,110,4,19,4,2,4,5
5.87097,66,4,14,19,6
5.67742,72,4,15,13,2
5.29032,84,4,6,2,1
5.41935,80,4,1,9,19
5.16129,88,4,1,10,8
3.6129,74,4,16,11
5.22581,86,4,6,4,2,5
2.32258,114,4,16,13
4.96774,94,4,14,16,21
7.80645,68,4,18,21,14,12
5.41935,80,4,15,9,19
6.64516,104,4,7,22,1,13
3.87097,66,4,5,9
3.93548,64,4,3,5
4,62,4,1,5
4.45161,110,4,1,16,20
3.16129,88,4,16,7
3.09677,90,4,16,4,17
3.80645,68,4,13,5
6,62,4,6,7,7,11
10,62,4,13,20,2,7,22
2.90323,96,4,10,7
9.67742,72,4,21,14,3,12,3,2
3.03226,92,4,10,22
4.83871,98,4,11,9,21
3.74194,70,4,1,15
5.80645,68,4,7,6,18
5.22581,86,4,22,14,3,22
5.41935,80,4,7,8,6
8,62,4,15,14,18,12
3.54839,76,4,19,19,8,4
7.22581,86,4,15,9,10,17
3.41935,80,4,17,11
3.29032,84,4,10,19
3.22581,86,4,9,3
5.80645,68,4,22,12,18
3.03226,92,4,10,3
3.29032,84,4,10,17
4.96774,94,4,4,7,3,3,17
3.74194,70,4,18,22,4
5.41935,80,4,15,13,6
5.6129,74,4,17,21,12
3.93548,64,4,17,6
3.22581,86,4,3,1,4
5.74194,70,4,12,11,15
5.6129,74,4,6,13,8
3.54839,76,4,17,13
3.09677,90,4,10,15
7.93548,64,4,2,11,3,8
3.54839,76,4,10,4,10,1
5.93548,64,4,18,16,5
5.93548,64,4,15,3,12
5.41935,80,4,18,3,7
3.35484,82,4,11,6
4,62,4,16,5
2.96774,94,4,9,12
5.16129,88,4,3,20,11
7.80645,68,4,2,20,7,17
3.93548,64,4,17,19
4.19355,118,4,9,16,16,13
5.93548,64,4,20,12,1
3.03226,92,4,4,16,21
4,62,4,14,5
3.54839,76,4,1,2
5.29032,84,4,21,20,16
7.22581,86,4,7,19,3,22
5.93548,64,4,3,22,15
4.90323,96,4,15,16,12
5.41935,80,4,18,19,13
5.48387,78,4,3,11,13
5.6129,74,4,11,19,12
3.93548,64,4,17,19
5.48387,78,4,15,16,19
4.90323,96,4,22,20,6
7.41935,80,4,20,21,15,11
3.74194,70,4,8,17
5.93548,64,4,8,3,2
3.29032,84,4,5,4,7
5.29032,84,4,14,16,15
5.67742,72,4,13,21,5
2.19355,118,4,14,10,4
4.90323,96,4,16,9,21
5.67742,72,4,19,12,12,11
6.77419,100,4,4,12,14,6,3
2.90323,96,4,5,14
5.87097,66,4,18,19,9
3.16129,88,4,9,22
4.77419,100,4,12,17,13
7.74194,70,4,2,8,14,22
4,62,4,22,5
3.6129,74,4,20,9
5.54839,76,4,13,19,6
2.32258,114,4,16,13
3.29032,84,4,4,1,6
5.87097,66,4,14,11,10
3.6129,74,4,17,2
3.22581,86,4,1,1,13
5.41935,80,4,20,15,16
3.22581,86,4,9,9,3
5.41935,80,4,20,18,17
5.03226,92,4,6,1,2
7.41935,80,4,12,8,19,6
5.6129,74,4,4,19,15,16
3.67742,72,4,2,10
5.87097,66,4,15,8,12
5.29032,84,4,3,15,20
4.3871,112,4,10,5,6
3.74194,70,4,2,5
5.74194,70,4,18,19,5
6.96774,94,4,13,22,14,8,4
7.09677,90,4,2,13,4,14,16
5.35484,82,4,20,8,9
3.09677,90,4,10,15
3.6129,74,4,22,12,4
6,62,4,8,22,15
3.93548,64,4,8,2
3.03226,92,4,10,3
5.80645,68,4,8,22,8,1
4.96774,94,4,14,6,1
5.29032,84,4,18,8,8,13
6.77419,100,4,22,15,15,22,6,5
5.16129,88,4,4,3,21,16
2.77419,100,4,5,7
5.48387,78,4,19,15,10
5.16129,88,4,3,16,15
3.29032,84,4,5,5,11
3.09677,90,4,5,4,3
3.41935,80,4,20,5
5.54839,76,4,12,15,13
2.3871,112,4,9,13
3.93548,64,4,1,18
3.03226,92,4,4,10,3
3.87097,66,4,13,16
5.35484,82,4,6,6,17,2
5.16129,88,4,8,22,20
6,62,4,3,19,7
11.0323,92,4,12,21,14,8,19,6
3.93548,64,4,17,5
5.87097,66,4,1,19,14
3.87097,66,4,5,9
7.41935,80,4,12,19,15,9
3.87097,66,4,17,9
3.29032,84,4,9,15
3.87097,66,4,6,10
3.22581,86,4,9,3
5.6129,74,4,13,17,6
4,62,4,9,5
7.93548,64,4,14,14,14,21,15,8
5.67742,72,4,11,19,22
7.6129,74,4,22,18,1,18,8
3.03226,92,4,4,10,22
3.22581,86,4,9,14
7.74194,70,4,21,15,17,19
7.22581,86,4,7,22,11,21
3.87097,66,4,19,6
7.22581,86,4,12,13,6,13,6,14
3.93548,64,4,17,5
3.16129,88,4,16,7
5.80645,68,4,13,3,16
5.16129,88,4,22,22,20,18
4.90323,96,4,3,7,10
5.35484,82,4,22,17,1
5.54839,76,4,12,15,10
5.29032,84,4,18,1,7
4.3871,112,4,18,6,5
2.64516,104,4,5,12
2.58065,106,4,5,21
3.93548,64,4,3,10
5.87097,66,4,13,14,9
2.90323,96,4,5,14
3.03226,92,4,4,9,7
6.90323,96,4,19,3,12,9
5.35484,82,4,20,11,21
3.35484,82,4,16,17
3.93548,64,4,7,5
5.54839,76,4,22,17,2
6,62,4,11,14,18
5.6129,74,4,3,14,9
4,62,4,19,5
7.35484,82,4,7,19,3,20
5.29032,84,4,21,16,14
3.41935,80,4,9,19
3.48387,78,4,11,13
2.77419,100,4,10,21
3.6129,74,4,6,12,4
3.80645,68,4,13,10
7.80645,68,4,13,21,1,19
5.29032,84,4,15,16,17
5.87097,66,4,8,14,2
5.80645,68,4,13,3,16
4,62,4,18,5
5.87097,66,4,15,11,8
6,62,4,8,15,18
5.93548,64,4,6,15,20
5.74194,70,4,8,4,6,15
5.93548,64,4,20,15,19
6,62,4,21,8,5
8,62,4,6,7,15,3
5.22581,86,4,8,22,16
7.35484,82,4,12,1,11,22
5.41935,80,4,6,1,18
5.93548,64,4,22,15,5
5.80645,68,4,17,7,6
5.54839,76,4,3,12,6
5.93548,64,4,15,3,12
5.74194,70,4,17,18,19
3.93548,64,4,3,5
5.09677,90,4,22,20,19
3.48387,78,4,16,8
5.80645,68,4,12,19,19,5
5.87097,66,4,14,14,8,20
4,62,4,12,16
4,62,4,3,12,4
4.90323,96,4,22,6,5
3.87097,66,4,8,20
5.74194,70,4,19,11,12
3.93548,64,4,12,10
3.93548,64,4,3,5
5.74194,70,4,11,14,3
7.16129,88,4,11,1,11,19,17
2.96774,94,4,5,15
5.80645,68,4,7,17,6
3.6129,74,4,8,4,11
3.22581,86,4,10,8
5.54839,76,4,6,18,20
4,62,4,14,5
5.74194,70,4,19,21,6
2.90323,96,4,5,14
3.67742,72,4,2,10
4,62,4,19,5
3.93548,64,4,18,20
3.67742,72,4,11,22
4,62,4,16,5
3.03226,92,4,16,21
2.06452,122,4,5,13
3.48387,78,4,17,20
3.87097,66,4,19,2
11.8065,68,4,13,21,22,15,14,12
4,62,4,11,18
2.32258,114,4,16,13
2.3871,112,4,9,13
8,62,4,7,14,19,11
4.90323,96,4,3,15,3,6
3.35484,82,4,9,18
5.74194,70,4,15,12,11
5.87097,66,4,21,13,14
5.29032,84,4,11,3,5
3.22581,86,4,10,8
7.74194,70,4,2,13,14,12
5.35484,82,4,14,4,14,4,22,20
3.93548,64,4,20,6
6,62,4,22,3,8
6,62,4,19,21,7
4,62,4,16,10
5.16129,88,4,22,10,8
2.90323,96,4,10,7
5.80645,68,4,6,18,16
5.74194,70,4,18,19,17
7.35484,82,4,13,20,20,18,17
5.35484,82,4,20,2,9
7.09677,90,4,6,21,3,5
5.54839,76,4,18,19,20
7.54839,76,4,22,8,3,21
2.25806,116,4,5,20
3.35484,82,4,9,18
5.35484,82,4,13,22,14,13
3.87097,66,4,12,5
3.93548,64,4,6,9
3.67742,72,4,17,8
3.48387,78,4,1,20
3.22581,86,4,1,17
3.03226,92,4,9,7
5.67742,72,4,12,8,20
3.54839,76,4,18,6,4
8,62,4,20,2,21,12
3.80645,68,4,14,19,4
5.6129,74,4,4,20,2,2,4,22
4,62,4,9,5
3.93548,64,4,17,5
4.25806,116,4,1,10,20
3.6129,74,4,17,2
2.32258,114,4,4,10,2
5.09677,90,4,3,20,19
4.90323,96,4,10,5,14
5.22581,86,4,16,9,17
6,62,4,12,8,7
3.22581,86,4,9,14
3.67742,72,4,8,13
5.67742,72,4,18,7,13
5.6129,74,4,18,14,5
5.41935,80,4,18,16,8
3.48387,78,4,16,18
5.48387,78,4,19,11,15
3.03226,92,4,18,4,5
5.6129,74,4,1,9,11
5.54839,76,4,6,11,6,22
3.93548,64,4,8,5
5.93548,64,4,6,22,13
5.80645,68,4,21,7,5
7.48387,78,4,18,14,11,10
8.83871,98,4,14,3,14,22,7,10
3.6129,74,4,16,11
3.41935,80,4,8,4,2,8
5.67742,72,4,14,16,14,22
5.54839,76,4,21,13,17
7.03226,92,4,18,15,6,19
2.32258,114,4,5,5,2
4,62,4,14,5
5.93548,64,4,7,4,4,18,15
4,62,4,4,6,16
2.77419,100,4,5,7
3.80645,68,4,18,13
5.03226,92,4,6,14,6,10
3.22581,86,4,1,13
2.90323,96,4,4,9,21
5.48387,78,4,2,7,10
7.54839,76,4,15,22,19,17
5.41935,80,4,2,7,5
5.93548,64,4,11,19,8
3.6129,74,4,17,22,4
3.35484,82,4,14,4,9
4.64516,104,4,6,2,5
5.16129,88,4,12,2,9
5.35484,82,4,3,19,13
3.67742,72,4,2,10
5.74194,70,4,13,18,10
2.58065,106,4,9,2
4.51613,108,4,18,6,9
2.77419,100,4,1,4,10
3.87097,66,4,10,16
3.80645,68,4,18,13
3.93548,64,4,4,20,6
7.03226,92,4,21,22,20,11
5.67742,72,4,18,19,18,5
5.41935,80,4,20,11,5
3.93548,64,4,18,20
3.67742,72,4,19,13
5.22581,86,4,21,2,5
2.32258,114,4,5,2
3.29032,84,4,10,17
5.87097,66,4,22,18,6
3.16129,88,4,9,22
5.35484,82,4,6,20,3
3.54839,76,4,1,2
3.80645,68,4,19,20
3.93548,64,4,18,20
2.25806,116,4,12,9,4
3.93548,64,4,4,11,5
5.67742,72,4,4,12,15,9
4,62,4,7,10
7.09677,90,4,15,14,21,10
3.22581,86,4,9,14
2.96774,94,4,5,3
5.74194,70,4,12,20,11
4.45161,110,4,22,10,6
3.03226,92,4,16,21
5.93548,64,4,2,3,3,2,14
5.87097,66,4,6,19,7
5.41935,80,4,18,17,21
6.77419,100,4,22,21,20,17
5.35484,82,4,15,8,6
5.35484,82,4,20,8,9
5.80645,68,4,3,1,12
3.6129,74,4,12,22,4
5.03226,92,4,4,22,22,6,9
2.25806,116,4,5,20
5.87097,66,4,22,4,14,3
3.87097,66,4,6,10
5.09677,90,4,11,16,14
3.22581,86,4,9,17
7.35484,82,4,3,12,12,11,18
5.16129,88,4,19,9,14
5.80645,68,4,19,14,20
3.22581,86,4,9,3
3.74194,70,4,1,15
5.87097,66,4,7,16,10
2.58065,106,4,9,2
3.80645,68,4,6,5
5.48387,78,4,4,14,12,16
7.80645,68,4,13,20,22,17
4,62,4,13,14,4
2.64516,104,4,9,6
3.67742,72,4,16,1
5.41935,80,4,14,7,5
4.90323,96,4,18,16,12
6,62,4,19,11,19,15
5.6129,74,4,15,12,1
5.03226,92,4,20,14,19,20
4,62,4,17,10
3.74194,70,4,16,4,2
5.93548,64,4,7,13,2
4.25806,116,4,1,10,20
3.87097,66,4,17,9
6,62,4,14,18,18,5
3.54839,76,4,1,2
3.67742,72,4,4,11,11,22
4.77419,100,4,20,11,17
4,62,4,5,5,10
5.87097,66,4,2,3,20
3.74194,70,4,8,17
5.09677,90,4,1,1,16,14
7.41935,80,4,14,15,7,10
8,62,4,13,4,7,21,6
2.70968,102,4,20,1,4
3.54839,76,4,10,1
2.58065,106,4,9,2
5.48387,78,4,15,11,18
3.67742,72,4,2,10
5.09677,90,4,12,1,13
3.41935,80,4,22,22,20,4
5.54839,76,4,22,1,14
3.22581,86,4,9,17
5.80645,68,4,19,15,12
5.93548,64,4,12,3,13
5.29032,84,4,20,3,10
5.67742,72,4,4,22,14,9
3.93548,64,4,3,4,8
5.41935,80,4,15,1,12
5.67742,72,4,11,9,1
5.48387,78,4,12,13,19
2.25806,116,4,8,9,4
7.54839,76,4,21,8,11,8,6
5.29032,84,4,3,12,5
3.67742,72,4,16,1
7.48387,78,4,21,7,19,2
5.80645,68,4,13,22,11
3.93548,64,4,8,2
3.29032,84,4,9,15
7.74194,70,4,13,19,18,21
3.67742,72,4,2,10
5.67742,72,4,18,22,16
3.93548,64,4,17,5
3.41935,80,4,8,7,4
5.93548,64,4,12,20,14
3.35484,82,4,10,11
3.74194,70,4,11,7
4,62,4,4,8,8,10
5.16129,88,4,19,9,17
5.74194,70,4,14,17,14,22
3.29032,84,4,20,4,5
7.35484,82,4,2,14,11,21
3.87097,66,4,2,16
5.93548,64,4,3,4,21,20
2.58065,106,4,5,21
6,62,4,4,21,21,22,11
5.80645,68,4,7,14,9
6.83871,98,4,14,20,2,17
2.58065,106,4,9,20
7.16129,88,4,2,8,19,20
3.6129,74,4,16,11
5.54839,76,4,20,13,15
3.09677,90,4,5,8
5.09677,90,4,19,7,10
4,62,4,7,10
2.90323,96,4,5,22
3.22581,86,4,9,14
9.80645,68,4,2,20,12,18,7
5.74194,70,4,8,1,21
3.35484,82,4,11,6
4,62,4,16,5
5.93548,64,4,6,15,1
5.54839,76,4,15,12,12,22
3.41935,80,4,20,5
3.87097,66,4,11,21
3.93548,64,4,8,2
3.48387,78,4,17,3
3.54839,76,4,10,1
5.54839,76,4,15,22,8,15
3.80645,68,4,13,10
3.80645,68,4,13,10
5.74194,70,4,7,17,7,1
6,62,4,9,10,5
5.93548,64,4,12,1,16
4,62,4,3,13
5.29032,84,4,6,14,6,11
5.16129,88,4,18,21,9
3.67742,72,4,8,13
3.93548,64,4,12,10
5.41935,80,4,21,17,13
2.12903,120,4,10,13
5.6129,74,4,6,12,15
3.74194,70,4,2,5
3.35484,82,4,11,6
2.64516,104,4,16,2
5.87097,66,4,22,17,19
5.29032,84,4,13,17,2
7.80645,68,4,7,21,19,11
3.41935,80,4,17,1
5.54839,76,4,14,12,17
3.48387,78,4,16,18
5.09677,90,4,2,4,1,22
5.48387,78,4,4,17,22,13
5.67742,72,4,1,11,21
3.93548,64,4,17,14
5.87097,66,4,6,14,2
6,62,4,3,21,7
3.87097,66,4,20,17
5.09677,90,4,12,17,9
2.3871,112,4,9,13
5.41935,80,4,20,15,1
4,62,4,6,16
6.51613,108,4,15,21,2,5
4,62,4,7,10
5.87097,66,4,12,1,5
5.41935,80,4,16,9,19
3.16129,88,4,9,22
7.67742,72,4,2,7,22,16
4.64516,104,4,4,21,16,20
5.35484,82,4,12,22,10
3.35484,82,4,9,18
5.6129,74,4,14,21,9
3.87097,66,4,2,16
2.64516,104,4,16,20
5.29032,84,4,20,14,10
4.58065,106,4,16,9,20
5.87097,66,4,13,3,7
3.93548,64,4,12,10
7.35484,82,4,22,14,19,6
3.67742,72,4,11,22
5.16129,88,4,9,10,18
2.3871,112,4,5,5,6
3.67742,72,4,11,22
5.09677,90,4,4,22,7,4,17
7.67742,72,4,18,15,22,16
3.03226,92,4,16,21
5.54839,76,4,15,20,13
3.80645,68,4,18,15,4
4.64516,104,4,21,9,6
3.48387,78,4,17,3
3.41935,80,4,20,3,4
7.03226,92,4,21,15,9,12
5.22581,86,4,22,22,21,5
5.22581,86,4,21,2,5
3.22581,86,4,6,3,4
2.90323,96,4,9,21
4,62,4,16,10
5.22581,86,4,19,22,5
4,62,4,12,16
7.54839,76,4,19,8,14,6
3.35484,82,4,9,18
2.3871,112,4,5,6
4,62,4,19,5
9.35484,82,4,21,14,7,19,10
5.41935,80,4,18,3,7
5.6129,74,4,8,19,6
5.29032,84,4,22,16,22,20
5.93548,64,4,3,12,7
7.74194,70,4,6,7,22,10
5.35484,82,4,1,19,9
3.48387,78,4,17,3
4.3871,112,4,6,20,10
5.80645,68,4,7,14,13
3.67742,72,4,1,7
5.09677,90,4,22,15,11,22
3.67742,72,4,6,4,9
3.41935,80,4,9,9,19
7.22581,86,4,12,1,8,5
3.48387,78,4,1,20
3.67742,72,4,1,7
7.41935,80,4,20,21,18,11
4,62,4,15,5
3.87097,66,4,19,2
5.93548,64,4,21,20,22
5.93548,64,4,6,19,22
5.87097,66,4,15,18,5
5.80645,68,4,13,20,17
3.41935,80,4,4,17,1
2.96774,94,4,5,3
5.35484,82,4,15,6,8
4,62,4,3,13
5.87097,66,4,19,22,14
5.48387,78,4,3,18,10
9.48387,78,4,3,8,8,19,1,14
5.6129,74,4,11,14,1
9.41936,80,4,2,8,1,11,16
3.41935,80,4,20,5
3.93548,64,4,17,6
3.93548,64,4,17,6
3.87097,66,4,11,21
5.93548,64,4,12,11,18
4,62,4,14,5
3.93548,64,4,18,20
4.3871,112,4,15,20,10
3.74194,70,4,8,17
3.87097,66,4,5,9
5.80645,68,4,18,12,11
3.48387,78,4,17,20
3.54839,76,4,16,19
4,62,4,10,9
5.29032,84,4,18,4,14,6
3.87097,66,4,11,21
2.12903,120,4,10,13
5.6129,74,4,19,8,20
4.25806,116,4,14,16,13
5.41935,80,4,4,3,14,5
3.74194,70,4,3,6
5.54839,76,4,22,12,7
3.87097,66,4,5,9
3.67742,72,4,11,20
7.22581,86,4,21,21,19,9,3
2.64516,104,4,16,2
2.32258,114,4,5,4,16
7.03226,92,4,21,1,10,10,15
5.22581,86,4,21,11,17
2.64516,104,4,9,6
4.70968,102,4,18,6,1
5.03226,92,4,2,6,11
3.93548,64,4,20,6
4,62,4,12,16
5.67742,72,4,12,8,20
5.03226,92,4,15,1,20
2.90323,96,4,5,14
5.48387,78,4,12,13,19
3.48387,78,4,17,20
5.16129,88,4,15,1,22
2.58065,106,4,9,20
2.96774,94,4,5,15
3.80645,68,4,14,19,4
5.67742,72,4,18,12,7
4.58065,106,4,19,16,20
5.67742,72,4,8,14,14,16
5.29032,84,4,18,17,14
5.29032,84,4,7,3,13
5.54839,76,4,22,12,7
3.35484,82,4,15,8,4
5.29032,84,4,18,1,7
3.03226,92,4,16,21
3.87097,66,4,13,16
5.93548,64,4,14,18,2
5.74194,70,4,19,11,16
7.87097,66,4,13,12,20,20,3
5.80645,68,4,14,11,21
5.80645,68,4,14,7,14,17
5.80645,68,4,4,22,2,21
8,62,4,7,22,21,13
7.6129,74,4,6,4,22,7,13
4.45161,110,4,22,10,6
3.35484,82,4,16,22
5.93548,64,4,14,12,22
5.80645,68,4,20,18,22
2.32258,114,4,4,10,10,20
5.87097,66,4,12,4,12,20,7
3.80645,68,4,1,21
5.16129,88,4,15,10,8
3.03226,92,4,10,3
7.74194,70,4,21,7,3,7,21,12
5.87097,66,4,2,15,12
3.74194,70,4,11,7
5.35484,82,4,14,17,16
7.67742,72,4,18,14,8,18,14,15
3.67742,72,4,17,8
5.41935,80,4,20,11,10
7.80645,68,4,2,3,12,13
5.29032,84,4,7,17,11
5.6129,74,4,18,1,5
5.16129,88,4,22,9,14
