5.74194,70,8,14,6,12
4,62,8,10,3
6.77419,100,8,3,22,14,8,3,6
5.03226,92,8,11,6,3
5.09677,90,8,13,20,11
7.48387,78,8,15,19,22,20
5.67742,72,8,8,12,15,10
3.41935,80,8,2,16
5.54839,76,8,16,17,18
3.48387,78,8,13,17
3.93548,64,8,7,12,8
6.77419,100,8,21,20,3,6
5.6129,74,8,22,17,12
5.22581,86,8,10,19,2
5.67742,72,8,20,14,7
5.80645,68,8,18,12,8,8,15
7.54839,76,8,1,15,6,22
4.77419,100,8,18,10,4
3.03226,92,8,1,13,8
4.96774,94,8,9,17,2
9.6129,74,8,1,10,9,5,22
5.48387,78,8,16,19,6
5.22581,86,8,7,6,9
5.41935,80,8,17,15,1
3.54839,76,8,6,6,1
4,62,8,10,10,22
7.29032,84,8,14,22,21,5
5.67742,72,8,11,16,8,12
5.67742,72,8,22,18,13
7.09677,90,8,15,15,7,9,14
5.87097,66,8,14,11,6
8.45161,110,8,15,15,21,2,20,10
4.90323,96,8,9,10,8,13
5.6129,74,8,1,20,15
5.6129,74,8,11,4,7
3.35484,82,8,9,4
7.54839,76,8,18,18,12,13,7
6,62,8,14,20,7
7.41935,80,8,15,8,4,13,21
3.6129,74,8,20,17
7.67742,72,8,22,15,17,6
5.16129,88,8,6,7,10
5.67742,72,8,22,11,19
5.67742,72,8,2,8,14,10
5.74194,70,8,10,5,7
7.6129,74,8,16,9,1,2
5.29032,84,8,4,14,2
3.93548,64,8,17,19
4,62,8,19,10,8
5.80645,68,8,1,22,18,18,8
7.6129,74,8,12,20,14,7
7.74194,70,8,21,18,11,14
4,62,8,13,8,22
4.58065,106,8,12,9,12,9,20
3.29032,84,8,2,8,2,5
7.87097,66,8,7,14,19,16
5.6129,74,8,14,10,15
5.29032,84,8,9,19,4
5.6129,74,8,3,6,18
5.67742,72,8,9,14,11
3.29032,84,8,16,13
5.93548,64,8,3,10,11
7.74194,70,8,18,1,19,1,10
5.54839,76,8,10,5,21
5.35484,82,8,10,1,20
8,62,8,12,15,22,6
3.67742,72,8,17,4
3.80645,68,8,4,19
2.77419,100,8,8,13,5
5.35484,82,8,9,3,20
9.74194,70,8,11,1,21,12,20
5.93548,64,8,11,18,8,12
5.87097,66,8,3,6,21
3.41935,80,8,6,16
7.03226,92,8,3,14,3,14,17,1
3.35484,82,8,8,9,9,9,13
5.67742,72,8,8,15,3,20
5.74194,70,8,8,12,1,15
3.87097,66,8,9,21
5.80645,68,8,11,20,11,21
3.93548,64,8,4,3
4.51613,108,8,15,5,15,5,2
3.74194,70,8,5,7
5.80645,68,8,10,18,22
3.09677,90,8,5,4
5.6129,74,8,2,4,15
3.09677,90,8,4,9
6,62,8,8,16,14,21
5.54839,76,8,20,21,1
5.03226,92,8,10,11,4
3.54839,76,8,6,11
8.64516,104,8,19,15,22,9,6
7.87097,66,8,14,22,12,2
5.6129,74,8,8,21,12,8,21,11
4.83871,98,8,21,13,10
4,62,8,20,22
5.87097,66,8,6,21,7
5.6129,74,8,15,6,2
4.83871,98,8,4,6,9
3.54839,76,8,5,21
7.80645,68,8,19,2,4,2,19,15
5.93548,64,8,12,19,5
5.35484,82,8,16,8,5,19
3.54839,76,8,17,13
5.87097,66,8,22,12,20
5.74194,70,8,8,12,9,1
5.35484,82,8,22,20,7
3.54839,76,8,16,22,8
4.64516,104,8,11,6,5
7.09677,90,8,16,1,14,9
5.67742,72,8,6,22,6,15
4,62,8,22,8,13
7.41935,80,8,8,1,19,9,14
3.80645,68,8,6,14,8
4.77419,100,8,12,6,16
5.16129,88,8,5,17,9
7.67742,72,8,19,22,13,12
5.87097,66,8,6,6,4,21
5.87097,66,8,1,15,20
7.41935,80,8,18,19,7,10
3.22581,86,8,5,20
5.41935,80,8,21,9,19
5.6129,74,8,16,7,6
5.41935,80,8,18,4,19
3.6129,74,8,8,5,18,8
5.54839,76,8,4,22,14
5.67742,72,8,12,8,5,11
3.80645,68,8,20,1
5.03226,92,8,5,18,2
3.29032,84,8,2,5
6.70968,102,8,18,16,10,2
7.54839,76,8,1,3,8,2,4
7.03226,92,8,9,10,10,17,4
5.93548,64,8,4,21,12
5.54839,76,8,18,4,3
7.48387,78,8,11,12,2,12,11,22
3.87097,66,8,9,21
5.6129,74,8,9,22,19
5.48387,78,8,1,20,11
5.80645,68,8,22,3,14
3.74194,70,8,13,3
5.74194,70,8,11,8,4,14
4,62,8,6,18
5.67742,72,8,1,9,6
7.03226,92,8,16,15,18,2
7.80645,68,8,11,9,5,3
5.09677,90,8,7,12,5
3.29032,84,8,6,10
9.6129,74,8,15,18,19,21,3
3.93548,64,8,17,16
7.54839,76,8,12,9,16,9,11
3.41935,80,8,17,1
3.80645,68,8,20,8,17
3.6129,74,8,8,11,20,8
7.80645,68,8,1,14,15,2
7.6129,74,8,3,1,8,14,5
3.41935,80,8,17,1
3.93548,64,8,9,12
5.87097,66,8,12,16,5
5.41935,80,8,9,10,6
3.6129,74,8,16,2
3.41935,80,8,17,1
7.41935,80,8,18,19,21,9
3.74194,70,8,13,3
6.58065,106,8,15,20,2,9
5.93548,64,8,6,21,15
5.22581,86,8,8,22,9,17
4,62,8,7,1,8
5.93548,64,8,15,17,19
5.16129,88,8,11,13,17
5.41935,80,8,17,22,1
5.87097,66,8,8,22,18,5
5.6129,74,8,16,7,6
4,62,8,12,5
5.87097,66,8,16,8,22,6
5.41935,80,8,8,12,17,21
3.41935,80,8,6,16
6,62,8,16,1,5
4.45161,110,8,20,4,16
5.93548,64,8,8,7,14,17
5.93548,64,8,8,15,17,17,19
5.35484,82,8,1,5,6
8,62,8,19,16,9,9,3
5.93548,64,8,15,19,6
3.29032,84,8,16,13
3.29032,84,8,5,2
3.03226,92,8,4,10
4.06452,122,8,22,5,13
6,62,8,14,8,2,7
5.80645,68,8,22,18,20
5.67742,72,8,12,22,16
5.35484,82,8,18,20,1
3.6129,74,8,6,20
5.22581,86,8,13,4,1
5.87097,66,8,22,2,4
5.6129,74,8,4,4,8,9,1
5.67742,72,8,2,4,14
4.51613,108,8,12,16,2
5.93548,64,8,14,17,19
3.87097,66,8,5,22
6.51613,108,8,1,19,8,16,2
7.74194,70,8,3,7,18,17
8.25806,116,8,8,3,14,5,10,4
5.29032,84,8,18,16,6
5.6129,74,8,8,16,9,6
5.6129,74,8,2,2,2,3,21
3.67742,72,8,11,2,8
8.45161,110,8,7,15,22,20,16
7.29032,84,8,7,8,1,21,11
5.6129,74,8,1,4,4,12
5.6129,74,8,17,21,22
6,62,8,19,5,19,10
5.6129,74,8,22,13,6
3.22581,86,8,5,20
5.29032,84,8,8,12,2,9
3.16129,88,8,20,5
5.48387,78,8,1,4,14
7.54839,76,8,1,21,6,15
5.35484,82,8,12,9,18
5.41935,80,8,16,17,5
5.74194,70,8,10,19,1
5.87097,66,8,15,17,9
5.16129,88,8,15,4,11
5.54839,76,8,15,17,13
6.64516,104,8,14,15,9,13
4,62,8,16,21
5.03226,92,8,12,13,9
4.51613,108,8,11,4,4,10
5.67742,72,8,15,15,4,7
5.74194,70,8,7,8,15,4
3.41935,80,8,16,7,8
7.03226,92,8,14,11,5,12
3.6129,74,8,4,11
5.29032,84,8,12,17,5
7.29032,84,8,3,19,5,9,3
3.93548,64,8,4,3
6.96774,94,8,19,2,12,17
3.48387,78,8,17,20
2.96774,94,8,4,5
3.54839,76,8,13,19
5.54839,76,8,15,20,7
6.25806,116,8,5,19,5,5,10,5,10,5,10,20
7.74194,70,8,15,8,8,1,18,14,15
9.22581,86,8,14,8,18,15,20,20,7
5.54839,76,8,7,17,2
5.41935,80,8,9,9,18,10
5.80645,68,8,15,20,13
5.87097,66,8,3,15,15,5
5.93548,64,8,11,19,13
3.35484,82,8,20,9
7.41935,80,8,22,8,1,21,6
5.80645,68,8,12,15,22,8
5.41935,80,8,1,9,4
5.22581,86,8,5,17,16
5.54839,76,8,2,4,3
5.93548,64,8,14,4,3
5.6129,74,8,20,21,17
7.16129,88,8,15,12,20,22
3.29032,84,8,6,4,8
5.80645,68,8,3,13,14
4,62,8,4,15
6.83871,98,8,18,19,9,2
3.35484,82,8,9,4
5.87097,66,8,1,14,8,2
3.6129,74,8,5,12
6.77419,100,8,15,3,12,5
4.70968,102,8,8,5,17,1
5.41935,80,8,12,13,1
5.48387,78,8,19,4,17
3.6129,74,8,8,5,12
5.6129,74,8,8,11,5,7
4,62,8,16,21
7.35484,82,8,3,8,8,22,6,22,10
5.29032,84,8,12,2,16
2.77419,100,8,13,5
3.87097,66,8,13,7
3.67742,72,8,17,4
3.6129,74,8,13,18
5.80645,68,8,18,11,22
3.48387,78,8,13,17
3.48387,78,8,8,16,4
3.54839,76,8,13,19
4,62,8,16,21
6.51613,108,8,1,11,4,4,16
7.22581,86,8,12,1,19,17
5.03226,92,8,1,21,1,16,21
7.29032,84,8,3,19,2,18
4.3871,112,8,21,9,13
5.29032,84,8,9,1,13
5.6129,74,8,7,21,9
7.35484,82,8,14,11,16,21
7.29032,84,8,3,15,21,10
5.41935,80,8,14,17,1
7.22581,86,8,3,15,4,22
6.90323,96,8,8,14,19,9,4
5.16129,88,8,21,13,13,20,8
5.80645,68,8,22,19,5
5.6129,74,8,9,16,6
5.87097,66,8,12,12,16,5
7.35484,82,8,12,11,14,17
5.67742,72,8,10,9,9,18,8
4.77419,100,8,4,6,10
3.80645,68,8,6,2
5.80645,68,8,20,15,18
6,62,8,22,8,22,20,2
7.48387,78,8,8,3,9,1,15
5.80645,68,8,19,6,17
7.6129,74,8,21,12,3,3,10
4.25806,116,8,7,10,20
3.35484,82,8,13,1
5.93548,64,8,1,7,4
5.87097,66,8,2,14,12
5.6129,74,8,6,4,20
5.93548,64,8,3,20,18
5.22581,86,8,10,8,5,19
5.74194,70,8,7,18,7,9
3.87097,66,8,11,22,8
3.29032,84,8,4,6,8
5.41935,80,8,6,22,6,17
5.6129,74,8,18,3,6
7.93548,64,8,15,21,19,7
3.93548,64,8,4,3
3.09677,90,8,5,4
5.80645,68,8,8,3,13,22
4.90323,96,8,12,17,13
5.93548,64,8,3,10,11
5.80645,68,8,8,14,4,19
5.29032,84,8,19,10,6
3.16129,88,8,20,10
5.87097,66,8,1,15,9
3.48387,78,8,17,20
3.35484,82,8,20,16
5.87097,66,8,5,16,15
7.03226,92,8,3,15,1,22
3.09677,90,8,5,4
7.35484,82,8,11,15,17,6
2.77419,100,8,13,5
5.87097,66,8,15,3,21
3.6129,74,8,1,2,8
6,62,8,9,22,22,15
3.67742,72,8,14,17,8
6.58065,106,8,21,16,9,20
5.67742,72,8,7,2,22
4,62,8,2,2,11
5.35484,82,8,8,16,5,19,16
7.41935,80,8,14,2,7,4
8,62,8,14,7,9,10
7.93548,64,8,7,19,14,22
3.48387,78,8,16,16,4
5.35484,82,8,15,5,19
5.54839,76,8,8,22,4,14
4,62,8,6,17
7.80645,68,8,14,9,10,17
3.48387,78,8,16,4
5.03226,92,8,9,19,8,4
3.6129,74,8,16,2
5.6129,74,8,21,1,22
7.22581,86,8,9,19,14,17
5.29032,84,8,11,4,19
3.41935,80,8,2,9
3.87097,66,8,5,14
5.6129,74,8,1,15,1,20
3.93548,64,8,17,5
7.29032,84,8,2,12,14,20
7.67742,72,8,12,22,17,7
4,62,8,4,15
5.16129,88,8,9,15,5
5.67742,72,8,21,8,11,21,13
5.03226,92,8,20,20,3,5
3.74194,70,8,10,21
7.35484,82,8,1,21,18,5
5.80645,68,8,1,4,2
3.93548,64,8,2,1
9.87097,66,8,15,8,18,14,21,20
4.83871,98,8,15,20,16
4,62,8,16,21
5.48387,78,8,9,5,5,21
3.93548,64,8,17,19
3.41935,80,8,17,1
5.35484,82,8,8,3,6,12
7.74194,70,8,19,12,11,10
5.80645,68,8,17,21,14
5.35484,82,8,22,20,15
3.6129,74,8,17,2
5.67742,72,8,8,9,5,7
5.80645,68,8,16,3,14
3.41935,80,8,6,16
5.74194,70,8,12,19,4
3.29032,84,8,6,10
3.03226,92,8,5,13
3.87097,66,8,17,9
6,62,8,18,8,11,13
5.48387,78,8,18,20,11
3.29032,84,8,10,20
8.64516,104,8,16,5,11,1,17
5.67742,72,8,11,22,20
4.51613,108,8,15,5,2
5.87097,66,8,11,10,15
3.16129,88,8,20,5
7.29032,84,8,1,18,11,7
3.93548,64,8,2,6
6,62,8,8,1,20,12
4,62,8,20,22
3.74194,70,8,17,8,4
3.35484,82,8,20,9
3.29032,84,8,5,2
5.09677,90,8,10,1,13
3.80645,68,8,6,2
5.6129,74,8,19,12,8,2
7.03226,92,8,19,7,1,20
5.74194,70,8,18,2,14
3.93548,64,8,9,14,8
7.09677,90,8,21,14,5,18
5.22581,86,8,6,13,15
4,62,8,16,21
5.87097,66,8,2,21,6
5.80645,68,8,7,12,4
6,62,8,7,12,2
5.41935,80,8,8,7,3,22
6.70968,102,8,14,4,6,6,5
5.22581,86,8,10,5,20
3.41935,80,8,17,11
7.41935,80,8,19,20,12,4
5.80645,68,8,16,16,22,19
4.96774,94,8,16,10,13
7.03226,92,8,3,10,9,6
5.09677,90,8,1,5,4
5.03226,92,8,16,5,4
4,62,8,10,3
3.74194,70,8,10,21
2.83871,98,8,8,13,16
5.87097,66,8,15,12,7
7.93548,64,8,3,20,15,15,7
3.6129,74,8,6,6,3
3.80645,68,8,2,17
6.90323,96,8,17,15,7,5
3.54839,76,8,13,11
4.90323,96,8,14,5,6
9.80645,68,8,18,7,19,3,3,11
3.67742,72,8,17,4
5.87097,66,8,10,1,5
3.29032,84,8,8,2,5
5.80645,68,8,21,19,21,8,17
3.54839,76,8,4,1
5.93548,64,8,15,17,6
4,62,8,21,5
4,62,8,9,3,3,8
7.41935,80,8,12,11,9,19
2.77419,100,8,13,10
3.54839,76,8,6,11
5.87097,66,8,3,22,15,3
5.80645,68,8,8,11,12,17
3.29032,84,8,2,5
6.32258,114,8,15,13,4,9
5.80645,68,8,22,18,1,8
8.90323,96,8,22,14,11,1,20
5.35484,82,8,22,10,11
7.93548,64,8,1,7,18,22
5.16129,88,8,20,15,1
5.35484,82,8,11,20,6
9.80645,68,8,18,15,22,14,20
5.93548,64,8,3,3,4,15
4,62,8,4,15
7.16129,88,8,18,5,10,12
5.80645,68,8,14,8,3,22,8
3.09677,90,8,20,4,8
7.22581,86,8,22,14,1,15
3.93548,64,8,17,14
5.6129,74,8,7,17,4
5.54839,76,8,1,16,14,1
5.93548,64,8,14,12,5
5.80645,68,8,19,6,17
3.41935,80,8,2,9
5.80645,68,8,21,7,5
4.83871,98,8,16,7,5
5.29032,84,8,9,22,4
7.29032,84,8,15,14,14,22,22,5
3.93548,64,8,5,3
6,62,8,19,19,12,6
5.35484,82,8,15,13,14
6,62,8,7,12,2
3.80645,68,8,4,19
5.67742,72,8,18,22,8,8,7
5.16129,88,8,20,15,2
5.35484,82,8,22,11,21
5.03226,92,8,19,20,9
3.80645,68,8,2,17
5.80645,68,8,19,20,14
5.6129,74,8,15,5,1
5.54839,76,8,3,5,22
3.35484,82,8,6,9
5.41935,80,8,11,2,17
7.35484,82,8,16,10,17,18
3.54839,76,8,6,1
5.16129,88,8,7,8,14,13,7
7.41935,80,8,20,2,13,7
7.22581,86,8,7,15,10,18
6.83871,98,8,1,15,6,20
4.83871,98,8,17,17,21,16
3.93548,64,8,20,11
9.48387,78,8,21,22,19,15,6
5.80645,68,8,19,4,4,14
5.22581,86,8,12,1,17
3.54839,76,8,13,11
7.35484,82,8,10,1,11,1,22
7.67742,72,8,15,3,14,14,14,12
3.41935,80,8,2,9
5.6129,74,8,4,6,4,7
3.22581,86,8,10,4
3.29032,84,8,2,5
2.83871,98,8,13,16
5.6129,74,8,11,2,18
5.22581,86,8,5,11,22
5.87097,66,8,12,4,14
9.41936,80,8,19,22,16,9,18
4.96774,94,8,22,8,6,12
5.67742,72,8,20,4,6
7.80645,68,8,11,12,13,21
3.87097,66,8,20,19
5.29032,84,8,9,18,20
6.77419,100,8,18,3,21,21,5
4,62,8,10,14
5.09677,90,8,15,8,15,13,19
5.54839,76,8,14,22,6,8
4,62,8,6,6,18
7.6129,74,8,14,4,20,12
5.41935,80,8,13,12,1
5.74194,70,8,18,8,18,21,9
5.87097,66,8,1,15,16
5.09677,90,8,14,20,5
2.96774,94,8,13,9
5.09677,90,8,21,20,10
4,62,8,8,10,22
7.41935,80,8,12,4,2,3
3.93548,64,8,9,12
5.48387,78,8,16,8,8,2,7
6,62,8,16,19,1
3.29032,84,8,6,10
13.9355,64,8,14,7,22,15,18,11,1
5.80645,68,8,21,12,17
3.22581,86,8,10,4
3.87097,66,8,8,13,8,10
7.22581,86,8,12,3,1,8,6
7.54839,76,8,19,5,10,7
4,62,8,7,5
3.6129,74,8,4,11
7.87097,66,8,15,22,14,4
7.54839,76,8,7,22,1,14
3.80645,68,8,13,22
6.70968,102,8,3,15,1,4
5.41935,80,8,7,16,18
7.93548,64,8,16,18,22,7
5.6129,74,8,22,17,12
6.90323,96,8,3,10,5,2
5.6129,74,8,9,11,11,7
4.70968,102,8,15,10,6
2.96774,94,8,13,13,9
5.67742,72,8,16,11,16,15
3.93548,64,8,5,3
5.87097,66,8,14,2,1
5.54839,76,8,21,3,6
5.03226,92,8,5,9,13
7.09677,90,8,8,21,2,14,2,2,2,6
3.93548,64,8,17,16
7.48387,78,8,18,14,9,15
6.96774,94,8,3,7,3,21,9
7.74194,70,8,11,1,15,20
5.93548,64,8,8,4,22,15
3.41935,80,8,17,1
5.6129,74,8,22,2,3
5.93548,64,8,17,8,22,15
3.16129,88,8,20,10
5.74194,70,8,21,3,5
3.87097,66,8,17,9
3.74194,70,8,13,15
5.09677,90,8,5,19,6
5.74194,70,8,22,22,9,1
2.96774,94,8,13,9
9.29032,84,8,8,21,15,15,19,18,15,9
3.54839,76,8,13,19
3.93548,64,8,20,18
7.74194,70,8,14,5,16,1
5.22581,86,8,9,10,2
3.41935,80,8,17,1
9.67742,72,8,1,19,1,21,14,15
5.93548,64,8,16,9,12
3.09677,90,8,8,4,9
5.09677,90,8,7,7,7,9,22
3.6129,74,8,4,12,8
3.87097,66,8,8,4,18
3.16129,88,8,20,10
3.93548,64,8,2,12,8
4,62,8,2,2,11
3.48387,78,8,17,3
7.80645,68,8,15,3,12,12,14
2.96774,94,8,4,5
5.22581,86,8,21,1,17
5.6129,74,8,1,7,16
5.80645,68,8,1,16,12
3.54839,76,8,9,2
5.80645,68,8,2,12,4
5.87097,66,8,18,1,8,18,3
7.41935,80,8,15,21,2,2,6
3.22581,86,8,2,10
6,62,8,21,20,7
4.96774,94,8,22,11,13
5.74194,70,8,1,10,12
6,62,8,3,2,11
7.93548,64,8,19,15,11,14
5.16129,88,8,7,9,3
4.83871,98,8,14,5,2
4.90323,96,8,15,9,6
5.35484,82,8,9,15,20
5.93548,64,8,2,20,3
3.54839,76,8,9,2
5.54839,76,8,20,7,6
3.93548,64,8,5,3
5.87097,66,8,4,12,3
5.93548,64,8,20,14,18
5.35484,82,8,9,14,9,18
3.6129,74,8,16,2
6.51613,108,8,19,3,9,13
5.41935,80,8,19,16,20
3.41935,80,8,6,16
5.93548,64,8,21,4,18
3.6129,74,8,4,11
4,62,8,7,11,11,8
3.93548,64,8,17,16
5.74194,70,8,6,15,17
8,62,8,5,8,18,15,21
5.09677,90,8,9,22,22,1
3.74194,70,8,16,6
3.54839,76,8,6,1
4.32258,114,8,5,11,5,4
5.80645,68,8,11,10,22
3.6129,74,8,13,18
5.67742,72,8,7,11,12
7.35484,82,8,12,3,15,2
7.54839,76,8,15,22,14,5
3.03226,92,8,4,10
7.54839,76,8,12,12,4,21,6
5.6129,74,8,16,10,21
4.32258,114,8,4,20,10
3.22581,86,8,10,4
5.6129,74,8,2,13,3
5.93548,64,8,1,5,15
3.93548,64,8,17,16
6,62,8,9,9,22,15
4.58065,106,8,21,8,5,4
8.25806,116,8,1,11,1,22,1,9,13
3.6129,74,8,9,6
5.93548,64,8,9,9,11,12
3.22581,86,8,10,4
5.48387,78,8,22,11,18
5.87097,66,8,4,21,19
6,62,8,12,3,10
7.16129,88,8,3,6,3,19,19,5
5.09677,90,8,4,22,20
5.41935,80,8,22,17,11
6,62,8,7,18,6
5.16129,88,8,15,2,20,8
3.09677,90,8,5,4
5.54839,76,8,21,21,20,17
4.58065,106,8,13,6,9
7.29032,84,8,11,13,2,14
5.74194,70,8,21,19,13
3.67742,72,8,16,15,15,8
7.6129,74,8,15,5,9,1
3.29032,84,8,2,5
5.67742,72,8,16,14,1
4.83871,98,8,11,2,10
5.41935,80,8,7,16,18
5.93548,64,8,3,15,10
7.54839,76,8,1,14,2,3
9.48387,78,8,14,9,9,16,5,18
9.35484,82,8,3,18,12,19,16
3.09677,90,8,8,5,4
6.83871,98,8,13,4,2,17
5.80645,68,8,15,13,15,17
3.93548,64,8,17,19
5.80645,68,8,19,20,14
5.22581,86,8,16,16,11,6
3.6129,74,8,17,2
5.87097,66,8,14,17,9
4.96774,94,8,1,2,16
5.16129,88,8,18,16,2
4.45161,110,8,11,13,10
5.87097,66,8,12,7,2
3.93548,64,8,20,18
5.54839,76,8,12,22,9
5.6129,74,8,11,5,7
3.93548,64,8,17,19
5.41935,80,8,22,9,19
5.16129,88,8,16,3,5
5.03226,92,8,9,22,10
4,62,8,9,7
5.41935,80,8,10,8,7,1
7.29032,84,8,18,11,9,17
7.09677,90,8,16,18,15,5
7.22581,86,8,1,11,17,14
3.67742,72,8,20,6
7.67742,72,8,22,15,1,19
5.41935,80,8,22,20,3
5.6129,74,8,18,6,19
5.41935,80,8,17,18,3
5.22581,86,8,13,6,17
6.51613,108,8,18,7,4,10
3.6129,74,8,16,2
3.54839,76,8,6,11
7.48387,78,8,3,1,7,20
3.74194,70,8,4,8,17
5.03226,92,8,11,17,2
7.54839,76,8,21,6,4,7
3.67742,72,8,17,15,8
5.54839,76,8,22,6,2
7.48387,78,8,18,8,11,7,12
5.35484,82,8,19,6,11
5.93548,64,8,3,15,10
6.70968,102,8,1,3,5,12
5.48387,78,8,20,3,18
5.87097,66,8,5,10,14
5.29032,84,8,16,22,9
8,62,8,7,18,19,12
5.29032,84,8,13,21,11
5.41935,80,8,9,17,21
7.87097,66,8,11,21,7,19
3.6129,74,8,5,12
7.09677,90,8,3,11,16,4
5.87097,66,8,19,20,4
3.09677,90,8,13,20,8
7.22581,86,8,12,3,8,11,6
5.09677,90,8,15,3,8,13
7.80645,68,8,12,20,21,2
5.41935,80,8,16,18,2
3.6129,74,8,1,2,8
5.35484,82,8,7,20,18
7.6129,74,8,8,18,21,11,9
5.93548,64,8,7,15,1,8
5.41935,80,8,8,17,21,13
7.41935,80,8,2,12,3,12,7
5.67742,72,8,4,14,12
5.54839,76,8,15,16,22
5.48387,78,8,3,2,8,12
5.54839,76,8,9,3,21
8,62,8,11,18,10,5
6.51613,108,8,22,7,4,9
4,62,8,2,11
7.93548,64,8,8,18,8,18,22,9,5
5.48387,78,8,16,3,2
7.87097,66,8,3,21,6,15
3.80645,68,8,6,2
5.93548,64,8,3,12,8,8,2
7.09677,90,8,8,14,17,7,10
5.87097,66,8,3,9,14
7.29032,84,8,22,21,20,15
5.03226,92,8,3,4,9
4,62,8,8,4,15
5.03226,92,8,13,8,12,6
3.93548,64,8,17,14
5.80645,68,8,4,12,14
2.77419,100,8,13,5
5.03226,92,8,12,17,4
6.96774,94,8,3,15,16,7
5.41935,80,8,16,15,1
3.48387,78,8,10,6
5.22581,86,8,1,1,13,3
5.29032,84,8,2,3,4
5.87097,66,8,22,2,21
5.74194,70,8,8,7,2,3
5.35484,82,8,6,22,13
7.6129,74,8,18,12,19,10
4.90323,96,8,14,5,6
5.16129,88,8,2,3,10
4.96774,94,8,9,10,8,17
3.41935,80,8,6,16
7.54839,76,8,22,17,7,4
3.80645,68,8,22,12,8
5.6129,74,8,4,22,21
5.74194,70,8,14,6,12
3.03226,92,8,4,10
5.48387,78,8,22,2,15
3.03226,92,8,4,10
5.54839,76,8,6,14,22
5.41935,80,8,22,4,22,13
3.09677,90,8,10,13
7.09677,90,8,21,11,9,3
6.77419,100,8,14,7,20,16
5.87097,66,8,15,18,8,22
5.67742,72,8,19,2,18
3.6129,74,8,16,2
9.80645,68,8,3,14,21,7,20
4.96774,94,8,20,2,5
4.32258,114,8,20,13,5
5.54839,76,8,13,8,1,15
5.67742,72,8,17,18,22
3.29032,84,8,10,20
5.09677,90,8,16,8,8,14,20,8
7.6129,74,8,2,7,22,14
3.74194,70,8,13,15
9.87097,66,8,15,8,3,12,21,4
5.93548,64,8,12,19,17
7.41936,80,8,19,12,4,18
7.67742,72,8,18,21,11,14
7.48387,78,8,18,12,7,7,2
4.32258,114,8,20,13,10
5.93548,64,8,15,17,15,2
3.93548,64,8,2,2,1
5.67742,72,8,4,13,3
5.67742,72,8,3,7,10
7.87097,66,8,11,19,11,18,11,19,7
4.77419,100,8,4,20,4,1
7.35484,82,8,21,21,7,21,1,15
5.80645,68,8,22,16,22,14
7.54839,76,8,3,12,7,9
5.67742,72,8,10,1,21
5.03226,92,8,11,8,20,16
3.03226,92,8,5,13
5.67742,72,8,8,9,14,22
3.35484,82,8,5,6
5.80645,68,8,16,22,14
3.22581,86,8,10,4
3.29032,84,8,5,2
3.48387,78,8,17,20
5.29032,84,8,20,3,15
3.93548,64,8,2,12,8
5.16129,88,8,4,22,16
3.93548,64,8,2,12,8
4.70968,102,8,22,16,20
5.80645,68,8,7,19,5
4.83871,98,8,15,16,20
5.48387,78,8,9,16,18,9
4,62,8,7,5
4.90323,96,8,12,17,13
9.41936,80,8,14,18,3,21,1
6.96774,94,8,15,18,2,1
7.29032,84,8,11,21,17,18
5.54839,76,8,22,6,2
5.93548,64,8,14,9,18
8,62,8,19,21,15,9
5.35484,82,8,4,7,12
5.22581,86,8,1,13,3
3.6129,74,8,16,2
5.74194,70,8,6,21,19
7.6129,74,8,2,20,12,11
7.87097,66,8,1,14,14,14,16,16,5
3.93548,64,8,6,8,5
3.54839,76,8,9,20
7.35484,82,8,22,6,6,4,7
7.22581,86,8,3,2,12,16
5.16129,88,8,10,15,1
5.6129,74,8,7,2,15
3.93548,64,8,16,12
5.22581,86,8,5,17,6
3.87097,66,8,20,19
5.35484,82,8,2,2,12,6
7.93548,64,8,1,8,16,9,15
7.48387,78,8,14,21,6,11
5.16129,88,8,5,5,16,20
5.67742,72,8,8,20,4,2
9.29032,84,8,1,7,15,17,18
4,62,8,9,7
5.74194,70,8,19,4,15
3.41935,80,8,2,9
5.93548,64,8,10,15,22
5.16129,88,8,22,11,2
5.09677,90,8,8,3,17,20
5.54839,76,8,3,17,16
4,62,8,17,10
5.74194,70,8,21,3,5
3.93548,64,8,17,19
6.12903,120,8,3,12,5,4
6.58065,106,8,4,13,6,16
3.67742,72,8,20,6
6.58064,106,8,19,18,19,10,13
5.87097,66,8,2,14,12
9.16129,88,8,14,7,7,19,3,10
5.48387,78,8,12,16,11
5.48387,78,8,12,7,9
3.6129,74,8,16,20
5.35484,82,8,22,13,7
7.35484,82,8,16,18,19,9
3.87097,66,8,17,9
5.87097,66,8,6,15,14
2.96774,94,8,13,9
5.67742,72,8,1,1,22,3
3.41935,80,8,6,16
7.54839,76,8,12,13,6,15
5.6129,74,8,22,22,17,12
7.29032,84,8,11,22,14,6
5.6129,74,8,6,14,3
4.83871,98,8,3,13,16
5.35484,82,8,10,16,6
4,62,8,20,22
6,62,8,1,18,5
4.83871,98,8,20,4,1
5.87097,66,8,19,5,18
7.03226,92,8,20,8,11,14,10
5.93548,64,8,3,20,2,3
3.93548,64,8,17,6
3.87097,66,8,5,14
4.25806,116,8,7,16,13
5.6129,74,8,5,19,21
5.6129,74,8,16,3,18
4.83871,98,8,10,17,1
5.93548,64,8,14,8,10,18
3.93548,64,8,16,12
5.29032,84,8,3,9,6
3.80645,68,8,20,1
3.67742,72,8,14,17,8
4,62,8,8,5,5,8,20
7.09677,90,8,3,11,13,18
3.29032,84,8,10,2
5.87097,66,8,3,3,6,15
3.87097,66,8,6,19
5.87097,66,8,22,4,6
7.03226,92,8,19,14,6,10
5.29032,84,8,16,15,13
5.48387,78,8,2,4,18
7.93548,64,8,22,15,6,7
5.74194,70,8,12,6,12,18
6,62,8,21,18,5
3.09677,90,8,8,4,9
3.54839,76,8,13,19
6.19355,118,8,15,18,10,13
7.74194,70,8,3,2,22,21
3.80645,68,8,2,17
8.70968,102,8,14,16,5,9,2
5.54839,76,8,12,11,13
5.74194,70,8,19,5,15
5.09677,90,8,20,4,19
7.6129,74,8,17,15,22,6
6.96774,94,8,1,2,20,17
5.74194,70,8,22,9,1
3.6129,74,8,17,12
7.54839,76,8,19,3,15,1
7.48387,78,8,7,21,3,2
5.80645,68,8,7,14,8,16
5.87097,66,8,7,6,18
5.93548,64,8,3,9,11,8
6.51613,108,8,7,15,10,6
7.29032,84,8,15,22,3,16
5.48387,78,8,21,8,9,7
3.48387,78,8,13,17
4.90323,96,8,18,5,6
4.96774,94,8,12,12,4,16
6.58065,106,8,18,16,5,4
5.67742,72,8,19,5,22
4.83871,98,8,4,7,5
6,62,8,22,15,8,18
7.35484,82,8,19,15,19,9,12
5.67742,72,8,15,9,19
5.74194,70,8,3,13,15
5.16129,88,8,8,15,8,4,19
3.09677,90,8,4,9
3.87097,66,8,5,22
7.74194,70,8,7,21,18,3
2.83871,98,8,13,16
3.87097,66,8,8,18,9,8
6.96774,94,8,8,18,19,2,17
3.35484,82,8,13,1
5.29032,84,8,12,17,6
5.80645,68,8,8,15,11,12
3.93548,64,8,17,19
5.22581,86,8,16,3,13
7.54839,76,8,5,9,19,21
5.35484,82,8,12,4,1
5.87097,66,8,12,20,18
7.41935,80,8,7,15,5,1
3.93548,64,8,2,1
7.87097,66,8,14,18,3,13
3.48387,78,8,17,3
4.90323,96,8,12,6,11
5.16129,88,8,4,22,16
8.83871,98,8,14,21,18,17,3
5.41935,80,8,9,15,3
5.48387,78,8,19,7,8,2
5.67742,72,8,15,1,12
3.22581,86,8,10,4
7.74194,70,8,2,12,3,14
5.41935,80,8,22,11,10
6,62,8,2,13,20
5.54839,76,8,14,16,21
5.6129,74,8,9,15,6
5.80645,68,8,1,7,3
4.64516,104,8,14,10,13
4,62,8,17,10
5.54839,76,8,7,20,14
5.22581,86,8,22,9,3
7.80645,68,8,18,15,19,20
3.16129,88,8,4,16
3.6129,74,8,6,3
5.87097,66,8,10,16,3
6.96774,94,8,14,7,13,1
7.74194,70,8,14,18,4,7
3.87097,66,8,5,22
4.90323,96,8,6,21,10
3.80645,68,8,13,22
3.41935,80,8,6,6,16
3.67742,72,8,17,4
5.54839,76,8,11,13,7
