5.80645,68,20,15,7,6,15
5.16129,88,20,6,13,7
4,62,20,7,16
3.03226,92,20,6,5
3.80645,68,20,18,13
5.80645,68,20,21,22,5
6,62,20,11,1,21
5.54839,76,20,3,2,22
3.80645,68,20,6,6,18
7.67742,72,20,22,21,18,7
5.74194,70,20,7,19,9
3.16129,88,20,9,12
5.80645,68,20,19,18,16
3.87097,66,20,7,10
7.80645,68,20,21,18,14,17
5.74194,70,20,18,6,18,19
5.54839,76,20,14,16,11
4,62,20,2,5
5.35484,82,20,19,22,9
5.54839,76,20,13,17,7
4,62,20,22,9
3.6129,74,20,6,8
4.96774,94,20,20,19,1,1,1,17
7.74194,70,20,2,15,7,1
5.87097,66,20,13,22,14
5.93548,64,20,19,7,7,18
3.67742,72,20,16,19
5.67742,72,20,14,1,15
5.74194,70,20,14,3,22
2.58065,106,20,9,4
3.54839,76,20,5,1
5.29032,84,20,13,21,22,13
5.80645,68,20,22,15,5
5.09677,90,20,14,20,7,9
3.6129,74,20,19,20,6
5.74194,70,20,12,22,16
3.22581,86,20,17,11
4.45161,110,20,20,19,10,6
6.90323,96,20,15,19,12,17
7.16129,88,20,13,21,22,10
3.41935,80,20,20,1,13
7.09677,90,20,1,9,9,5,5,15
7.6129,74,20,14,21,8,16
3.09677,90,20,10,14
5.93548,64,20,12,20,20,13,7
5.29032,84,20,8,16,22
5.48387,78,20,4,15,3
5.35484,82,20,17,7,12
2.77419,100,20,16,2
6.90323,96,20,19,1,11,1,4
3.93548,64,20,4,20,6
3.80645,68,20,9,11
4.83871,98,20,8,9,21
5.09677,90,20,8,7,7,9
2.3871,112,20,10,2
5.6129,74,20,8,12,1
5.93548,64,20,7,21,2,20
5.03226,92,20,10,9,22
3.09677,90,20,10,22
3.54839,76,20,9,18
5.54839,76,20,1,12,18
7.35484,82,20,2,7,19,6
4,62,20,8,2
4.06452,122,20,14,10,13
3.29032,84,20,16,7
3.16129,88,20,10,15
5.41935,80,20,19,22,13
7.87097,66,20,12,1,16,10
5.80645,68,20,4,15,17
4.96774,94,20,15,12,5
7.41935,80,20,13,20,12,3,5
5.87097,66,20,13,18,19
3.48387,78,20,4,16
3.48387,78,20,16,17
2.77419,100,20,9,2
7.35484,82,20,8,8,8,14,22,12
5.29032,84,20,18,18,20,7,4
3.22581,86,20,5,8
4.45161,110,20,18,10,6
3.54839,76,20,6,12
5.93548,64,20,20,19,7,18
5.93548,64,20,11,8,7
2.77419,100,20,9,2
7.67742,72,20,20,12,21,1,19
3.09677,90,20,16,12
5.80645,68,20,8,10,16
6,62,20,11,20,4,13
4.77419,100,20,20,15,11,17
5.09677,90,20,20,16,10,15
4,62,20,19,5
5.54839,76,20,21,9,11
3.80645,68,20,19,4
7.09677,90,20,11,1,18,2
3.74194,70,20,17,6
3.09677,90,20,10,14
7.6129,74,20,14,21,8,22
3.41935,80,20,1,13
3.93548,64,20,5,16
3.35484,82,20,17,13
5.41935,80,20,2,4,9
3.16129,88,20,10,15
3.54839,76,20,13,13,9
3.41935,80,20,22,13,13,20
5.74194,70,20,21,17,14
5.80645,68,20,2,18,6
3.93548,64,20,7,9
5.22581,86,20,7,21,5
3.03226,92,20,6,5
5.35484,82,20,20,17,7,12
8,62,20,21,22,14,3
3.35484,82,20,13,5
5.80645,68,20,21,3,22
5.22581,86,20,13,3,5
4.96774,94,20,22,3,10
5.03226,92,20,22,3,13
4,62,20,7,16
3.09677,90,20,10,22
5.80645,68,20,20,2,22,10
5.67742,72,20,15,18,13
5.03226,92,20,3,4,17
5.74194,70,20,20,11,12,13
5.6129,74,20,21,6,12
4.83871,98,20,4,17,12
3.09677,90,20,10,3
2.77419,100,20,16,16,2
2.25806,116,20,5,4
3.80645,68,20,3,17
4.96774,94,20,8,10,3
5.41935,80,20,8,15,4
3.16129,88,20,5,20,11
5.54839,76,20,19,1,21
5.80645,68,20,4,12,15
5.03226,92,20,6,15,10
7.41935,80,20,13,3,8,7
7.41935,80,20,21,14,2,8
4,62,20,18,5
4,62,20,1,21
5.09677,90,20,17,15,13
5.29032,84,20,8,10,8,22
3.09677,90,20,9,21
5.54839,76,20,20,2,12,11,20
5.16129,88,20,14,10,18
3.41935,80,20,16,14
3.48387,78,20,1,6
3.67742,72,20,6,19
3.35484,82,20,4,10
5.22581,86,20,3,19,22,20
10,62,20,14,22,15,7,18
3.80645,68,20,17,10
6.70968,102,20,12,3,19,12,5
3.87097,66,20,12,20,9
3.22581,86,20,17,1
5.67742,72,20,3,4,21
5.41935,80,20,13,14,14,9
3.48387,78,20,17,17,8
5.80645,68,20,12,6,7
3.35484,82,20,16,20,18
6,62,20,18,14,2
3.35484,82,20,11,19,20
7.29032,84,20,8,8,12,8,11,5
7.41935,80,20,13,7,15,11
3.80645,68,20,9,11
3.29032,84,20,5,17
5.48387,78,20,3,12,10
3.09677,90,20,5,3
5.6129,74,20,4,22,8
2.58065,106,20,16,20,10
3.41935,80,20,16,14
3.74194,70,20,17,5
3.93548,64,20,2,20,10
7.54839,76,20,15,7,14,9
3.35484,82,20,9,22
3.29032,84,20,10,18
5.6129,74,20,20,21,13,18
7.09677,90,20,19,9,16,14
3.09677,90,20,16,12
6.90323,96,20,3,12,7,9
3.93548,64,20,20,1,15
5.67742,72,20,18,7,3
5.35484,82,20,11,15,12
5.93548,64,20,18,16,5
2.96774,94,20,10,7
7.41935,80,20,19,18,12,11
3.54839,76,20,9,8
5.54839,76,20,13,19,7
4.32258,114,20,11,10,4
3.74194,70,20,17,14
3.6129,74,20,6,8
7.48387,78,20,7,18,8,22
3.22581,86,20,3,22,20
4,62,20,1,21
3.6129,74,20,16,18
2.32258,114,20,10,4
3.54839,76,20,11,17
5.93548,64,20,7,18,16
5.09677,90,20,3,20,18,4
7.74194,70,20,7,14,3,1
3.87097,66,20,4,1
5.09677,90,20,15,6,11
5.22581,86,20,21,10,17
3.48387,78,20,1,6
3.48387,78,20,17,4
4.25806,116,20,7,13,16
4.58065,106,20,18,9,6
3.80645,68,20,17,10
7.29032,84,20,3,11,1,17
4.64516,104,20,6,13,1
3.87097,66,20,7,10
6,62,20,20,14,14,10,5
3.29032,84,20,17,22,20
2.83871,98,20,10,21
3.80645,68,20,19,4
5.35484,82,20,3,14,19,20
5.22581,86,20,7,13,14
3.41935,80,20,9,14
5.54839,76,20,18,19,4
7.6129,74,20,21,18,1,16
4,62,20,22,1
5.03226,92,20,6,13,15
3.87097,66,20,20,17,20,4
6.90323,96,20,2,16,9,7
7.35484,82,20,7,14,11,10
3.29032,84,20,16,7
2.51613,108,20,2,9,20
7.16129,88,20,7,21,22,10
5.03226,92,20,6,7,7,9
7.54839,76,20,7,22,7,17,19
5.48387,78,20,20,22,8,16
3.74194,70,20,17,16
5.48387,78,20,15,4,12
3.6129,74,20,10,1
2.90323,96,20,5,7
7.93548,64,20,14,3,12,21
3.22581,86,20,10,20,22
4,62,20,22,11
3.93548,64,20,11,22
3.87097,66,20,3,20,6
3.54839,76,20,5,1
3.41935,80,20,13,16
6.90323,96,20,14,8,9,7
6.64516,104,20,21,3,21,2,16
5.80645,68,20,4,3,19
5.48387,78,20,18,6,6,22
4.06452,122,20,22,13,10
5.87097,66,20,8,18,3
5.93548,64,20,8,21,18
3.87097,66,20,19,2
3.54839,76,20,9,8
5.09677,90,20,4,20,1,7
3.09677,90,20,5,3
3.48387,78,20,20,1,4
5.6129,74,20,19,12,4
5.93548,64,20,22,6,7
6,62,20,14,13,4
5.67742,72,20,2,13,7,2
5.54839,76,20,5,10,1
3.09677,90,20,5,3
9.74194,70,20,2,21,22,7,13
3.35484,82,20,16,20,8
7.87097,66,20,7,6,4,13
5.87097,66,20,15,22,10
3.6129,74,20,10,1
5.93548,64,20,14,7,2
7.41935,80,20,3,11,8,6
4,62,20,7,22,20
5.35484,82,20,6,20,2,1
3.93548,64,20,2,10
3.87097,66,20,8,4
7.87097,66,20,19,21,14,8
7.6129,74,20,3,11,12,19
3.41935,80,20,20,4,9
5.22581,86,20,18,12,17
3.48387,78,20,1,4
4.19355,118,20,14,13,5
5.6129,74,20,8,18,10
4.64516,104,20,10,5,21
5.03226,92,20,7,13,18
2.77419,100,20,9,2
2.58065,106,20,9,9,13
7.29032,84,20,14,18,8,13
8,62,20,14,18,12,21
5.67742,72,20,6,20,21,21,22
5.67742,72,20,4,15,6
5.29032,84,20,12,16,22
4,62,20,19,5
3.80645,68,20,18,13
3.80645,68,20,7,5
5.03226,92,20,6,4,4,17
3.67742,72,20,11,4
3.54839,76,20,13,9
3.54839,76,20,6,6,12
4.45161,110,20,1,5,2
3.93548,64,20,4,11
4.83871,98,20,13,13,11,4
3.93548,64,20,18,4
5.6129,74,20,21,16,1
5.48387,78,20,7,4,14
5.09677,90,20,8,7,9
4.25806,116,20,3,4,5
4.90323,96,20,7,3,6
3.35484,82,20,10,19
5.22581,86,20,7,11,15
3.93548,64,20,21,5
5.35484,82,20,18,1,15
3.74194,70,20,20,16,11
3.16129,88,20,5,20,11
3.41935,80,20,9,14
3.54839,76,20,17,20,19
3.35484,82,20,13,5
6.96774,94,20,22,15,3,5
9.80645,68,20,20,20,12,7,21,14,19
5.93548,64,20,8,19,8,16
5.16129,88,20,18,1,2
3.80645,68,20,1,22
4,62,20,1,21
4,62,20,19,5
3.93548,64,20,4,11
4,62,20,20,7,16
5.74194,70,20,19,19,14,17
7.22581,86,20,3,12,19,6
6,62,20,15,7,11
3.6129,74,20,11,6
4,62,20,22,9
6.83871,98,20,15,7,6,10
3.41935,80,20,9,9,17
5.29032,84,20,12,16,15
5.29032,84,20,12,16,17
5.67742,72,20,21,12,16
5.54839,76,20,20,12,7,9
4,62,20,11,11,11,7
3.6129,74,20,10,1
5.09677,90,20,18,16,7
5.03226,92,20,12,10,14
7.6129,74,20,3,12,15,17
3.29032,84,20,5,19
5.16129,88,20,18,9,3
5.87097,66,20,8,7,18
4,62,20,19,17
7.54839,76,20,21,11,14,22
3.48387,78,20,17,8
3.22581,86,20,17,1
3.54839,76,20,13,9
5.35484,82,20,11,10,17
6.06452,122,20,14,9,10,13
5.54839,76,20,12,20,11,15
2.70968,102,20,5,21
5.41935,80,20,14,6,6,18
3.54839,76,20,18,19,20
3.41935,80,20,5,11
5.74194,70,20,15,17,10
6,62,20,20,22,18,3
3.54839,76,20,5,1
7.48387,78,20,12,14,22,10
3.29032,84,20,17,3
4.70968,102,20,14,16,6
6.64516,104,20,11,1,11,5,12
5.35484,82,20,2,16,2,14
4,62,20,22,9
3.22581,86,20,5,18
5.80645,68,20,21,3,22
3.48387,78,20,1,6
4.77419,100,20,15,1,17
3.16129,88,20,10,15
5.48387,78,20,4,7,1
5.35484,82,20,3,4,14
3.29032,84,20,10,18
5.35484,82,20,6,4,14
5.48387,78,20,2,16,11
5.74194,70,20,18,8,16
3.67742,72,20,19,13
5.22581,86,20,18,12,17
5.22581,86,20,14,11,17
4.45161,110,20,15,16,4
5.74194,70,20,4,19,19,15
6,62,20,2,9,10
3.09677,90,20,20,10,22
3.41935,80,20,17,12
3.16129,88,20,9,12
7.09677,90,20,7,18,15,7,10
3.41935,80,20,4,9
5.80645,68,20,13,15,17
3.74194,70,20,17,14
7.67742,72,20,18,15,22,16
3.74194,70,20,17,5
5.35484,82,20,3,1,6
7.87097,66,20,7,22,8,1
7.6129,74,20,21,8,7,22,21
5.03226,92,20,10,5,3
5.41935,80,20,15,11,5
6,62,20,7,12,3
6.96774,94,20,21,12,22,5
5.48387,78,20,18,14,15,20
5.29032,84,20,5,10,17
4.96774,94,20,1,20,2,9
3.6129,74,20,6,2
7.09677,90,20,20,19,8,11,13
3.48387,78,20,1,4
3.35484,82,20,4,10
3.41935,80,20,1,17
3.35484,82,20,10,17
5.87097,66,20,15,19,10
5.67742,72,20,12,19,12,9
3.80645,68,20,7,5
3.87097,66,20,4,1
5.16129,88,20,4,7,5
7.16129,88,20,19,7,22,11
5.6129,74,20,11,21,18
7.54839,76,20,18,12,14,22
3.35484,82,20,10,19
7.54839,76,20,4,13,6,14
6,62,20,22,19,21
5.93548,64,20,22,7,1
3.48387,78,20,2,1,20
3.09677,90,20,6,10
5.6129,74,20,22,18,4
4,62,20,18,5
6,62,20,2,17,15
3.22581,86,20,5,8
3.93548,64,20,22,10
6,62,20,2,2,18,11
3.09677,90,20,10,10,22
5.48387,78,20,7,4,22
3.87097,66,20,19,2
6,62,20,11,3,18
3.93548,64,20,5,16
5.67742,72,20,8,3,5
5.48387,78,20,20,17,15,6
3.87097,66,20,6,14
3.16129,88,20,6,9
3.67742,72,20,11,4
5.6129,74,20,22,6,14
5.80645,68,20,8,18,11
4,62,20,22,9
3.35484,82,20,6,11
3.87097,66,20,4,1
2.58065,106,20,9,4
5.03226,92,20,16,5,15
3.6129,74,20,9,9,19
3.93548,64,20,13,1
3.87097,66,20,8,6
4.96774,94,20,16,5,14
3.80645,68,20,17,17,20,3
5.67742,72,20,21,21,8,13
5.80645,68,20,21,13,14
7.29032,84,20,22,15,14,18,20
3.29032,84,20,16,7
3.09677,90,20,5,15
3.41935,80,20,9,14
3.87097,66,20,7,10
2.83871,98,20,9,6
3.74194,70,20,16,11
4.32258,114,20,8,9,13
5.67742,72,20,8,3,5
4.83871,98,20,6,13,19
5.48387,78,20,21,16,19
7.16129,88,20,15,17,7,17,16
5.41935,80,20,15,2,3
4,62,20,20,22,1
5.35484,82,20,3,18,13
7.67742,72,20,19,7,22,14
6,62,20,21,9,10
3.09677,90,20,10,3
3.74194,70,20,17,19
5.41935,80,20,18,7,9
7.29032,84,20,15,19,3,22
7.54839,76,20,15,21,4,12
5.54839,76,20,14,4,7
6.77419,100,20,22,8,3,6
5.54839,76,20,2,18,7,2
4,62,20,22,11
4.64516,104,20,12,9,2
3.03226,92,20,5,22
4.64516,104,20,12,20,6,9
3.41935,80,20,17,2
4.96774,94,20,14,9,12
5.87097,66,20,15,11,8
2.45161,110,20,5,2
5.54839,76,20,7,12,1
3.74194,70,20,17,6
5.09677,90,20,7,12,9
3.87097,66,20,17,17,21
3.93548,64,20,13,1
3.93548,64,20,21,5
6,62,20,1,20,13,4
7.54839,76,20,7,15,17,17,14
3.48387,78,20,16,22
5.41935,80,20,6,4,7
4.96774,94,20,21,9,7
3.87097,66,20,17,18
3.74194,70,20,17,20,17,14
7.16129,88,20,14,1,3,22
5.80645,68,20,7,13,2
3.80645,68,20,9,11
5.74194,70,20,2,14,8,2
3.74194,70,20,17,19
3.22581,86,20,3,22,20
2.77419,100,20,9,2
4.06452,122,20,12,5,13
3.29032,84,20,5,17
7.16129,88,20,19,16,9,3
2.32258,114,20,10,4
4,62,20,22,1
2.83871,98,20,9,9,6
7.54839,76,20,14,18,9,11
5.67742,72,20,7,17,19
7.54839,76,20,14,21,8,9
3.74194,70,20,8,13
4.83871,98,20,15,4,1
5.35484,82,20,12,10,12,7
3.09677,90,20,6,10
3.80645,68,20,7,12,20
4,62,20,2,5
5.48387,78,20,11,21,3
6,62,20,21,19,5
5.29032,84,20,11,10,18
5.41935,80,20,7,4,15
5.16129,88,20,1,10,14
3.29032,84,20,17,3
3.54839,76,20,11,17
4.83871,98,20,21,13,6,20
5.6129,74,20,8,18,10
4.96774,94,20,12,5,15
3.6129,74,20,4,20,9
3.93548,64,20,22,10
3.80645,68,20,8,17
3.09677,90,20,5,3
3.93548,64,20,9,1
5.54839,76,20,3,4,4,3,18
5.16129,88,20,3,18,3,11,20
4.70968,102,20,15,10,21
7.54839,76,20,4,13,2,12,13
5.87097,66,20,21,19,2
2.25806,116,20,15,10,20
7.29032,84,20,21,14,11,6
2.83871,98,20,10,21
5.80645,68,20,12,7,3
5.93548,64,20,21,22,11
5.41936,80,20,2,7,7,13,20
2.32258,114,20,12,12,10,10,20
8,62,20,20,13,4,7,18
5.29032,84,20,4,8,9
3.29032,84,20,5,19
5.6129,74,20,14,18,22,20
3.54839,76,20,12,1,20
5.29032,84,20,15,2,15,1
3.74194,70,20,11,13
7.35484,82,20,14,21,17,18
5.29032,84,20,1,19,2
3.93548,64,20,22,10
5.41935,80,20,9,10,19
5.67742,72,20,15,17,16
5.16129,88,20,3,10,18
3.80645,68,20,17,10
3.16129,88,20,9,12
5.35484,82,20,14,17,16
3.87097,66,20,3,14,14,20
4,62,20,7,16
5.54839,76,20,4,18,18,3
4.96774,94,20,19,10,14
3.6129,74,20,16,8
3.87097,66,20,17,21
5.6129,74,20,18,7,1
6,62,20,10,9,16
3.93548,64,20,18,2
3.09677,90,20,9,21
7.03226,92,20,4,21,3,13
2.19355,118,20,10,13
3.29032,84,20,4,5
6,62,20,3,5,10
3.22581,86,20,17,11
7.6129,74,20,3,14,18,10
5.35484,82,20,14,9,18
5.93548,64,20,21,11,12
4,62,20,19,17
3.41935,80,20,1,13
3.35484,82,20,6,1
5.67742,72,20,13,7,4
3.80645,68,20,6,18
3.80645,68,20,7,5
5.67742,72,20,11,11,19,9
4,62,20,19,5
5.93548,64,20,4,8,3
7.35484,82,20,21,15,9,8
5.87097,66,20,8,3,12,8
3.6129,74,20,9,19
6,62,20,2,6,15
5.6129,74,20,1,10,1,10,1,5
3.03226,92,20,5,22
2.96774,94,20,10,7
3.09677,90,20,20,20,10,22
3.41935,80,20,16,14
5.41935,80,20,21,17,2
5.41935,80,20,13,14,14,16
2.51613,108,20,5,6
2.3871,112,20,11,5,20
3.93548,64,20,7,9
3.80645,68,20,7,5
3.80645,68,20,6,6,6,6,18
3.48387,78,20,9,15
2.45161,110,20,16,13
5.03226,92,20,14,17,12
3.41935,80,20,9,9,17
5.48387,78,20,7,2,22
3.67742,72,20,1,11,20
9.80645,68,20,8,19,14,15,18
7.03226,92,20,14,15,6,8
3.80645,68,20,7,5
3.87097,66,20,6,14
3.67742,72,20,17,9
6,62,20,11,18,15
3.35484,82,20,6,1
7.41935,80,20,1,8,18,3
3.67742,72,20,17,20,22
5.87097,66,20,12,2,1
5.35484,82,20,17,22,17,5
4,62,20,19,17
5.67742,72,20,15,17,14
3.35484,82,20,14,20,10
3.22581,86,20,11,18,20
3.35484,82,20,4,10
3.93548,64,20,7,9
3.41935,80,20,17,12
3.48387,78,20,20,16,15
5.6129,74,20,21,13,18
3.74194,70,20,11,11,13
5.16129,88,20,13,8,2
2.3871,112,20,11,10,20
5.93548,64,20,15,14,2
4,62,20,8,5
3.87097,66,20,4,1
5.67742,72,20,14,15,15,5
3.41935,80,20,5,5,11
7.74194,70,20,21,18,22,8
5.87097,66,20,3,21,13
5.67742,72,20,4,19,3
4.3871,112,20,3,5,6
5.93548,64,20,11,1,15
5.09677,90,20,18,11,18,13
5.41935,80,20,18,6,21
2.83871,98,20,10,12
3.80645,68,20,17,10
7.80645,68,20,4,21,7,6
6.83871,98,20,21,21,15,11,6
5.67742,72,20,17,7,14
7.09677,90,20,19,3,11,2
5.41935,80,20,12,5,1
3.54839,76,20,13,9
5.6129,74,20,6,22,19
5.03226,92,20,7,6,9
4,62,20,22,1
3.6129,74,20,16,16,18
7.54839,76,20,2,3,8,13
4.45161,110,20,8,10,6
9.74194,70,20,12,19,8,8,1,10
5.22581,86,20,7,1,7,13
5.93548,64,20,20,22,22,8,11
5.93548,64,20,21,13,21,11
5.16129,88,20,22,16,3
3.87097,66,20,19,6
5.87097,66,20,20,22,17,21
5.80645,68,20,19,10,16
5.09677,90,20,20,13,11,22
3.35484,82,20,18,20,16
7.22581,86,20,15,22,19,13
5.80645,68,20,21,13,22
3.29032,84,20,20,4,5
7.74194,70,20,21,8,3,4
3.67742,72,20,20,2,20,18,18,2
3.03226,92,20,5,20,1
3.6129,74,20,4,20,9
2.58065,106,20,9,13
3.87097,66,20,8,6
5.48387,78,20,19,11,15
5.29032,84,20,19,1,2
3.41935,80,20,9,17
8,62,20,20,1,11,14,18
5.48387,78,20,19,3,4
7.16129,88,20,14,12,3,6
7.93548,64,20,7,22,14,11
3.03226,92,20,9,20,17
3.80645,68,20,6,17
3.41935,80,20,4,20,5
5.87097,66,20,12,5,9
5.74194,70,20,2,20,19,5
7.74194,70,20,21,14,8,21,3
3.35484,82,20,9,22
5.03226,92,20,11,15,13
4,62,20,2,5
4.77419,100,20,22,3,6
5.09677,90,20,1,3,6
3.41935,80,20,1,13
5.22581,86,20,12,16,14
5.87097,66,20,11,21,14
3.22581,86,20,10,20,22
3.74194,70,20,11,11,13
5.87097,66,20,1,18,15
5.93548,64,20,8,3,15
5.16129,88,20,6,15,15,9
4,62,20,2,5
3.80645,68,20,7,5
6.90323,96,20,4,13,21,5
7.48387,78,20,3,14,21,14,9
5.22581,86,20,20,4,4,4,8,10
3.87097,66,20,19,2
5.93548,64,20,11,18,19
3.54839,76,20,6,12
7.16129,88,20,15,19,7,11
3.74194,70,20,17,17,20,15
3.29032,84,20,10,18
3.48387,78,20,1,4
6,62,20,15,21,17
2.58065,106,20,16,20,5
3.87097,66,20,6,14
5.41935,80,20,21,18,21,5
6.70968,102,20,14,21,1,6
5.87097,66,20,18,3,19
3.09677,90,20,13,8,20
5.93548,64,20,14,18,4
3.93548,64,20,11,22
3.35484,82,20,4,10
5.87097,66,20,13,8,14
4.90323,96,20,13,12,11,13
3.67742,72,20,18,20,20,6
5.74194,70,20,22,18,10
2.77419,100,20,5,12
5.29032,84,20,13,17,21
3.6129,74,20,18,20,17
3.22581,86,20,9,7
3.93548,64,20,18,4
5.29032,84,20,18,17,6
5.67742,72,20,8,18,9
5.67742,72,20,2,21,20,22
4,62,20,1,20,14
3.74194,70,20,17,19
5.48387,78,20,21,16,19
3.6129,74,20,6,8
6.58065,106,20,12,21,13,9
3.09677,90,20,13,8,20
3.54839,76,20,14,20,16
3.41935,80,20,17,2
5.09677,90,20,15,4,19
5.03226,92,20,11,20,14,10
5.80645,68,20,2,18,10
5.67742,72,20,18,1,10
5.67742,72,20,8,21,17
5.67742,72,20,14,6,15
6,62,20,13,14,15
5.54839,76,20,7,1,16
3.80645,68,20,19,4
7.74194,70,20,15,21,22,6
3.87097,66,20,6,14
7.29032,84,20,15,14,3,3,4
5.80645,68,20,15,20,7,18
4,62,20,11,7
3.41935,80,20,17,12
3.16129,88,20,6,9
7.93548,64,20,22,7,8,14
5.67742,72,20,22,18,5
2.83871,98,20,9,6
5.6129,74,20,18,12,22
4.96774,94,20,12,4,9
3.41935,80,20,9,3
5.80645,68,20,8,21,6
4,62,20,22,11
5.41935,80,20,8,15,4
7.6129,74,20,21,14,14,13,12
3.48387,78,20,1,4
5.6129,74,20,2,17,16
3.48387,78,20,17,4
3.93548,64,20,7,9
3.74194,70,20,17,6
4.12903,120,20,22,13,16
2.83871,98,20,10,21
5.22581,86,20,4,19,17
5.48387,78,20,19,19,12,22
2.58065,106,20,3,9,20
5.80645,68,20,8,22,18
3.22581,86,20,6,6,16
2.77419,100,20,5,12
3.35484,82,20,6,1
4,62,20,14,5
9.16129,88,20,7,22,19,15,9
3.35484,82,20,4,10
4,62,20,19,17
7.80645,68,20,12,22,21,7
5.80645,68,20,7,18,6
5.35484,82,20,11,15,12
2.45161,110,20,16,13
5.74194,70,20,12,9,12,18
6.3871,112,20,2,14,4,16
7.41935,80,20,15,15,12,3,21
7.09677,90,20,1,11,9,22
4.64516,104,20,4,13,20,4,4,16
5.41935,80,20,14,2,14,16
6,62,20,3,8,8,2
5.93548,64,20,18,21,4
7.67742,72,20,18,16,9,1
5.29032,84,20,7,4,18
5.16129,88,20,13,8,5
4.90323,96,20,17,7,10
3.67742,72,20,11,4
3.35484,82,20,6,1
7.67742,72,20,13,2,12,7
5.6129,74,20,4,3,18
5.80645,68,20,7,14,14,4
4,62,20,18,5
5.48387,78,20,12,20,22,1
5.16129,88,20,16,9,7
5.67742,72,20,20,21,19,13
9.22581,86,20,3,8,3,14,3,14,15,2
5.87097,66,20,17,22,18
4.83871,98,20,22,16,12
3.41935,80,20,13,22,22,22,20
3.35484,82,20,4,10
4,62,20,14,5
3.35484,82,20,9,22
7.22581,86,20,13,20,2,3,10
5.87097,66,20,20,21,2,18
3.87097,66,20,20,20,8,6
7.93548,64,20,14,21,21,3,3,11
7.93548,64,20,8,19,19,21,14
2.19355,118,20,5,13
5.93548,64,20,15,10,9
6,62,20,4,14,12
4,62,20,14,5
5.67742,72,20,18,3,21
3.74194,70,20,11,13
3.93548,64,20,1,15
5.80645,68,20,13,6,6,18
5.74194,70,20,22,3,12
5.29032,84,20,12,10,19
5.80645,68,20,16,10,5,16
5.22581,86,20,13,6,16
5.6129,74,20,2,17,16
3.16129,88,20,10,15
6.83871,98,20,7,15,11,13
3.29032,84,20,10,20,15
3.80645,68,20,3,17
5.35484,82,20,13,8,22
5.87097,66,20,4,14,11
4.25806,116,20,15,16,13
7.6129,74,20,21,12,21,11,19
5.6129,74,20,19,22,8
5.29032,84,20,8,16,22
5.67742,72,20,7,17,6
5.41935,80,20,15,17,4
7.74194,70,20,14,1,11,18
5.41935,80,20,15,6,19
2.77419,100,20,9,2
4.96774,94,20,22,3,3,10
5.74194,70,20,22,19,9
4.3871,112,20,9,10,4
7.09677,90,20,2,13,17,9
3.67742,72,20,11,11,20,11,4
3.54839,76,20,6,12
3.41935,80,20,15,13,20
3.93548,64,20,22,10
5.67742,72,20,12,13,11
7.29032,84,20,21,15,8,17
5.41935,80,20,15,15,17,8
3.93548,64,20,21,21,5
3.74194,70,20,1,2
2.77419,100,20,9,2
4.58065,106,20,15,16,2
3.35484,82,20,6,6,1
7.48387,78,20,3,12,2,22
4.70968,102,20,19,10,21
5.16129,88,20,13,7,5
5.6129,74,20,21,6,12
2.58065,106,20,9,13
7.16129,88,20,3,1,19,6
5.93548,64,20,14,16,10
3.93548,64,20,1,1,15
3.80645,68,20,6,18
5.67742,72,20,13,19,3
3.74194,70,20,11,13
7.74194,70,20,15,21,22,6
5.09677,90,20,2,17,17,1
3.74194,70,20,17,16
3.67742,72,20,6,19
6,62,20,16,10,9
5.6129,74,20,12,20,17,7
5.87097,66,20,13,14,11
4.83871,98,20,19,10,7
4.96774,94,20,21,11,19,20
3.67742,72,20,6,19
5.22581,86,20,13,3,10
5.87097,66,20,3,14,4
5.74194,70,20,18,8,16
3.80645,68,20,19,4
4.96774,94,20,18,10,22
5.54839,76,20,6,21,4
3.35484,82,20,13,5
5.09677,90,20,6,4,8
5.03226,92,20,11,15,13
5.48387,78,20,12,6,14
3.03226,92,20,5,14
3.93548,64,20,4,11
3.29032,84,20,10,18
5.67742,72,20,15,4,21
3.41935,80,20,13,16
7.48387,78,20,13,14,21,6
5.87097,66,20,7,21,1
3.54839,76,20,13,9
6,62,20,21,18,10
7.29032,84,20,8,19,22,16
6.96774,94,20,7,8,14,5
5.41935,80,20,1,18,11
3.41935,80,20,10,11
3.74194,70,20,17,5
3.48387,78,20,17,8
3.41935,80,20,9,3
3.48387,78,20,16,15
4.77419,100,20,14,2,16
5.74194,70,20,6,21,15
3.35484,82,20,13,20,13,10
5.87097,66,20,2,7,16
2.77419,100,20,16,2
3.67742,72,20,22,20,17
2.19355,118,20,5,13
4.70968,102,20,17,15,17,11
7.48387,78,20,21,19,15,10
2.19355,118,20,10,13
5.74194,70,20,13,14,13,6
3.87097,66,20,17,21
7.22581,86,20,8,18,7,13
7.29032,84,20,22,21,2,2,14
6,62,20,1,5,9
3.93548,64,20,2,20,5
6,62,20,2,21,15,20
5.29032,84,20,4,17,21
4.96774,94,20,7,6,10
5.6129,74,20,13,19,1
5.87097,66,20,12,15,11
3.09677,90,20,16,12
7.16129,88,20,4,7,18,6
3.93548,64,20,18,20,11
7.35484,82,20,21,12,13,15
5.41935,80,20,6,21,3
3.74194,70,20,8,13
9.48387,78,20,18,7,15,22,2
3.80645,68,20,19,4
5.93548,64,20,22,7,11
3.67742,72,20,16,19
9.54839,76,20,2,22,19,14,1
5.29032,84,20,21,14,20,11
3.41935,80,20,13,16
4,62,20,1,1,21
8,62,20,12,12,21,19,1
3.41935,80,20,17,2
7.6129,74,20,14,18,21,1
7.22581,86,20,22,17,15,4
8,62,20,3,12,15,22
5.87097,66,20,21,22,22,10
3.16129,88,20,9,12
5.87097,66,20,12,10,16
3.29032,84,20,16,20,19
7.80645,68,20,2,22,19,12
5.74194,70,20,22,18,6
4.51613,108,20,3,9,16,20
5.41935,80,20,11,15,8
3.41935,80,20,9,17
3.03226,92,20,16,20,17
2.19355,118,20,10,10,13
5.67742,72,20,13,3,21
7.29032,84,20,2,1,11,13
6,62,20,1,19,18
7.48387,78,20,15,8,19,16
9.35484,82,20,12,12,14,8,3,14,6
5.67742,72,20,8,22,19
3.41935,80,20,5,11
3.93548,64,20,1,15
4.19355,118,20,9,5,13
3.41935,80,20,9,17
7.67742,72,20,21,18,22,2
5.87097,66,20,3,10,3,8
5.67742,72,20,19,8,5
5.67742,72,20,11,3,16
5.6129,74,20,2,3,17
2.58065,106,20,9,4
3.93548,64,20,13,1
7.41935,80,20,18,8,11,5
4.83871,98,20,15,15,6,10
3.41935,80,20,16,3
3.87097,66,20,4,1
2.90323,96,20,5,7
3.09677,90,20,10,22
3.22581,86,20,5,8
3.74194,70,20,17,17,19
3.87097,66,20,7,10
5.29032,84,20,14,9,14,17
5.29032,84,20,3,16,17
5.29032,84,20,4,22,10
3.16129,88,20,10,15
5.80645,68,20,11,1,22
6,62,20,6,6,22,7
5.54839,76,20,13,12,9
6.70968,102,20,3,11,16,6
8,62,20,2,7,15,3
3.54839,76,20,6,12
