6,62,9,14,12,11
4,62,9,12,1
3.80645,68,9,13,2
7.22581,86,9,15,8,14,14,8,2
4.12903,120,9,21,13,16
3.80645,68,9,6,13
2.96774,94,9,13,8
7.93548,64,9,8,14,14,7,17
5.35484,82,9,12,18,10
3.93548,64,9,8,14,9
5.93548,64,9,10,1,6
7.54839,76,9,8,19,3,7
9.16129,88,9,21,7,7,22,15,16
3.54839,76,9,20,3
5.67742,72,9,21,21,4,2
3.29032,84,9,20,19
5.35484,82,9,16,20,22
3.93548,64,9,22,11
5.93548,64,9,16,7,3
6.51613,108,9,7,22,6,10
5.35484,82,9,20,20,2,14
3.93548,64,9,21,17
7.93548,64,9,1,21,14,22
7.74194,70,9,10,1,15,8
3.48387,78,9,21,16
5.29032,84,9,1,4,15
4.96774,94,9,15,3,3,6
2.58065,106,9,20,5
3.03226,92,9,4,17
4,62,9,22,20
5.09677,90,9,21,21,19,20
3.09677,90,9,4,4,8
5.6129,74,9,3,8,13
3.93548,64,9,6,7
4.32258,114,9,9,8,4,16
2.3871,112,9,12,13,9
5.80645,68,9,9,8,12,7
5.54839,76,9,7,2,21
5.48387,78,9,11,19,9,9,11,16
3.87097,66,9,21,1
7.74194,70,9,18,11,1,14
3.6129,74,9,17,11
3.93548,64,9,6,4
3.6129,74,9,2,14
3.41935,80,9,20,22
5.16129,88,9,15,17,11
2.45161,110,9,4,16
4.45161,110,9,17,6,5
5.80645,68,9,15,3,1
4.83871,98,9,17,6,17,13
5.67742,72,9,7,22,1
5.09677,90,9,15,9,19,13
3.35484,82,9,20,20,11
7.67742,72,9,16,8,18,20
7.74194,70,9,17,22,19,15
5.54839,76,9,5,21,17
5.29032,84,9,8,8,22,22,10
6,62,9,8,3,22
3.35484,82,9,21,10
5.67742,72,9,15,19,15,13
4,62,9,22,3
5.29032,84,9,21,21,20,3
5.16129,88,9,17,9,8,20
3.80645,68,9,6,6,13
7.29032,84,9,19,1,5,5,11
7.16129,88,9,14,18,12,6
2.77419,100,9,7,6,9
4.83871,98,9,16,19,9,2
5.87097,66,9,15,6,22
7.67742,72,9,16,5,15,11
4.64516,104,9,5,9,6,10
5.54839,76,9,9,22,7,5
5.54839,76,9,18,5,1
5.93548,64,9,12,21,7
5.29032,84,9,11,20,19
5.87097,66,9,18,12,7
3.80645,68,9,6,15
5.35484,82,9,15,20,3
5.41935,80,9,3,16,11
3.16129,88,9,13,3
8.64516,104,9,5,8,19,11,17
3.54839,76,9,2,9,8
3.41935,80,9,12,18,9
7.29032,84,9,11,8,2,22
5.93548,64,9,9,1,9,8,16
5.80645,68,9,19,8,12,19
5.87097,66,9,19,16,11
3.93548,64,9,21,17
3.22581,86,9,3,9,4
3.41935,80,9,12,10
3.87097,66,9,7,1
3.6129,74,9,2,7
3.54839,76,9,12,17
4.64516,104,9,15,13,1
3.67742,72,9,4,21
7.6129,74,9,14,19,1,5
5.93548,64,9,16,6,7
3.48387,78,9,20,7
3.93548,64,9,3,5
6,62,9,10,21,19
3.35484,82,9,6,2
3.22581,86,9,21,5
5.6129,74,9,11,15,1
7.29032,84,9,19,9,16,14,14,16,15
2.58065,106,9,5,6,9
4.90323,96,9,15,17,17,7,9
5.6129,74,9,11,10,15
3.67742,72,9,4,21
5.41935,80,9,10,17,18,9
3.54839,76,9,9,6,18
5.54839,76,9,21,8,15
3.41935,80,9,20,22
3.54839,76,9,2,22
3.87097,66,9,10,13
7.29032,84,9,12,14,18,10
3.54839,76,9,20,3
4.77419,100,9,8,4,11
3.48387,78,9,21,21,21,16
4.64516,104,9,9,18,10,6
6.19355,118,9,1,3,16,13
3.03226,92,9,3,22,9
6,62,9,11,15,17
3.35484,82,9,9,20,11
7.80645,68,9,5,9,1,15,6
4,62,9,18,14,9
5.80645,68,9,5,21,18
3.35484,82,9,20,11
3.41935,80,9,6,19
5.74194,70,9,8,14,8,17
3.87097,66,9,2,4
5.41935,80,9,8,2,7
7.48387,78,9,8,14,3,22
5.03226,92,9,8,6,19
3.93548,64,9,22,22,11
5.87097,66,9,19,18,20
3.16129,88,9,13,15
7.74194,70,9,16,8,18,5
2.25806,116,9,13,16
2.64516,104,9,2,5
5.54839,76,9,8,22,12
3.29032,84,9,4,15
3.29032,84,9,20,19
3.87097,66,9,7,1
5.54839,76,9,11,22,2
5.54839,76,9,16,5,14,9
4.77419,100,9,5,5,6,1
3.29032,84,9,6,12
5.93548,64,9,16,6,7
7.09677,90,9,11,19,12,17
3.22581,86,9,21,21,5
5.16129,88,9,15,12,17
3.54839,76,9,7,5
5.29032,84,9,5,2,14
5.80645,68,9,16,6,6,13
3.80645,68,9,17,12
5.74194,70,9,5,8,4
3.48387,78,9,21,16
3.48387,78,9,20,15
4.96774,94,9,7,17,20
6,62,9,11,18,18,1
3.48387,78,9,2,15
3.80645,68,9,13,2
3.80645,68,9,10,3,9
5.54839,76,9,16,7,5
3.09677,90,9,6,1
7.41935,80,9,1,22,7,11
7.80645,68,9,15,9,16,5,5,8
3.09677,90,9,4,8
6.83871,98,9,8,1,12,17
5.54839,76,9,11,6,4
4.96774,94,9,17,5,22
5.16129,88,9,16,4,18
6.58065,106,9,1,8,20,16
5.93548,64,9,19,17,22
5.80645,68,9,11,16,14
3.22581,86,9,4,3
3.93548,64,9,3,5
7.87097,66,9,11,7,22,21
5.93548,64,9,19,8,20
3.80645,68,9,6,21
4.64516,104,9,17,16,6
5.74194,70,9,3,1,21
5.09677,90,9,21,8,6
4.64516,104,9,14,13,1
7.22581,86,9,15,14,3,13
4.96774,94,9,19,17,20
3.54839,76,9,12,12,17
3.35484,82,9,6,2
5.41935,80,9,7,17,6
2.90323,96,9,13,17
6,62,9,14,19,21,14
2.58065,106,9,2,10
5.41935,80,9,11,2,8
5.67742,72,9,15,1,19
3.41935,80,9,12,10
6.90323,96,9,1,20,2,17
5.93548,64,9,1,16,9,3
3.29032,84,9,2,1
5.67742,72,9,11,9,16,11,2
5.74194,70,9,10,22,11
7.87097,66,9,9,16,5,1,20
7.6129,74,9,18,12,18,21,2
3.09677,90,9,20,6
3.41935,80,9,4,20
5.6129,74,9,10,6,13
4.90323,96,9,19,19,16,2
3.74194,70,9,3,6
2.90323,96,9,4,11
7.6129,74,9,15,21,18,3
6,62,9,12,3,19
7.22581,86,9,9,14,7,21,7,1
3.09677,90,9,6,11
3.16129,88,9,13,15
5.74194,70,9,15,7,10
6.96774,94,9,16,15,16,3,10
5.03226,92,9,22,4,19
5.80645,68,9,1,7,2
7.48387,78,9,10,1,15,4
5.74194,70,9,18,7,15,9
4.25806,116,9,14,14,14,4,5
3.54839,76,9,20,14
3.22581,86,9,20,1
7.41935,80,9,11,8,15,10
3.74194,70,9,17,13
3.87097,66,9,2,12
7.80645,68,9,18,3,14,19
6,62,9,18,15,20
2.58065,106,9,20,20,10
2.64516,104,9,2,5
3.80645,68,9,6,13
2.96774,94,9,13,11
5.09677,90,9,19,2,6
5.16129,88,9,17,14,13
4.32258,114,9,21,4,10
3.87097,66,9,7,11
7.54839,76,9,14,19,19,8,2
3.74194,70,9,20,13
7.35484,82,9,5,17,18,16
7.29032,84,9,22,21,15,4
4.32258,114,9,3,4,16
5.09677,90,9,11,20,6
5.93548,64,9,8,5,16
5.74194,70,9,8,18,8,5
7.48387,78,9,14,12,3,20
3.35484,82,9,4,22
5.80645,68,9,12,19,15
5.93548,64,9,12,18,19
7.80645,68,9,15,14,21,6
7.29032,84,9,15,18,3,7
5.54839,76,9,10,2,12
3.29032,84,9,13,7
3.87097,66,9,2,4
6,62,9,17,9,19,14
3.67742,72,9,3,17
3.80645,68,9,6,21
5.48387,78,9,1,20,15
5.54839,76,9,8,22,4
2.64516,104,9,2,5
5.09677,90,9,1,1,13,15
5.54839,76,9,7,4,4,21
3.09677,90,9,6,1
3.67742,72,9,4,4,2
5.41935,80,9,19,3,17
6,62,9,9,5,17,14
5.67742,72,9,1,7,3
5.74194,70,9,3,7,18
2.77419,100,9,6,5
4.96774,94,9,15,15,10,22
3.54839,76,9,20,3
5.80645,68,9,8,16,1
6.90323,96,9,14,8,12,16
3.09677,90,9,4,19
3.74194,70,9,14,9,21
3.80645,68,9,6,15
5.03226,92,9,17,21,16
3.41935,80,9,13,9,19
4.90323,96,9,10,12,10,6
4,62,9,10,4
2.90323,96,9,9,13,17
3.41935,80,9,20,22
2.32258,114,9,4,10
5.29032,84,9,8,22,10
3.03226,92,9,13,18
5.87097,66,9,17,21,7
6,62,9,16,19,13
5.87097,66,9,11,22,19
3.09677,90,9,6,1
5.80645,68,9,8,18,6
6,62,9,15,4,13
7.48387,78,9,15,11,1,14
5.87097,66,9,10,8,4
3.93548,64,9,22,1
6,62,9,18,15,20
4,62,9,16,13
5.67742,72,9,8,19,13
5.93548,64,9,11,8,17
4.77419,100,9,21,6,3
3.67742,72,9,4,21
5.87097,66,9,5,10,4
2.58065,106,9,13,13,9,2
3.80645,68,9,6,15
4,62,9,3,13
4.83871,98,9,18,20,6
6,62,9,9,8,7,14
5.22581,86,9,7,7,7,8,10
5.54839,76,9,9,17,16,1
9.41936,80,9,8,19,18,21,13
3.6129,74,9,7,10
7.22581,86,9,3,8,11,4
7.67742,72,9,19,11,14,22
3.29032,84,9,6,12
3.93548,64,9,7,13
4,62,9,5,20
5.67742,72,9,5,9,20,12
3.80645,68,9,5,13
4,62,9,11,17
3.35484,82,9,2,18
7.87097,66,9,11,8,14,13
5.93548,64,9,22,8,19
2.77419,100,9,2,16
7.93548,64,9,1,15,7,19
4,62,9,19,14,9
4.45161,110,9,8,10,20
3.93548,64,9,21,17
5.54839,76,9,8,7,3
3.80645,68,9,10,14,9
5.6129,74,9,17,6,4
8,62,9,15,8,11,1
6,62,9,18,10,16
3.48387,78,9,21,16
5.29032,84,9,22,8,22,16
7.29032,84,9,22,18,7,20
3.93548,64,9,22,11
5.67742,72,9,16,17,20
5.54839,76,9,5,17,3
3.67742,72,9,4,6
3.87097,66,9,21,1
7.16129,88,9,3,1,8,4
7.54839,76,9,16,8,8,4,21
2.77419,100,9,13,1
2.90323,96,9,13,17
5.87097,66,9,7,9,10,10,9,8
5.35484,82,9,12,11,10
7.54839,76,9,10,14,1,5
2.45161,110,9,7,2,9
3.67742,72,9,4,6
5.6129,74,9,11,9,8,2
2.77419,100,9,20,16
5.74194,70,9,19,15,5
5.93548,64,9,1,12,22
3.87097,66,9,11,18,9
2.83871,98,9,4,1
3.74194,70,9,20,13
3.22581,86,9,21,5
5.29032,84,9,7,12,1
3.87097,66,9,21,1
5.80645,68,9,16,9,2,4
3.6129,74,9,2,7
4,62,9,5,5,20
7.29032,84,9,1,21,15,5
3.09677,90,9,4,8
9.09677,90,9,11,9,10,19,8,6
5.35484,82,9,15,1,21
5.35484,82,9,1,17,18
5.48387,78,9,16,20,14
2.58065,106,9,20,5
7.67742,72,9,8,19,15,3
2.77419,100,9,2,16
4.77419,100,9,11,6,3
7.74194,70,9,22,15,22,6,4
3.35484,82,9,20,18
3.87097,66,9,6,22
5.6129,74,9,1,15,10
5.16129,88,9,15,10,8
5.09677,90,9,12,19,4
4,62,9,10,4
3.93548,64,9,7,13
5.03226,92,9,17,14,10
3.03226,92,9,4,4,17
3.54839,76,9,21,9,7
6,62,9,11,16,8
2.77419,100,9,13,1
4,62,9,13,4
3.22581,86,9,21,5
3.09677,90,9,6,11
5.67742,72,9,10,6,22
2.90323,96,9,13,17
3.93548,64,9,8,13
5.80645,68,9,19,15,10
4,62,9,12,1
3.03226,92,9,20,17
3.6129,74,9,2,7
3.87097,66,9,21,11
7.29032,84,9,8,3,7,12
2.25806,116,9,13,16
5.03226,92,9,9,10,2,11
5.54839,76,9,1,6,21
5.41935,80,9,12,14,16
3.54839,76,9,2,22
4.58065,106,9,11,2,10
5.35484,82,9,11,14,22,9
3.93548,64,9,3,10
3.35484,82,9,6,2
3.41935,80,9,4,20
3.03226,92,9,20,17
6.32258,114,9,1,20,2,10
3.16129,88,9,4,18
5.6129,74,9,11,2,3
6,62,9,1,4,13
4,62,9,18,13
3.16129,88,9,12,9,20
3.54839,76,9,9,20,3
3.80645,68,9,6,15
5.87097,66,9,5,10,4
3.87097,66,9,17,8
3.48387,78,9,12,16
3.6129,74,9,3,14,9
5.93548,64,9,10,18,4
2.77419,100,9,6,5
5.87097,66,9,11,11,16,17
7.41935,80,9,5,3,14,20
7.67742,72,9,16,3,21,6
5.74194,70,9,5,1,13
3.6129,74,9,2,7
4,62,9,22,3
3.87097,66,9,5,4
4,62,9,3,13
4.96774,94,9,14,9,14,9,3,5
7.29032,84,9,5,14,7,3
5.74194,70,9,7,18,1
5.35484,82,9,19,9,17,5
2.96774,94,9,6,6,16
9.41936,80,9,19,15,22,17,14
5.67742,72,9,12,19,11
5.6129,74,9,1,20,4
3.6129,74,9,12,6
5.22581,86,9,21,7,16
4.06452,122,9,15,13,5
5.80645,68,9,16,17,2
4.90323,96,9,3,4,17
3.35484,82,9,20,8
5.80645,68,9,12,19,15
6,62,9,19,18,6
6.90323,96,9,14,19,7,5
7.67742,72,9,14,15,18,1
7.22581,86,9,7,14,18,5
4.96774,94,9,7,17,3
5.16129,88,9,18,16,21
3.67742,72,9,17,20
7.6129,74,9,1,3,22,19
7.80645,68,9,12,9,16,1,1,8
5.22581,86,9,3,20,22
9.54839,76,9,1,18,22,7,12
7.6129,74,9,8,19,15,15,20
3.67742,72,9,17,20
5.54839,76,9,14,19,13
7.09677,90,9,18,5,10,10,15
5.93548,64,9,16,6,4
5.48387,78,9,18,20,18,3
5.22581,86,9,17,16,15
5.03226,92,9,9,3,7,16
6.51613,108,9,16,19,10,4
5.03226,92,9,18,11,17
5.48387,78,9,21,18,1
9.87097,66,9,7,15,14,8,3
5.67742,72,9,10,17,20
3.87097,66,9,7,1
6.83871,98,9,11,3,13,8
4.51613,108,9,5,6,10
3.35484,82,9,6,8
5.87097,66,9,7,4,13
3.09677,90,9,4,19
3.16129,88,9,6,20
5.41935,80,9,1,2,18
3.93548,64,9,7,20
2.83871,98,9,4,1
3.93548,64,9,6,4
3.09677,90,9,4,8
5.09677,90,9,18,17,17,13
5.41935,80,9,8,15,5
5.54839,76,9,15,6,17
5.41935,80,9,7,6,17
3.93548,64,9,7,7,13
3.93548,64,9,3,10
5.80645,68,9,10,8,17
5.22581,86,9,16,21,5
7.67742,72,9,11,14,7,12
7.54839,76,9,1,3,11,13
5.93548,64,9,1,2,4
3.35484,82,9,6,2
5.41935,80,9,15,4,20
5.74194,70,9,21,12,20
3.87097,66,9,6,6,22
2.19355,118,9,13,10
3.93548,64,9,22,15,9
5.87097,66,9,12,14,11
7.80645,68,9,19,15,12,3
3.35484,82,9,20,8
2.96774,94,9,13,11
2.25806,116,9,13,16
5.48387,78,9,10,18,11,10
3.6129,74,9,8,9,6
3.54839,76,9,13,20
3.03226,92,9,20,17
7.41935,80,9,16,17,15,5
6.70968,102,9,10,19,5,12
3.93548,64,9,3,5
5.87097,66,9,19,22,2
5.35484,82,9,16,20,22
7.6129,74,9,19,11,11,19,18,16
3.35484,82,9,2,19
5.29032,84,9,9,9,1,6,18
9.74194,70,9,16,5,5,19,18,1
3.87097,66,9,21,11
3.6129,74,9,6,9,18
5.29032,84,9,19,1,1,17
3.6129,74,9,19,9,20
2.51613,108,9,18,2,9
3.67742,72,9,17,3
4,62,9,5,20
3.6129,74,9,17,11
3.67742,72,9,4,21
5.74194,70,9,19,16,18
2.83871,98,9,20,9,6
3.29032,84,9,6,12
5.22581,86,9,12,8,5
7.29032,84,9,11,7,18,16
5.54839,76,9,16,6,17
3.41935,80,9,20,22
2.77419,100,9,20,20,16
7.67742,72,9,11,12,21,13
4.45161,110,9,8,6,10
5.29032,84,9,19,6,17
3.80645,68,9,6,13
6.25806,116,9,15,22,4,10
7.67742,72,9,16,19,2,21
6.83871,98,9,19,14,20,6
3.87097,66,9,21,21,9,8
2.58065,106,9,17,6,9
5.16129,88,9,12,15,1
3.87097,66,9,22,10
5.29032,84,9,7,2,3
4,62,9,12,1
7.41935,80,9,5,14,7,4
3.41935,80,9,12,10
5.16129,88,9,21,6,18
5.80645,68,9,11,14,10
7.48387,78,9,5,3,11,15
5.54839,76,9,12,13,21
5.48387,78,9,17,18,16
9.09677,90,9,19,3,12,14,16
4.96774,94,9,21,19,13
6.45161,110,9,19,16,10,2
2.19355,118,9,13,10
5.03226,92,9,7,6,3
5.87097,66,9,19,22,12
3.80645,68,9,13,2
9.41936,80,9,5,3,11,8,15
2.90323,96,9,16,6,9
5.74194,70,9,18,9,22,17
3.87097,66,9,21,21,11
5.22581,86,9,7,19,6
3.54839,76,9,7,5
3.29032,84,9,2,1
3.87097,66,9,17,4
3.35484,82,9,12,5
5.67742,72,9,19,6,7
7.54839,76,9,22,14,12,18
6,62,9,9,10,10,8,2
3.93548,64,9,14,10
5.48387,78,9,9,22,21,22,11
5.87097,66,9,16,22,5
3.48387,78,9,12,16
5.48387,78,9,8,16,22
3.54839,76,9,13,21
5.6129,74,9,15,12,7
5.87097,66,9,17,21,7
3.35484,82,9,2,19
6,62,9,16,3,22
6.3871,112,9,1,3,16,4
7.22581,86,9,19,14,21,5
3.87097,66,9,2,12
4.77419,100,9,21,6,20
3.48387,78,9,12,16
5.48387,78,9,19,11,13
7.48387,78,9,10,18,11,5
7.22581,86,9,9,1,19,19,16,7
5.87097,66,9,22,21,21,13
2.58065,106,9,20,5
3.87097,66,9,20,12
5.54839,76,9,11,10,14
5.80645,68,9,16,6,13
5.80645,68,9,8,18,10
7.54839,76,9,14,21,22,8
5.6129,74,9,10,6,15
3.87097,66,9,17,8
3.29032,84,9,6,12
5.29032,84,9,22,22,16,8
5.87097,66,9,17,15,6
3.87097,66,9,14,14,5
6,62,9,14,7,19
4,62,9,14,1,9
7.54839,76,9,5,8,19,2
7.87097,66,9,19,21,20,2
5.6129,74,9,17,19,22
5.93548,64,9,5,19,1,9
5.41935,80,9,3,2,22
3.29032,84,9,9,2,6
5.29032,84,9,18,20,14
4,62,9,22,3
5.67742,72,9,7,8,18
7.35484,82,9,19,8,7,20
3.16129,88,9,6,3
3.09677,90,9,4,19
5.09677,90,9,12,19,20
7.03226,92,9,11,15,19,4
4,62,9,15,5
2.77419,100,9,20,16
3.35484,82,9,19,17,17,9
3.54839,76,9,6,17
5.35484,82,9,7,4,12
9.80645,68,9,5,16,5,8,1,3
7.03226,92,9,9,11,19,21,10
2.96774,94,9,6,16
2.25806,116,9,4,5
4,62,9,13,4
5.22581,86,9,18,17,4
9.74194,70,9,16,15,18,11,3
2.64516,104,9,2,5
5.09677,90,9,14,13,22
3.03226,92,9,13,18
5.93548,64,9,19,11,10
5.87097,66,9,22,7,1
6.96774,94,9,11,16,19,20
2.25806,116,9,4,5
3.03226,92,9,20,17
3.35484,82,9,12,8,9
5.48387,78,9,15,12,15,16
4.90323,96,9,21,21,15,21,5
5.41935,80,9,18,17,18,5
3.35484,82,9,4,14
3.35484,82,9,2,18
5.80645,68,9,8,14,10
3.87097,66,9,10,13
3.16129,88,9,2,17
3.80645,68,9,5,13
5.6129,74,9,19,9,18,16
3.93548,64,9,7,13
9.87097,66,9,16,1,11,11,21,8
9.6129,74,9,10,8,21,14,14,1
2.58065,106,9,20,5
7.16129,88,9,17,5,10,18
4.83871,98,9,10,5,9,21,5
2.96774,94,9,13,11
6,62,9,19,18,10
7.16129,88,9,1,12,13,15
5.93548,64,9,15,6,15,17
3.80645,68,9,17,2
3.87097,66,9,17,17,8
5.74194,70,9,19,3,8,9
5.54839,76,9,7,7,12,20
3.48387,78,9,20,7
8,62,9,14,15,17,15,7
7.87097,66,9,1,8,11,22
3.67742,72,9,17,20
4.90323,96,9,18,6,1
3.93548,64,9,14,10
5.41935,80,9,22,19,2
3.09677,90,9,4,8
5.74194,70,9,17,18,12
3.87097,66,9,7,1
2.58065,106,9,4,9,20
6.77419,100,9,11,21,18,21,11,4
3.6129,74,9,2,14
3.93548,64,9,7,3
4.96774,94,9,10,22,21,10
5.41935,80,9,15,21,10
5.6129,74,9,9,15,3,18
5.35484,82,9,12,11,5
4.83871,98,9,17,10,10,10,21
4.96774,94,9,2,20,1
5.48387,78,9,21,8,7
5.54839,76,9,5,7,1
9.48387,78,9,10,5,22,17,18
5.74194,70,9,12,2,21
5.74194,70,9,14,11,10
3.80645,68,9,6,13
7.54839,76,9,5,3,18,21
3.35484,82,9,2,19
3.87097,66,9,11,9,6
5.48387,78,9,12,19,16
5.29032,84,9,14,2,8
3.22581,86,9,4,3
3.80645,68,9,6,13
3.54839,76,9,20,14
10,62,9,16,8,12,14,18
2.96774,94,9,13,8
7.41935,80,9,18,12,8,15
5.93548,64,9,8,5,16
6.90323,96,9,14,12,2,17
3.74194,70,9,20,20,13
3.16129,88,9,4,9,22
4.3871,112,9,15,7,4,4,9
3.35484,82,9,20,11
5.80645,68,9,8,22,6
7.54839,76,9,22,7,14,4
3.87097,66,9,21,1
4.96774,94,9,17,10,7
4.77419,100,9,17,6,11
3.41935,80,9,12,10
3.35484,82,9,6,2
7.48387,78,9,8,14,19,8,8,19,17
5.93548,64,9,19,3,20
5.41935,80,9,19,2,14
3.6129,74,9,13,12
2.77419,100,9,6,5
6.90323,96,9,1,18,17,4
3.22581,86,9,9,21,5
5.35484,82,9,12,3,5
3.93548,64,9,7,20
5.67742,72,9,7,19,12
7.48387,78,9,7,15,19,10
5.74194,70,9,19,16,18
3.35484,82,9,4,14
5.35484,82,9,9,9,3,16,19
3.93548,64,9,22,1
2.90323,96,9,4,11
3.87097,66,9,5,4
3.29032,84,9,13,7
2.25806,116,9,4,5
5.74194,70,9,5,17,8
7.6129,74,9,10,9,11,11,3,17
7.35484,82,9,22,15,22,8,7
5.22581,86,9,15,8,13
2.77419,100,9,20,16
3.35484,82,9,2,19
4,62,9,3,13
5.93548,64,9,10,15,11
7.67742,72,9,1,21,19,11
8,62,9,14,19,3,11
9.16129,88,9,1,12,3,8,4
5.03226,92,9,20,9,5,22
5.87097,66,9,16,3,3,5
7.03226,92,9,14,8,8,12,6
3.35484,82,9,4,14
6,62,9,22,21,18
5.16129,88,9,19,9,10,15,9
3.35484,82,9,6,8
5.41935,80,9,16,16,20,7
3.87097,66,9,17,8
8.96774,94,9,16,11,3,20,1
2.70968,102,9,18,6,9
3.22581,86,9,21,5
2.77419,100,9,2,9,20
4.96774,94,9,19,20,1
2.58065,106,9,20,5
5.48387,78,9,18,8,13
7.67742,72,9,5,14,12,8
5.80645,68,9,14,18,20
7.74194,70,9,7,21,15,14
5.74194,70,9,5,3,16
3.6129,74,9,6,14
5.93548,64,9,10,8,8,20
7.93548,64,9,10,1,16,18
5.09677,90,9,17,19,2
3.74194,70,9,20,13
5.48387,78,9,22,14,14,13
5.80645,68,9,12,21,19
5.09677,90,9,18,14,17,9
5.03226,92,9,11,9,5,11,3,5
5.6129,74,9,1,17,7
5.67742,72,9,8,21,8,5
5.93548,64,9,10,15,1
5.54839,76,9,22,12,22,6
3.80645,68,9,6,21
6.64516,104,9,16,7,6,5
2.58065,106,9,2,2,10
7.35484,82,9,1,1,9,11,10,17
4,62,9,16,13
3.67742,72,9,4,2
3.6129,74,9,7,10
7.41935,80,9,16,14,4,12
5.87097,66,9,9,8,20,2
5.29032,84,9,1,20,19
7.80645,68,9,10,15,7,20
2.45161,110,9,4,16
4.96774,94,9,10,2,1
7.22581,86,9,1,15,17,14
3.54839,76,9,9,15,9,6
6,62,9,19,3,2
4.3871,112,9,19,4,16
5.48387,78,9,22,9,5,7
5.74194,70,9,5,10,13
5.67742,72,9,5,15,10
7.29032,84,9,14,1,11,11,2
3.22581,86,9,13,14
5.41935,80,9,10,9,13,21
5.87097,66,9,18,15,13
5.80645,68,9,14,18,20
5.6129,74,9,15,16,1
4,62,9,10,4
3.54839,76,9,6,17
5.6129,74,9,17,18,3
3.67742,72,9,4,6
4.32258,114,9,15,4,10
6.96774,94,9,11,18,12,17
5.09677,90,9,12,21,16
5.35484,82,9,14,7,10
3.6129,74,9,12,6
7.67742,72,9,14,1,8,18
4.83871,98,9,15,13,11
3.74194,70,9,20,13
7.54839,76,9,16,10,7,20
3.35484,82,9,12,5
2.96774,94,9,13,8
3.35484,82,9,22,9,2
4.96774,94,9,15,10,14
7.74194,70,9,10,21,14,22
4,62,9,8,17
2.90323,96,9,4,11
5.41935,80,9,22,12,4
5.54839,76,9,21,14,17
5.41935,80,9,8,2,7
3.16129,88,9,13,15
6,62,9,9,5,11,20
3.03226,92,9,4,17
3.67742,72,9,4,2
3.09677,90,9,20,6
3.41935,80,9,2,8
5.09677,90,9,18,1,6
3.22581,86,9,9,3,3,9,4
3.22581,86,9,20,20,1
8,62,9,8,14,21,6
4.96774,94,9,3,22,3,10
3.6129,74,9,12,12,6
3.87097,66,9,14,5
5.93548,64,9,8,7,17
4,62,9,11,17
3.87097,66,9,20,12
5.6129,74,9,9,15,14,10
5.41935,80,9,14,2,22
6.90323,96,9,1,16,17,8
3.16129,88,9,13,15
3.03226,92,9,9,9,4,17
3.48387,78,9,20,7
4,62,9,11,17
3.48387,78,9,12,16
5.80645,68,9,14,7,12
3.93548,64,9,22,1
5.48387,78,9,16,6,16,3
3.93548,64,9,8,13
4.90323,96,9,15,15,4,11
6,62,9,8,21,6
6,62,9,18,14,13
5.87097,66,9,21,14,1
5.74194,70,9,19,15,5
3.87097,66,9,21,1
7.09677,90,9,1,21,20,8
4.83871,98,9,14,17,13
5.35484,82,9,3,18,2
4,62,9,12,1
3.80645,68,9,6,21
5.09677,90,9,17,19,6
4,62,9,22,9,17
5.80645,68,9,12,18,8
4.90323,96,9,2,20,2,17
3.35484,82,9,12,5
3.22581,86,9,13,14
3.93548,64,9,8,13
5.48387,78,9,5,6,15
5.35484,82,9,10,7,5
3.93548,64,9,6,7
3.6129,74,9,12,6
4.70968,102,9,1,6,16
3.35484,82,9,12,5
3.41935,80,9,6,19
5.6129,74,9,22,12,18
4.83871,98,9,22,12,16
3.93548,64,9,8,13
7.29032,84,9,14,21,3,21,11
5.54839,76,9,11,13,6
5.29032,84,9,18,5,19
3.41935,80,9,18,12,9
3.93548,64,9,12,22
3.87097,66,9,2,12
2.19355,118,9,13,5
5.22581,86,9,16,2,6
5.29032,84,9,5,2,7
4.96774,94,9,7,8,17
5.87097,66,9,3,8,2
5.03226,92,9,17,19,20
3.93548,64,9,7,13
7.80645,68,9,9,8,11,11,8,14,2
5.87097,66,9,9,11,16,17
7.41936,80,9,3,18,18,14,2
4.06452,122,9,9,14,13,5
3.54839,76,9,9,2,22
5.67742,72,9,21,2,4
7.6129,74,9,10,3,21,2
4.90323,96,9,8,4,17
7.09677,90,9,16,3,2,6
3.09677,90,9,4,8
3.87097,66,9,2,21
3.16129,88,9,20,9,12
5.87097,66,9,16,21,1
5.6129,74,9,1,14,1,4
7.09677,90,9,7,15,8,5
5.22581,86,9,9,21,18,5
4.83871,98,9,15,10,7
5.6129,74,9,1,9,3,4
5.09677,90,9,3,16,14
3.29032,84,9,3,15,9
7.54839,76,9,1,22,21,18
5.48387,78,9,18,7,5
5.87097,66,9,18,12,18,17
2.58065,106,9,9,20,5
7.80645,68,9,1,3,21,13
2.77419,100,9,6,5
5.80645,68,9,15,3,19
7.93548,64,9,10,19,15,12
7.80645,68,9,16,7,15,11
3.41935,80,9,14,7,9
5.41935,80,9,3,3,3,20,4
3.35484,82,9,20,18
5.41935,80,9,19,4,12
4.83871,98,9,11,10,20
5.6129,74,9,11,11,15,16
3.54839,76,9,6,18
5.03226,92,9,15,15,20,1
5.41935,80,9,16,20,15
3.93548,64,9,22,15,9
5.54839,76,9,22,18,20
6,62,9,21,14,7
4.90323,96,9,15,3,17
3.6129,74,9,2,14
5.67742,72,9,3,18,1
4,62,9,2,13
7.41935,80,9,15,1,11,12
5.6129,74,9,11,2,11,10
9.6129,74,9,1,11,18,3,14
3.87097,66,9,2,12
3.6129,74,9,7,7,10
3.16129,88,9,6,20
5.6129,74,9,11,9,14,6
5.41935,80,9,1,4,7
7.22581,86,9,1,5,11,15
7.80645,68,9,10,19,12,11
5.67742,72,9,11,7,11,10
5.80645,68,9,8,21,11
6.96774,94,9,14,7,6,2
5.35484,82,9,21,19,10
3.35484,82,9,21,10
3.09677,90,9,4,8
3.16129,88,9,6,20
4.45161,110,9,15,4,4,16
3.54839,76,9,18,3,9
3.35484,82,9,20,8
6,62,9,1,12,7
4,62,9,8,17
3.16129,88,9,2,17
3.35484,82,9,20,11
5.80645,68,9,12,19,15
5.41935,80,9,7,17,16
5.80645,68,9,9,16,17,17,2
5.93548,64,9,22,7,20
4,62,9,4,13
3.35484,82,9,2,19
7.67742,72,9,19,12,3,18
3.74194,70,9,20,13
7.41935,80,9,9,14,15,21,15,16
4.83871,98,9,16,6,10
7.16129,88,9,18,8,15,8,10
7.48387,78,9,8,1,19,10
4.45161,110,9,8,6,10
3.80645,68,9,6,21
2.64516,104,9,13,9,6
3.74194,70,9,7,16
6,62,9,5,1,20
8,62,9,16,3,8,22
6,62,9,5,10,9,19,19,10
5.74194,70,9,5,11,4
7.03226,92,9,5,19,10,15
5.74194,70,9,19,7,13
3.16129,88,9,13,3
3.80645,68,9,6,15
3.54839,76,9,2,22
9.48387,78,9,10,11,3,14,20
5.67742,72,9,11,16,7
3.35484,82,9,9,2,11
4,62,9,2,13
5.93548,64,9,21,14,22
5.74194,70,9,9,14,2,4
4,62,9,13,4
4.90323,96,9,18,5,7
5.87097,66,9,5,21,12
3.6129,74,9,13,12
4.32258,114,9,16,4,10
5.41935,80,9,17,22,17,12
5.67742,72,9,5,10,3,9
6,62,9,3,1,14
