2.77419,100,1,13,9
7.03226,92,1,14,19,14,17,12
7.54839,76,1,8,3,1,14,17
7.67742,72,1,10,8,19,7
7.74194,70,1,9,16,19,6
7.74194,70,1,9,14,21,20
5.80645,68,1,12,8,9
5.48387,78,1,12,4,18
5.74194,70,1,4,21,7
6.19355,118,1,18,12,13,5
3.87097,66,1,2,18
6.90323,96,1,16,10,14,5
3.80645,68,1,20,18
4.96774,94,1,10,1,4,8
5.29032,84,1,18,18,9,7
5.03226,92,1,2,14,10
3.35484,82,1,5,13
5.48387,78,1,7,11,9
3.67742,72,1,17,14
6.51613,108,1,14,15,20,16
7.22581,86,1,3,19,2,19,19,10
4.90323,96,1,21,11,17
6.90323,96,1,8,7,13,18
7.67742,72,1,3,21,14,13
6.90323,96,1,11,20,13,17
7.93548,64,1,21,15,8,19
4,62,1,13,12
5.67742,72,1,8,7,5
3.16129,88,1,6,16
7.54839,76,1,14,11,21,2
7.6129,74,1,8,12,14,10
4.19355,118,1,20,13,10
4.77419,100,1,19,10,4
3.29032,84,1,6,11
5.29032,84,1,19,5,7
7.87097,66,1,8,1,15,7,12
4.64516,104,1,3,10,2
5.93548,64,1,12,3,16
4.96774,94,1,20,4,8
5.93548,64,1,3,7,8
3.93548,64,1,13,20
5.35484,82,1,15,3,7
7.54839,76,1,8,9,19,11
3.87097,66,1,12,10
7.22581,86,1,19,21,19,7,9
5.67742,72,1,12,21,8,12
5.35484,82,1,3,13,18
3.93548,64,1,16,6
6,62,1,16,5,22
4,62,1,15,5
5.6129,74,1,3,21,21,9
3.80645,68,1,5,3,1
5.35484,82,1,11,13,17
4,62,1,1,7,15,1
4.77419,100,1,14,20,10
3.87097,66,1,20,22
4.58065,106,1,15,2,16
3.93548,64,1,12,16
5.54839,76,1,12,1,10,14
4.58065,106,1,22,16,6
3.41935,80,1,13,18
3.6129,74,1,4,18
5.29032,84,1,10,15,5
5.29032,84,1,5,7,2
3.29032,84,1,2,9
3.41935,80,1,17,4
5.22581,86,1,5,11,6
4,62,1,10,1,13
3.54839,76,1,13,15
5.54839,76,1,11,18,1,18,10
7.54839,76,1,11,10,8,15
5.41935,80,1,9,21,11
3.48387,78,1,16,13
9.74194,70,1,21,18,22,15,19
2.58065,106,1,13,5
5.35484,82,1,19,6,8
7.41935,80,1,21,18,19,5
7.09677,90,1,11,19,1,18,18,2
5.09677,90,1,7,4,17
9.22581,86,1,14,15,7,17,8
7.22581,86,1,9,17,15,3
9.67742,72,1,9,16,3,11,19
5.87097,66,1,16,18,17
3.09677,90,1,6,9
3.67742,72,1,4,3
5.35484,82,1,18,17,4
5.6129,74,1,14,2,18
3.35484,82,1,5,13
3.93548,64,1,20,7
3.87097,66,1,4,20
7.87097,66,1,3,1,8,12,7
7.54839,76,1,11,12,21,18,11
3.74194,70,1,21,1,17
3.74194,70,1,6,18
3.74194,70,1,20,19
5.16129,88,1,8,17,3
3.48387,78,1,20,17
6.83871,98,1,22,21,7,5
4,62,1,22,3
5.80645,68,1,3,1,1,18,2
5.22581,86,1,3,14,2,1
7.41936,80,1,20,2,21,13
6.70968,102,1,3,20,2,5
7.16129,88,1,10,8,11,22
5.87097,66,1,2,14,8
3.87097,66,1,8,22,1
5.48387,78,1,8,13,14
3.67742,72,1,21,5
3.54839,76,1,6,8
8,62,1,1,3,19,12,2
5.80645,68,1,9,21,12
4.96774,94,1,3,9,2
3.6129,74,1,6,19
5.03226,92,1,1,21,6,16
7.22581,86,1,3,22,14,20
9.80645,68,1,3,18,19,18,15,15,17
3.67742,72,1,17,14
3.29032,84,1,6,11
5.16129,88,1,9,7,10
5.41935,80,1,10,14,17
9.03226,92,1,11,14,9,10,5,14
5.16129,88,1,7,13,22
7.41935,80,1,11,21,3,22
3.80645,68,1,4,22
3.93548,64,1,9,2
2.77419,100,1,3,17,1
4,62,1,20,14
3.41935,80,1,17,8
7.54839,76,1,11,3,5,19
7.87097,66,1,10,11,14,19
5.48387,78,1,16,3,4
5.29032,84,1,5,1,20,7
4.83871,98,1,2,7,5
3.22581,86,1,13,1,6
5.54839,76,1,14,14,11,6
3.93548,64,1,7,19,1
3.6129,74,1,5,2
7.29032,84,1,10,16,22,13
3.80645,68,1,4,22
6,62,1,18,14,14,10
5.6129,74,1,16,3,20
5.6129,74,1,18,16,22
5.6129,74,1,9,5,2
7.41935,80,1,14,22,6,17
3.80645,68,1,20,20,18
4.90323,96,1,1,17,7,9
3.09677,90,1,2,10
4,62,1,6,21
5.67742,72,1,12,13,22
5.48387,78,1,14,4,19
7.09677,90,1,3,11,20,19
3.93548,64,1,20,20,7
3.93548,64,1,7,16
4.90323,96,1,22,6,16
5.54839,76,1,2,12,22
3.22581,86,1,10,21,21,1
4.96774,94,1,14,10,21
3.87097,66,1,4,20
3.80645,68,1,20,18
6.96774,94,1,8,12,20,16
7.93548,64,1,11,14,15,10
9.6129,74,1,19,11,14,12,21
5.80645,68,1,18,8,20
5.48387,78,1,3,4,19
2.90323,96,1,4,16
4.77419,100,1,7,3,17
4,62,1,22,20
3.48387,78,1,16,13
4.45161,110,1,13,2,5
7.6129,74,1,14,21,14,4,12
4.64516,104,1,10,12,12,5
3.41935,80,1,5,4
2.83871,98,1,4,9
7.87097,66,1,19,8,18,6
3.93548,64,1,2,8
5.67742,72,1,20,2,15
4.77419,100,1,8,4,9
6.58065,106,1,19,8,5,6
5.48387,78,1,16,15,13
3.74194,70,1,4,15
5.48387,78,1,2,13,15
3.35484,82,1,5,13
5.22581,86,1,7,2,11
5.74194,70,1,15,12,12,12,11
5.80645,68,1,16,21,7
3.87097,66,1,20,22
8,62,1,15,21,19,8
7.54839,76,1,14,6,4,2
6,62,1,9,7,21
5.67742,72,1,15,20,12
6,62,1,22,14,3
2.45161,110,1,10,1,6,10
5.48387,78,1,18,4,20
5.35484,82,1,5,9,18,5
8.96774,94,1,1,14,12,18,22,5
5.29032,84,1,18,17,12
8,62,1,18,7,21,4
5.35484,82,1,15,3,3,15,9
3.48387,78,1,16,13
5.67742,72,1,5,8,7
3.6129,74,1,6,19
3.74194,70,1,17,10
3.87097,66,1,18,1,17
5.93548,64,1,11,22,16
7.29032,84,1,11,21,11,9,7
6.3871,112,1,3,11,20,5
7.22581,86,1,1,21,22,6,18
4.19355,118,1,15,10,4
6,62,1,21,12,15
3.74194,70,1,9,13
5.41935,80,1,10,7,12
4.96774,94,1,15,10,14
3.35484,82,1,19,2,1
3.16129,88,1,1,17,11
5.93548,64,1,5,19,11
4.90323,96,1,8,16,1,13
5.67742,72,1,12,13,14
3.80645,68,1,7,10
4,62,1,2,15
5.48387,78,1,4,21,3
3.35484,82,1,13,19
4.64516,104,1,3,6,10
7.16129,88,1,8,11,13,14
5.87097,66,1,15,11,8
9.54839,76,1,19,3,12,11,14
5.54839,76,1,14,11,6
3.87097,66,1,18,1,17
3.93548,64,1,1,13,6
3.41935,80,1,13,18
5.87097,66,1,15,6,22
5.16129,88,1,19,19,9,6
3.54839,76,1,6,2
7.54839,76,1,14,13,2,4
3.87097,66,1,4,7
3.93548,64,1,1,16,6
7.67742,72,1,19,19,3,14,17
5.67742,72,1,16,17,10
5.80645,68,1,11,2,18
2.77419,100,1,22,4,1
5.87097,66,1,8,2,22
5.93548,64,1,16,7,18
5.35484,82,1,10,17,2
6.19355,118,1,11,11,18,4,5
5.80645,68,1,14,13,21
5.6129,74,1,16,18,20
5.54839,76,1,10,19,19,6
5.54839,76,1,16,1,22,12
3.6129,74,1,10,10,2
5.67742,72,1,1,15,20,12
6.90323,96,1,15,19,3,17
5.74194,70,1,11,4,14
4.96774,94,1,15,6,16
3.67742,72,1,17,6
3.29032,84,1,1,1,13,17
5.6129,74,1,7,17,5
3.93548,64,1,1,9,20
2.58065,106,1,13,5
3.93548,64,1,20,15
5.67742,72,1,5,5,17,21
5.48387,78,1,7,18,15,15,1
5.6129,74,1,19,13,20
5.29032,84,1,12,22,10
6.58065,106,1,14,2,20,5
7.22581,86,1,21,19,8,17
2.77419,100,1,3,17,1
4.90323,96,1,9,22,9,2
9.09677,90,1,19,14,7,6,12
6.96774,94,1,20,12,20,1,11,13
3.6129,74,1,10,20
7.48387,78,1,1,19,18,17,5
5.41935,80,1,12,8,13
5.80645,68,1,14,19,1,21
5.74194,70,1,21,18,10
6.77419,100,1,15,18,11,6
3.93548,64,1,16,16,6
3.35484,82,1,6,3
5.93548,64,1,7,18,11
3.35484,82,1,1,6,20
3.35484,82,1,17,12
3.22581,86,1,20,9
3.87097,66,1,7,9
7.41935,80,1,11,8,17,9
3.54839,76,1,10,4
5.67742,72,1,19,2,7
3.93548,64,1,5,12
3.29032,84,1,13,17
3.6129,74,1,13,22
5.41935,80,1,21,19,13
3.93548,64,1,21,16
5.41935,80,1,21,8,13
6,62,1,15,18,1,11
4,62,1,4,1,5
5.87097,66,1,22,6,4
3.80645,68,1,22,1,20
3.54839,76,1,5,20
7.03226,92,1,14,15,20,15,5
9.6129,74,1,21,18,22,15,17
5.74194,70,1,21,19,5
5.22581,86,1,6,4,15
5.93548,64,1,8,16,3
5.74194,70,1,8,16,1,14
3.54839,76,1,5,20
5.93548,64,1,14,3,13
5.41935,80,1,19,20,22
7.93548,64,1,11,16,17,22
2.45161,110,1,20,1,1,10,20
5.35484,82,1,15,4,22
3.54839,76,1,4,8
5.22581,86,1,10,11,11,17
5.16129,88,1,22,4,22,22,13
3.93548,64,1,16,6
3.54839,76,1,6,8
5.09677,90,1,15,18,1,1,22
2.77419,100,1,4,10
6,62,1,18,15,10
7.54839,76,1,19,11,3,3,5
3.87097,66,1,7,9
5.22581,86,1,2,22,12
8,62,1,11,19,14,14,10
3.35484,82,1,6,20
5.93548,64,1,9,7,14
4,62,1,6,21
3.87097,66,1,22,10
7.35484,82,1,5,10,1,8,20
5.54839,76,1,16,22,20
5.93548,64,1,3,20,4
5.87097,66,1,2,14,21
5.16129,88,1,15,4,18
3.93548,64,1,21,16
3.80645,68,1,4,14
3.41935,80,1,5,4
3.87097,66,1,22,18,1
4.83871,98,1,22,12,16
3.41935,80,1,1,10,13
6.77419,100,1,14,9,5,21
6,62,1,18,17,15
5.6129,74,1,21,2,11
3.6129,74,1,5,2
4,62,1,2,15
3.67742,72,1,16,4
6,62,1,1,3,9,9,11
5.16129,88,1,18,4,8
5.16129,88,1,8,17,3
3.74194,70,1,4,15
3.54839,76,1,4,8
4,62,1,6,15
4.58065,106,1,15,16,20
5.16129,88,1,5,8,13
4,62,1,2,15
5.80645,68,1,5,14,15
7.54839,76,1,18,11,19,21
5.29032,84,1,2,20,17
3.87097,66,1,4,7
3.80645,68,1,17,18
7.29032,84,1,12,13,4,17
4.83871,98,1,22,16,21
5.6129,74,1,18,17,19
3.87097,66,1,21,9
3.03226,92,1,20,10
5.41935,80,1,11,13,19
4,62,1,22,3
5.74194,70,1,15,1,11,13
3.54839,76,1,6,8
6,62,1,16,11,10
4.19355,118,1,7,13,16
4.58065,106,1,12,1,5,13
5.87097,66,1,9,12,21
4,62,1,6,15
7.54839,76,1,21,8,14,6
5.80645,68,1,3,15,9
6.96774,94,1,8,6,7,16
4.77419,100,1,3,9,13
5.54839,76,1,4,4,13,7
9.29032,84,1,3,19,21,18,16
5.67742,72,1,7,12,8
2.77419,100,1,4,4,10
5.48387,78,1,18,9,3
3.54839,76,1,5,20
3.6129,74,1,10,20
5.67742,72,1,22,22,18,10
5.80645,68,1,14,22,10
3.80645,68,1,4,22
3.74194,70,1,21,1,17
7.6129,74,1,14,21,14,22,9
5.87097,66,1,15,18,5
5.74194,70,1,19,5,19,10
4,62,1,9,6
5.67742,72,1,22,17,19
5.6129,74,1,5,18,17
3.93548,64,1,9,2
5.74194,70,1,3,9,8
5.16129,88,1,1,5,7,20
5.87097,66,1,5,19,7
2.83871,98,1,4,9
6.83871,98,1,19,15,6,10
7.87097,66,1,16,9,11,15
3.41935,80,1,17,8
3.54839,76,1,6,2
3.03226,92,1,1,20,5
3.6129,74,1,6,19
5.6129,74,1,14,2,19
6.90323,96,1,18,22,7,7,22,7,6,1
7.74194,70,1,19,7,7,8,18
5.93548,64,1,2,22,15
9.80645,68,1,8,14,21,11,19
3.80645,68,1,17,18
3.35484,82,1,13,19
5.09677,90,1,13,2,6
4.45161,110,1,15,15,16,16,4
7.48387,78,1,11,21,19,2
3.48387,78,1,6,12
3.35484,82,1,5,13
3.93548,64,1,1,22,9
7.93548,64,1,7,21,15,19
4,62,1,13,12
3.48387,78,1,4,17
3.67742,72,1,1,17,19
5.54839,76,1,10,21,10,21,4
7.03226,92,1,9,5,9,3,17
3.16129,88,1,2,5
3.29032,84,1,2,16
3.93548,64,1,7,16
5.09677,90,1,22,2,18
2.90323,96,1,4,16
5.54839,76,1,16,7,2
4,62,1,1,6,21
5.67742,72,1,9,19,20
3.16129,88,1,17,1,13
5.03226,92,1,22,21,5
3.48387,78,1,1,20,17
3.48387,78,1,17,1,2
5.74194,70,1,16,18,10
7.67742,72,1,14,3,8,4
5.22581,86,1,4,13,11
9.87097,66,1,18,14,3,8,12
3.87097,66,1,7,9
7.87097,66,1,11,1,19,7,7,3
4.90323,96,1,4,2,17
4,62,1,9,6
7.48387,78,1,9,10,18,20
4,62,1,22,3
4.90323,96,1,18,13,11
3.87097,66,1,5,21
3.80645,68,1,17,18
3.67742,72,1,16,4
3.80645,68,1,16,20
4.45161,110,1,20,4,20,9
7.09677,90,1,3,11,10,21
3.74194,70,1,6,18
3.87097,66,1,12,10
7.09677,90,1,22,15,15,15,6,2
6.64516,104,1,1,3,5,9,2
3.80645,68,1,20,1,22
5.80645,68,1,7,18,9
5.54839,76,1,10,16,20
3.67742,72,1,17,17,16
5.41935,80,1,2,7,8
5.87097,66,1,19,6,22
5.80645,68,1,8,8,21,10
3.67742,72,1,4,3
3.67742,72,1,17,6
6,62,1,21,15,3
5.67742,72,1,10,16,6
5.09677,90,1,6,22,3
5.29032,84,1,3,9,21
3.93548,64,1,20,1,15
3.87097,66,1,4,20
7.35484,82,1,7,15,14,5
3.93548,64,1,4,12
7.48387,78,1,3,12,15,13
6,62,1,11,5,3
3.35484,82,1,17,17,12
3.80645,68,1,2,6
7.09677,90,1,7,21,18,2
5.03226,92,1,20,21,16
7.93548,64,1,21,19,18,7
7.35484,82,1,5,10,15,16
7.09677,90,1,11,15,16,14
5.41935,80,1,2,1,16,15
5.87097,66,1,11,6,13
7.22581,86,1,18,21,13,7
3.22581,86,1,20,16
5.22581,86,1,18,16,12
8.83871,98,1,1,11,3,20,2,16
5.22581,86,1,10,1,4,14
5.54839,76,1,16,11,13
5.74194,70,1,19,7,9
2.70968,102,1,12,6,1
5.35484,82,1,3,10,14
3.03226,92,1,20,5
5.35484,82,1,18,12,5
3.41935,80,1,10,13
3.54839,76,1,6,8
7.80645,68,1,14,12,13,21
7.16129,88,1,10,19,14,5
4.90323,96,1,21,11,17
5.54839,76,1,2,1,3,7
9.80645,68,1,12,14,18,19,22
9.22581,86,1,11,1,16,19,16,19,18,20
3.6129,74,1,10,2
4,62,1,9,6
5.80645,68,1,16,3,18
3.41935,80,1,17,8
6.51613,108,1,8,14,10,20
3.35484,82,1,13,11
5.48387,78,1,10,15,4
5.6129,74,1,20,20,21,3
3.93548,64,1,13,20
5.09677,90,1,22,8,6
3.54839,76,1,10,4
3.54839,76,1,13,3
3.41935,80,1,5,4
3.16129,88,1,17,11
5.80645,68,1,2,12,8
5.09677,90,1,9,12,17
5.93548,64,1,5,9,12
5.03226,92,1,4,6,2
7.48387,78,1,7,14,12,15
4.64516,104,1,4,1,16,1,17
3.03226,92,1,14,13,13,1
4.83871,98,1,18,5,21
4.32258,114,1,1,7,7,13,9
4,62,1,13,12
5.93548,64,1,1,9,1,22,22,6
3.6129,74,1,10,2
5.54839,76,1,8,10,1,5
5.93548,64,1,1,12,7,17
7.93548,64,1,5,16,14,18
5.29032,84,1,3,13,19
3.74194,70,1,17,10
5.6129,74,1,1,1,19,13,20
9.48387,78,1,14,14,12,3,11,15
5.29032,84,1,15,3,22
5.09677,90,1,3,16,6
5.29032,84,1,18,6,2
3.87097,66,1,22,10
5.54839,76,1,11,17,11,15
7.03226,92,1,18,1,11,16,6
3.48387,78,1,16,13
3.54839,76,1,4,8
5.48387,78,1,10,21,20
8.70968,102,1,8,19,18,14,6,1
5.16129,88,1,16,10,13
3.67742,72,1,17,5
3.87097,66,1,7,9
5.35484,82,1,21,4,11
3.35484,82,1,13,11
3.80645,68,1,7,10
7.93548,64,1,21,1,11,3,2
3.35484,82,1,13,19
5.87097,66,1,8,20,4
5.93548,64,1,9,11,22
7.09677,90,1,8,15,6,20
7.74194,70,1,3,9,16,18
7.74194,70,1,10,14,21,15
5.54839,76,1,4,6,22
4.51613,108,1,18,2,5
5.54839,76,1,22,19,5
3.87097,66,1,5,21
7.16129,88,1,8,21,8,6,17
3.93548,64,1,2,8
5.67742,72,1,19,17,16
5.93548,64,1,10,10,16,21
6,62,1,3,9,11
3.6129,74,1,10,20
5.80645,68,1,3,1,18,2
3.74194,70,1,7,5
2.77419,100,1,13,9
9.22581,86,1,19,5,9,16,7
5.74194,70,1,19,12,6
9.74194,70,1,1,8,14,12,11,16
6,62,1,11,10,3
5.48387,78,1,2,14,2,2,1,5
7.93548,64,1,19,18,11,14
5.6129,74,1,15,14,21,1
5.29032,84,1,2,4,8
3.67742,72,1,17,14
3.67742,72,1,17,5
3.22581,86,1,20,16
5.16129,88,1,2,3,16
7.80645,68,1,14,15,12,2
3.54839,76,1,13,15
7.29032,84,1,3,11,5,22
3.80645,68,1,6,14
3.09677,90,1,2,10
5.6129,74,1,22,19,10
5.41935,80,1,3,10,15
5.41935,80,1,22,17,8
9.16129,88,1,8,3,11,12,10
3.93548,64,1,20,15
3.35484,82,1,6,20
3.41935,80,1,1,17,8
3.54839,76,1,4,19
7.03226,92,1,1,14,3,20,19
5.67742,72,1,5,10,10,1,22
3.6129,74,1,5,2
5.80645,68,1,14,22,18,1
3.41935,80,1,5,4
7.16129,88,1,5,10,22,9
3.6129,74,1,13,22
3.93548,64,1,9,2
5.67742,72,1,9,17,6
7.80645,68,1,8,3,2,15
3.80645,68,1,4,22
3.48387,78,1,6,12
5.93548,64,1,15,8,21
3.54839,76,1,3,20,1
5.87097,66,1,8,1,17,22
4,62,1,22,20
5.48387,78,1,21,8,17
5.87097,66,1,19,4,21
7.29032,84,1,18,15,9,8
5.67742,72,1,3,15,10
8,62,1,21,14,3,19
7.48387,78,1,11,19,11,12,9
7.87097,66,1,3,19,8,5
5.29032,84,1,5,22,16
6,62,1,12,13,21
6,62,1,7,21,13
5.22581,86,1,22,21,9
7.74194,70,1,3,9,16,8
4.83871,98,1,19,5,2
5.54839,76,1,10,3,10,11
5.22581,86,1,22,1,5,15
3.67742,72,1,1,17,16
3.80645,68,1,17,21
5.29032,84,1,19,10,12
5.80645,68,1,11,7,16
7.29032,84,1,14,21,2,21,21,7,1
5.87097,66,1,19,1,13,13,4
3.80645,68,1,20,8
3.54839,76,1,9,12,1
3.35484,82,1,13,19
5.54839,76,1,16,5,1,7
4.77419,100,1,3,9,13
5.6129,74,1,5,18,17
4.96774,94,1,12,2,5
3.80645,68,1,20,8
5.54839,76,1,7,19,17
5.54839,76,1,16,21,6
3.54839,76,1,13,15
7.67742,72,1,14,8,18,14,20
5.67742,72,1,18,8,17
7.93548,64,1,14,18,17,7
3.80645,68,1,4,22
3.48387,78,1,4,4,4,17
5.67742,72,1,10,3,18
3.80645,68,1,20,18
6.96774,94,1,3,3,21,17,4
5.48387,78,1,5,18,6
3.80645,68,1,17,18
5.6129,74,1,2,7,17
5.6129,74,1,12,19,2
5.6129,74,1,16,3,15
3.80645,68,1,20,8
5.48387,78,1,5,19,5,18
5.74194,70,1,2,21,3
2.58065,106,1,13,5
7.29032,84,1,18,17,22,4
6.96774,94,1,19,18,15,17,1
3.80645,68,1,20,18
5.48387,78,1,10,22,2
5.93548,64,1,7,22,3
7.41935,80,1,14,12,2,6
5.87097,66,1,12,7,19
5.74194,70,1,1,5,11,21
5.74194,70,1,9,14,4
5.22581,86,1,21,6,20
6,62,1,9,12,3
5.54839,76,1,22,14,17
3.67742,72,1,4,3
5.93548,64,1,9,19,10
3.74194,70,1,9,13
3.67742,72,1,17,5
5.67742,72,1,15,14,1,3
7.54839,76,1,15,15,1,18,19,21
3.80645,68,1,16,2
7.80645,68,1,15,8,14,12
5.16129,88,1,9,12,6
6.45161,110,1,14,13,2,9
7.48387,78,1,16,9,10,18,9
5.03226,92,1,21,4,4,13,1
5.87097,66,1,2,20,4
3.35484,82,1,6,3
7.41935,80,1,21,22,18,6
4.90323,96,1,4,21,16
3.93548,64,1,13,21
3.67742,72,1,4,3
5.87097,66,1,8,12,17
5.29032,84,1,22,6,8
6,62,1,12,4,21
7.54839,76,1,14,15,19,4
4,62,1,1,13,1,14
3.74194,70,1,9,13
5.29032,84,1,5,8,11,5
3.54839,76,1,13,3
5.87097,66,1,4,4,21,14
4.90323,96,1,13,2,13,17
3.67742,72,1,17,17,16
4.90323,96,1,18,16,2
4,62,1,9,6
5.93548,64,1,12,14,17
7.41935,80,1,16,19,15,20
3.41935,80,1,13,18
3.80645,68,1,20,11
5.93548,64,1,16,8,7
3.29032,84,1,6,11
5.16129,88,1,7,4,19
6.83871,98,1,19,2,20,17
3.35484,82,1,13,8
3.80645,68,1,1,12,5
5.41935,80,1,14,2,17
7.48387,78,1,16,9,22,2
5.48387,78,1,7,2,14
4.32258,114,1,4,2,10
2.83871,98,1,4,9
3.48387,78,1,20,17
3.87097,66,1,2,11
3.29032,84,1,2,9
5.48387,78,1,14,4,19
3.93548,64,1,20,7
5.22581,86,1,17,17,22,13
5.54839,76,1,16,22,3
3.87097,66,1,4,20
3.54839,76,1,4,8
5.93548,64,1,17,7,15
2.64516,104,1,13,16
5.74194,70,1,9,14,4
5.93548,64,1,8,12,6
5.09677,90,1,16,19,16,2
5.48387,78,1,20,20,12,22
7.67742,72,1,8,12,13,12,22
4.64516,104,1,10,12,5
7.48387,78,1,2,13,4,14
5.6129,74,1,9,12,15
3.16129,88,1,2,5
3.22581,86,1,20,16
5.22581,86,1,22,8,2
3.16129,88,1,6,16
3.29032,84,1,17,13
4,62,1,15,5
7.41935,80,1,1,8,4,6,21
4.96774,94,1,21,6,9
5.35484,82,1,17,1,3,2
7.80645,68,1,10,9,1,19,22
5.16129,88,1,17,7,17,16
5.09677,90,1,11,17,3
5.29032,84,1,15,17,13
2.58065,106,1,13,5
3.6129,74,1,4,18
5.35484,82,1,19,17,12
4.96774,94,1,21,1,16,16,20
5.80645,68,1,21,19,10
3.22581,86,1,20,16
5.16129,88,1,16,3,6
5.22581,86,1,19,17,3
3.74194,70,1,9,13
5.93548,64,1,7,19,7,17
3.54839,76,1,13,3
3.80645,68,1,20,8
3.87097,66,1,2,11
5.22581,86,1,1,19,19,17,20
5.35484,82,1,6,7,12
4.77419,100,1,7,11,4
3.29032,84,1,13,17
4,62,1,12,17
9.16129,88,1,12,14,8,18,5
6,62,1,1,22,8,3
9.41936,80,1,16,1,10,5,16,9,22
5.80645,68,1,14,7,9
5.41935,80,1,10,7,2
4.77419,100,1,16,12,10
7.29032,84,1,9,14,3,20
5.93548,64,1,15,3,12
3.74194,70,1,11,2,1
3.74194,70,1,9,13
5.6129,74,1,3,15,5
3.67742,72,1,17,14
5.67742,72,1,14,4,15
5.93548,64,1,5,3,11
5.35484,82,1,13,2,22
8,62,1,18,22,21,12
5.74194,70,1,15,7,10
5.35484,82,1,7,13,7,2
7.93548,64,1,7,21,18,14
3.35484,82,1,5,13
6.70968,102,1,11,14,4,9
7.22581,86,1,8,3,4,11
7.35484,82,1,12,19,11,5
7.6129,74,1,9,8,14,4
6.51613,108,1,21,13,2,9
3.80645,68,1,4,14
5.03226,92,1,22,6,11
5.87097,66,1,18,19,20
5.67742,72,1,19,12,9
5.74194,70,1,5,1,18,6
5.87097,66,1,18,3,2
3.87097,66,1,4,7
5.93548,64,1,11,20,15
3.35484,82,1,17,2
6,62,1,21,11,3
3.87097,66,1,20,22
5.93548,64,1,21,15,20
5.29032,84,1,19,14,4,19
5.6129,74,1,19,13,20
3.35484,82,1,13,13,11
5.6129,74,1,7,18,20
4,62,1,20,3
5.35484,82,1,14,5,17
7.54839,76,1,11,12,22,4
4.96774,94,1,4,6,12
4,62,1,6,13
3.35484,82,1,5,13
3.93548,64,1,13,21
3.93548,64,1,22,9
3.87097,66,1,21,9
7.35484,82,1,19,16,11,10
7.6129,74,1,17,22,7,14
5.29032,84,1,5,8,4
5.87097,66,1,18,22,11
5.35484,82,1,11,13,17
6.70968,102,1,9,7,9,5,21
3.54839,76,1,13,15
5.48387,78,1,5,16,2
5.41935,80,1,18,16,7
7.09677,90,1,3,14,14,9,22
7.54839,76,1,17,1,11,8,12
5.67742,72,1,9,1,1,22,12
4,62,1,22,20
5.80645,68,1,7,8,8,21
7.67742,72,1,8,9,8,21,6
5.35484,82,1,22,14,10
5.35484,82,1,10,8,17
9.35484,82,1,7,22,15,14,15,13
5.74194,70,1,15,3,8,1
3.6129,74,1,4,18
4,62,1,15,5
5.29032,84,1,13,4,19
5.48387,78,1,1,18,10,8
5.09677,90,1,11,17,20
5.80645,68,1,10,17,21
5.6129,74,1,3,21,7,3
5.93548,64,1,14,21,16
5.29032,84,1,22,16,8
6.83871,98,1,11,8,10,20
3.29032,84,1,13,17
5.67742,72,1,8,8,10,3
6,62,1,11,5,3
9.22581,86,1,9,5,9,10,17,8
3.41935,80,1,5,4
6.32258,114,1,9,19,16,4
8,62,1,14,21,15,14,21,14,3
4.51613,108,1,21,13,5
7.48387,78,1,14,12,2,19
3.74194,70,1,7,5
7.74194,70,1,3,2,20,4
5.6129,74,1,1,14,20,22
5.35484,82,1,7,3,2
3.87097,66,1,12,10
6,62,1,16,5,14
7.35484,82,1,8,15,11,5
7.22581,86,1,19,11,5,18
5.48387,78,1,7,18,13
5.93548,64,1,3,18,5
3.74194,70,1,20,19
5.87097,66,1,16,21,15
5.93548,64,1,8,2,14
5.80645,68,1,22,18,17
4,62,1,20,3
5.03226,92,1,2,22,9
7.35484,82,1,9,15,17,18
7.54839,76,1,9,8,19,17
2.77419,100,1,4,10
4,62,1,1,6,21
5.48387,78,1,21,8,17
5.67742,72,1,3,20,11
5.93548,64,1,7,22,20
5.54839,76,1,10,22,8
7.03226,92,1,1,5,1,3,20,11
5.16129,88,1,15,11,2
6.83871,98,1,8,8,5,16,2
9.67742,72,1,9,10,19,15,19,19,22
5.54839,76,1,19,11,17
3.67742,72,1,17,6
5.54839,76,1,3,15,3,1,1,20
3.93548,64,1,22,11
5.67742,72,1,19,11,4
9.22581,86,1,1,3,19,11,8,20
3.93548,64,1,12,16
5.22581,86,1,15,20,22
3.54839,76,1,3,22,22,1
9.6129,74,1,8,16,10,9,15
5.54839,76,1,8,4,18
5.16129,88,1,5,7,13
5.67742,72,1,12,7,4
5.29032,84,1,7,20,3
3.93548,64,1,5,12
7.54839,76,1,11,16,9,8,16
5.67742,72,1,12,12,13,22
8,62,1,3,15,18,8
7.80645,68,1,3,18,14,18,10
5.35484,82,1,3,6,17
3.6129,74,1,13,22
3.41935,80,1,1,17,4
5.6129,74,1,16,12,18
3.87097,66,1,4,1,12
7.93548,64,1,11,18,8,22
7.48387,78,1,14,18,11,2
3.35484,82,1,17,12
5.87097,66,1,22,19,7
5.93548,64,1,21,13,12
6,62,1,7,15,16
3.93548,64,1,21,12,1
5.41935,80,1,18,20,14
5.48387,78,1,19,12,12,5
4,62,1,22,13
5.54839,76,1,9,16,13
5.16129,88,1,2,14,9
5.74194,70,1,6,7,18
5.74194,70,1,14,4,22
3.93548,64,1,20,15
4.19355,118,1,7,13,16
7.67742,72,1,14,8,8,15,14,8,18
3.03226,92,1,20,10
5.54839,76,1,14,16,15
4.96774,94,1,20,21,9
6,62,1,21,6,7
7.35484,82,1,10,18,18,15,11
3.41935,80,1,5,4
6.58065,106,1,1,1,14,18,20,9
3.22581,86,1,20,16
5.87097,66,1,14,11,2
4.96774,94,1,20,4,19
9.48387,78,1,5,9,11,8,22
6,62,1,21,17,22
5.09677,90,1,6,4,18
5.6129,74,1,3,21,21,9
5.6129,74,1,1,15,14,10
3.6129,74,1,4,18
3.6129,74,1,10,10,20
5.6129,74,1,21,8,20
9.29032,84,1,5,16,15,7,4
5.74194,70,1,12,19,17
5.35484,82,1,9,11,9,20
7.03226,92,1,19,8,14,4,19
3.67742,72,1,17,14
3.87097,66,1,1,2,11
5.29032,84,1,14,5,18
7.67742,72,1,3,14,15,10
3.67742,72,1,17,14
2.58065,106,1,13,5
3.87097,66,1,2,18
5.74194,70,1,7,1,3,20
5.22581,86,1,5,22,20
3.54839,76,1,4,4,8
5.35484,82,1,5,5,22,4
5.74194,70,1,1,9,17,17,10
5.35484,82,1,5,18,4
5.67742,72,1,18,11,15
4,62,1,20,14
5.67742,72,1,15,8,16
5.93548,64,1,7,13,4
5.6129,74,1,22,17,9
5.48387,78,1,7,13,20
3.03226,92,1,20,10
5.6129,74,1,3,6,13
5.87097,66,1,2,21,18
2.96774,94,1,21,17,1
5.41935,80,1,12,6,15
4.45161,110,1,18,20,10
3.35484,82,1,6,20
3.54839,76,1,10,4
5.74194,70,1,14,14,12,16
3.03226,92,1,20,10
3.09677,90,1,6,9
3.87097,66,1,2,11
3.93548,64,1,20,7
6.58065,106,1,8,18,20,16
5.74194,70,1,21,3,2
4.45161,110,1,4,6,5
3.80645,68,1,4,22
3.6129,74,1,10,20
7.29032,84,1,10,10,16,22,3
5.87097,66,1,11,6,15
7.35484,82,1,11,13,2,15
5.6129,74,1,3,20,19
5.6129,74,1,10,18,6
5.16129,88,1,17,15,20
4.45161,110,1,15,4,16
5.67742,72,1,7,7,14,17
3.80645,68,1,10,6
5.48387,78,1,21,8,17
5.41935,80,1,15,16,8
3.67742,72,1,13,7
3.87097,66,1,7,9
3.54839,76,1,5,20
5.74194,70,1,21,11,9
3.87097,66,1,22,10
5.29032,84,1,18,13,18,9
5.41935,80,1,9,21,11
