3.93548,64,10,3,4
5.6129,74,10,22,7,9
6,62,10,1,3,22
4.70968,102,10,19,4,1
7.87097,66,10,15,22,19,19,3
5.80645,68,10,18,20,2
3.74194,70,10,6,15
5.09677,90,10,7,19,20
3.87097,66,10,7,3
5.87097,66,10,9,5,20
2,62,10,13
2,62,10,13
4.12903,120,10,18,9,10,13
6,62,10,9,5,6
9.74194,70,10,5,9,1,22,14
4.96774,94,10,14,6,8
3.87097,66,10,17,13
7.80645,68,10,15,22,18,3
3.29032,84,10,20,7
7.6129,74,10,19,18,18,22,22,12
5.80645,68,10,8,19,6
5.93548,64,10,8,12,13
7.80645,68,10,22,7,14,11
5.6129,74,10,21,19,1
5.09677,90,10,19,17,4
5.03226,92,10,21,22,5
5.67742,72,10,21,12,20
3.87097,66,10,6,4
2,62,10,13
5.16129,88,10,15,16,22
5.74194,70,10,10,17,22,11
3.74194,70,10,6,15
5.41935,80,10,16,9,7,16
4,62,10,22,16
5.41935,80,10,19,12,6
5.29032,84,10,5,20,14
6.90323,96,10,1,11,16,4
5.03226,92,10,14,20,8
4.96774,94,10,14,4,19
6.90323,96,10,9,14,6,12
2,62,10,13
5.87097,66,10,16,14,17
4,62,10,7,12
3.35484,82,10,6,10,15
3.80645,68,10,6,22
2.32258,114,10,4,9
3.93548,64,10,8,17
2.83871,98,10,4,4,11
7.16129,88,10,10,18,15,17,4
4,62,10,1,17
3.87097,66,10,17,13
7.54839,76,10,16,15,17,18
3.09677,90,10,2,6
3.09677,90,10,2,6
7.48387,78,10,16,5,7,8
3.87097,66,10,22,11
4.51613,108,10,14,2,16
5.93548,64,10,17,18,18,8
5.80645,68,10,5,8,8,17
9.16129,88,10,1,19,21,14,16
3.03226,92,10,4,8
5.54839,76,10,1,22,2
6.70968,102,10,9,15,1,4
3.93548,64,10,10,14,13
3.93548,64,10,14,16
5.22581,86,10,15,3,15,16
5.80645,68,10,19,8,19,20
6,62,10,12,14,8
2,62,10,13
2,62,10,13
3.87097,66,10,12,7
3.16129,88,10,21,5
7.41935,80,10,19,3,1,21
3.93548,64,10,18,13
3.35484,82,10,20,3
3.16129,88,10,21,5
7.74194,70,10,19,11,1,12
5.87097,66,10,18,4,13
2.3871,112,10,4,16
7.29032,84,10,5,18,12,6
5.03226,92,10,8,2,1
3.16129,88,10,10,14,12,10
3.87097,66,10,7,20
3.41935,80,10,4,12
3.22581,86,10,2,8
5.93548,64,10,18,10,15,7
5.35484,82,10,18,9,15
5.6129,74,10,21,19,1
5.93548,64,10,21,14,3
3.22581,86,10,4,4,4,15
3.87097,66,10,22,11
5.74194,70,10,18,18,15,5
3.93548,64,10,19,18,10
3.80645,68,10,6,22
3.16129,88,10,2,19
7.29032,84,10,5,9,5,16,10,9,13
5.35484,82,10,3,12,17
3.93548,64,10,3,9
3.74194,70,10,6,13
5.29032,84,10,1,7,9
2,62,10,13
2.90323,96,10,20,6
4,62,10,3,7
4,62,10,5,4
3.67742,72,10,2,21
2.83871,98,10,20,17
5.80645,68,10,18,8,9
5.74194,70,10,11,18,8,11
6.45161,110,10,8,1,5,6
3.80645,68,10,6,22
3.16129,88,10,2,19
5.93548,64,10,7,14,12
3.93548,64,10,19,13
4.06452,122,10,12,13,5
7.80645,68,10,5,8,22,18
6,62,10,3,12,12,13
4,62,10,8,6
5.48387,78,10,10,15,12,7
3.74194,70,10,17,1
5.35484,82,10,12,8,7
5.87097,66,10,1,1,11,17
3.09677,90,10,6,3
5.87097,66,10,1,19,2
3.35484,82,10,6,19
6.96774,94,10,9,19,17,2
3.93548,64,10,5,13
5.87097,66,10,18,12,15
5.54839,76,10,8,8,18,8,10,14
2.19355,118,10,1,4,10
4.77419,100,10,17,6,16
3.93548,64,10,10,3,4
3.80645,68,10,11,17
5.80645,68,10,7,22,2
5.87097,66,10,11,9,19
2,62,10,13
5.67742,72,10,14,15,3
5.67742,72,10,15,3,14
8.90323,96,10,19,8,3,1,4
5.93548,64,10,5,18,20
5.48387,78,10,15,3,18
7.6129,74,10,16,17,21,22
3.54839,76,10,19,10,6
2.51613,108,10,4,10,6
3.93548,64,10,4,13
4,62,10,21,13
2.96774,94,10,4,17
5.16129,88,10,1,9,13
6,62,10,17,21,7
2.19355,118,10,4,5
2.58065,106,10,2,16
3.93548,64,10,17,12
3.09677,90,10,2,1
5.80645,68,10,1,22,6
4,62,10,7,12
5.6129,74,10,8,11,18,18,8
3.41935,80,10,2,14
7.48387,78,10,19,15,7,9
3.93548,64,10,4,13
5.54839,76,10,17,7,16
3.48387,78,10,12,6
5.22581,86,10,21,20,3
2,62,10,13
3.22581,86,10,11,10,13
3.93548,64,10,22,3
5.6129,74,10,1,16,21
5.03226,92,10,22,8,4
2,62,10,13
5.80645,68,10,9,10,3,22
3.6129,74,10,14,11,10
5.93548,64,10,1,12,4
3.16129,88,10,10,4,3
5.29032,84,10,19,11,6
5.6129,74,10,11,20,21
7.29032,84,10,16,3,19,2
2,62,10,13
3.6129,74,10,4,6
5.93548,64,10,9,3,16
2.96774,94,10,4,17
7.03226,92,10,10,5,18,6,19
5.67742,72,10,15,3,1
4,62,10,17,4
7.09677,90,10,15,14,22,3
4,62,10,21,6
5.29032,84,10,14,4,14,2
4,62,10,8,4
4,62,10,16,4
5.6129,74,10,8,7,4
3.6129,74,10,7,9
3.29032,84,10,10,4,22
3.03226,92,10,6,11
2.58065,106,10,2,16
3.09677,90,10,2,6
7.48387,78,10,11,19,19,14,13
5.74194,70,10,10,3,21,2
3.80645,68,10,17,20
7.87097,66,10,1,12,13,4
3.22581,86,10,21,8,10
3.87097,66,10,3,13
3.87097,66,10,21,17
5.6129,74,10,1,5,10,3
4.90323,96,10,16,6,11
5.67742,72,10,7,19,22
6,62,10,17,15,8
3.93548,64,10,22,13
3.93548,64,10,22,13
2.45161,110,10,2,5
6,62,10,5,12,18
3.41935,80,10,2,3
2,62,10,13
3.16129,88,10,2,18
5.09677,90,10,17,5,14
5.93548,64,10,21,20,21,10,9
5.35484,82,10,12,2,3
6.70968,102,10,9,14,20,17
3.35484,82,10,6,19
5.03226,92,10,10,19,6,8
7.54839,76,10,19,1,8,8,16
3.41935,80,10,2,7
2.70968,102,10,6,5
5.74194,70,10,21,7,6
5.29032,84,10,11,12,16
3.87097,66,10,8,13
3.09677,90,10,20,19
5.93548,64,10,7,18,8
7.22581,86,10,17,16,9,3
5.74194,70,10,19,14,5
5.67742,72,10,21,12,20
5.48387,78,10,14,3,4
4.64516,104,10,9,2,16
2,62,10,13
4.77419,100,10,17,5,21
5.67742,72,10,21,21,12,20
5.16129,88,10,15,20,15,11
4.77419,100,10,8,20,6
5.54839,76,10,15,17,14
5.6129,74,10,16,8,18,10
5.74194,70,10,9,5,5,4
3.29032,84,10,4,22
5.41935,80,10,16,6,14
4.90323,96,10,15,15,9,9,7
4.25806,116,10,8,20,5
6.77419,100,10,9,7,17,1
3.67742,72,10,7,7,16
3.93548,64,10,14,13
5.67742,72,10,22,15,5
3.54839,76,10,20,13
5.6129,74,10,16,5,10,20
5.48387,78,10,14,7,11
7.41936,80,10,15,15,22,6,14
2,62,10,13
3.03226,92,10,10,4,8
3.48387,78,10,7,5
3.93548,64,10,10,12,15
3.80645,68,10,10,17,20
5.22581,86,10,16,12,17
3.22581,86,10,10,2,8
5.87097,66,10,5,3,22
3.87097,66,10,7,20
7.74194,70,10,5,10,12,20,12,3
5.80645,68,10,12,19,8
6,62,10,14,22,18
3.29032,84,10,4,14
3.87097,66,10,11,11,6
7.35484,82,10,19,9,16,3
4,62,10,21,3
3.16129,88,10,20,8
3.74194,70,10,17,1
2.3871,112,10,4,4,16
3.6129,74,10,7,9
3.93548,64,10,15,9,10
2.90323,96,10,6,16
5.80645,68,10,5,12,4
5.48387,78,10,3,18,16
2.19355,118,10,4,5
5.35484,82,10,11,22,2
5.16129,88,10,9,2,1
5.03226,92,10,15,11,20
2.45161,110,10,2,5
3.16129,88,10,20,8
7.67742,72,10,5,15,18,6
3.74194,70,10,6,21
4.51613,108,10,19,2,9
5.09677,90,10,12,20,18
12,62,10,5,11,19,19,15,7,22
7.93548,64,10,9,18,15,15,3
6,62,10,9,2,20
8.90323,96,10,9,5,16,11,9,21
4,62,10,8,6
3.87097,66,10,7,13
5.03226,92,10,8,9,12
5.41935,80,10,1,3,18,10
3.93548,64,10,10,2,10,16
5.6129,74,10,19,2,4
4.70968,102,10,18,16,20
3.87097,66,10,9,10,13
5.41935,80,10,17,18,5
5.80645,68,10,8,1,7
3.80645,68,10,11,17
3.87097,66,10,6,7
2,62,10,13
3.29032,84,10,20,15
5.03226,92,10,7,17,2
3.03226,92,10,6,1
3.03226,92,10,20,1
5.80645,68,10,8,19,2
5.74194,70,10,18,21,21,19,18
9.29032,84,10,9,19,7,21,1
5.67742,72,10,7,22,20
3.16129,88,10,20,8
3.80645,68,10,7,11
5.93548,64,10,15,22,16
2,62,10,13
3.93548,64,10,3,16
6,62,10,18,12,13
5.29032,84,10,8,20,8,22
5.54839,76,10,11,5,19
3.93548,64,10,10,14,13
3.22581,86,10,4,15
5.29032,84,10,21,20,20,4
5.41935,80,10,3,12,6
3.93548,64,10,22,13
6,62,10,17,14,21
5.48387,78,10,1,2,22
5.29032,84,10,15,3,20
3.93548,64,10,14,9
7.80645,68,10,9,8,12,11
5.35484,82,10,11,2,22
5.16129,88,10,19,16,12
5.54839,76,10,21,21,15,18,18,21
5.6129,74,10,15,14,13
4,62,10,14,17
2,62,10,13
7.41935,80,10,17,21,21,15,8
5.80645,68,10,19,1,21
5.22581,86,10,9,6,2
3.41935,80,10,2,14
5.93548,64,10,18,17,22
3.74194,70,10,10,14,5
5.87097,66,10,22,21,20
3.87097,66,10,7,3
5.09677,90,10,21,20,22
4,62,10,8,8,6
2.58065,106,10,2,16
5.6129,74,10,3,14,6
5.09677,90,10,12,2,19
5.29032,84,10,8,20,8,16
5.54839,76,10,12,19,1
5.80645,68,10,8,7,19
6,62,10,3,1,9
5.74194,70,10,12,2,13
3.67742,72,10,7,10,22
7.48387,78,10,18,8,14,17
3.16129,88,10,2,11
5.09677,90,10,15,9,17
2.45161,110,10,2,5
5.93548,64,10,3,1,19
5.93548,64,10,16,15,9
3.74194,70,10,22,5
5.35484,82,10,12,3,16
5.6129,74,10,21,19,1
7.67742,72,10,9,12,18,8
3.87097,66,10,6,7
3.87097,66,10,12,7
3.87097,66,10,10,12,12,7
4.96774,94,10,11,7,7,11,4
5.03226,92,10,19,2,1
2,62,10,13
5.54839,76,10,1,2,7
2,62,10,13
4.70968,102,10,1,6,11
2.90323,96,10,22,10,13
2,62,10,13
7.74194,70,10,5,19,3,15
5.80645,68,10,10,5,19,13
4,62,10,21,13
5.74194,70,10,8,11,2
3.54839,76,10,20,13
3.6129,74,10,4,2
3.09677,90,10,6,20
5.87097,66,10,5,1,17
3.93548,64,10,14,13
3.87097,66,10,7,13
5.6129,74,10,19,11,22
4,62,10,1,13
5.87097,66,10,8,7,17
3.54839,76,10,6,14
5.54839,76,10,18,22,5
5.09677,90,10,5,2,1
5.16129,88,10,10,1,6,17
2,62,10,13
7.67742,72,10,19,18,17,22
4.51613,108,10,8,2,16
3.74194,70,10,14,5
7.67742,72,10,5,19,22,4
4.19355,118,10,8,5,4
3.87097,66,10,15,5
5.80645,68,10,14,21,11
2.58065,106,10,10,2,16
3.67742,72,10,2,21
5.80645,68,10,14,3,21
6,62,10,8,11,5
6.58065,106,10,19,19,1,16,6
5.54839,76,10,11,11,18,5
3.22581,86,10,20,22
7.41935,80,10,18,22,17,16
3.22581,86,10,6,12
7.29032,84,10,19,21,7,1
5.29032,84,10,17,5,18
3.93548,64,10,5,13
3.09677,90,10,6,3
5.48387,78,10,12,20,20,13
5.93548,64,10,8,21,21,13
3.03226,92,10,6,11
5.09677,90,10,18,21,5
4,62,10,1,13
7.29032,84,10,9,19,12,17
3.67742,72,10,2,12
5.74194,70,10,3,8,5
5.16129,88,10,5,21,9
3.93548,64,10,15,13
5.93548,64,10,14,18,16
3.16129,88,10,4,3
5.6129,74,10,21,18,21,2
3.48387,78,10,7,5
3.74194,70,10,17,1
3.93548,64,10,14,9
5.80645,68,10,5,8,17
3.87097,66,10,10,6,7
5.03226,92,10,9,6,6,3
3.6129,74,10,20,20,21
3.6129,74,10,20,20,21
5.67742,72,10,15,14,17
6,62,10,5,3,20
2.25806,116,10,18,20,10
5.54839,76,10,15,1,19
5.35484,82,10,1,21,16
3.29032,84,10,6,2
5.74194,70,10,8,8,16,1
3.93548,64,10,22,20
2.90323,96,10,20,6
3.16129,88,10,21,21,5
3.93548,64,10,17,2
5.6129,74,10,12,2,21
5.74194,70,10,19,12,22
5.87097,66,10,11,8,20
5.80645,68,10,3,18,8
3.93548,64,10,11,4
3.35484,82,10,21,9
5.03226,92,10,3,2,1
5.87097,66,10,19,1,12
5.41935,80,10,11,2,3
5.16129,88,10,15,17,13
5.03226,92,10,21,22,5
7.67742,72,10,18,19,1,16
7.29032,84,10,9,14,20,4
3.22581,86,10,6,12
3.87097,66,10,10,15,5
5.29032,84,10,14,12,9
3.93548,64,10,5,5,13
4.45161,110,10,2,10,5,6
5.6129,74,10,1,20,13
5.35484,82,10,19,2,14
3.67742,72,10,7,16
5.74194,70,10,19,3,22
5.74194,70,10,16,12,15
3.93548,64,10,17,17,12
3.87097,66,10,22,1
3.41935,80,10,12,9
3.74194,70,10,6,15
8,62,10,16,3,8,12
6,62,10,3,1,9
6.90323,96,10,19,12,3,17
5.16129,88,10,19,20,15
3.87097,66,10,22,9
3.29032,84,10,6,8
5.6129,74,10,21,19,1
4.96774,94,10,15,16,7
5.03226,92,10,11,15,11,4
3.87097,66,10,12,1
4,62,10,1,17
9.93548,64,10,9,9,16,11,8,8,11,15
3.74194,70,10,21,10,8
5.22581,86,10,21,2,15
4,62,10,22,16
7.48387,78,10,9,15,12,1
7.67742,72,10,3,1,8,18
3.09677,90,10,20,19
3.74194,70,10,22,5
3.48387,78,10,6,18
4.90323,96,10,21,8,13
3.35484,82,10,21,9
5.03226,92,10,14,2,1
2.58065,106,10,20,9
7.41935,80,10,5,14,7,20
3.80645,68,10,14,14,10,10,22
2,62,10,13
6,62,10,19,18,9
3.87097,66,10,7,20
4,62,10,5,4
3.48387,78,10,12,6
6,62,10,10,1,22,18
4,62,10,12,12,11
5.09677,90,10,10,11,16,6
7.80645,68,10,3,8,1,8,12
4,62,10,21,6
5.09677,90,10,19,17,8
3.03226,92,10,4,8
3.93548,64,10,22,20
3.87097,66,10,17,13
2.90323,96,10,10,7,10,10,4
5.35484,82,10,17,18,2
4,62,10,14,17
5.35484,82,10,11,7,20
5.93548,64,10,15,17,7
5.6129,74,10,5,6,13
7.22581,86,10,18,14,4,22
3.93548,64,10,17,12
4.32258,114,10,15,4,16
5.54839,76,10,14,19,20
3.74194,70,10,6,13
3.93548,64,10,20,20,2
3.48387,78,10,12,6
5.74194,70,10,12,12,14,11
7.93548,64,10,16,8,19,9
7.29032,84,10,9,19,7,22,10
3.80645,68,10,11,17
2,62,10,13
6,62,10,15,19,7
2,62,10,13
2.3871,112,10,10,4,16
5.03226,92,10,21,4,19
3.87097,66,10,6,7
7.80645,68,10,5,15,22,15,11
6,62,10,22,19,15
3.74194,70,10,6,15
3.48387,78,10,7,5
7.35484,82,10,9,18,11,7
5.41935,80,10,16,3,17
4,62,10,1,17
3.93548,64,10,15,13
2.77419,100,10,4,10,21
5.54839,76,10,1,22,12
3.22581,86,10,6,12
5.41935,80,10,1,14,1,17
5.03226,92,10,21,2,1
5.93548,64,10,1,10,8,12
2,62,10,10,13
4,62,10,7,2
5.74194,70,10,18,14,5
5.74194,70,10,21,2,13
2.3871,112,10,4,16
5.22581,86,10,22,10,11,15
3.29032,84,10,20,7
2.90323,96,10,20,6
5.29032,84,10,10,19,6,14
4.90323,96,10,9,13,18
3.22581,86,10,2,8
3.93548,64,10,7,10,17
3.41935,80,10,2,7
3.87097,66,10,12,1
5.74194,70,10,1,10,9,6
5.09677,90,10,9,21,5
3.48387,78,10,6,17
6,62,10,1,8,4
5.22581,86,10,12,18,6
2.90323,96,10,6,16
2,62,10,13
7.41935,80,10,9,5,5,7,1
5.74194,70,10,3,18,12
5.93548,64,10,11,1,20
4.90323,96,10,3,3,20,1
2.32258,114,10,4,9
2,62,10,13
5.22581,86,10,14,22,5
4,62,10,5,4
5.54839,76,10,22,12,2
3.41935,80,10,12,9
5.03226,92,10,14,4,18
3.93548,64,10,12,15
3.03226,92,10,4,10,3
5.74194,70,10,22,12,3
4.77419,100,10,15,3,17
2.90323,96,10,20,6
3.35484,82,10,21,9
2,62,10,13
4.45161,110,10,8,5,10,6
3.16129,88,10,4,3
3.35484,82,10,4,20
3.87097,66,10,12,7
7.93548,64,10,18,15,15,19,1
2.90323,96,10,6,16
5.80645,68,10,18,6,18,22
7.09677,90,10,5,11,22,1
3.03226,92,10,6,11
7.35484,82,10,1,15,21,11
3.80645,68,10,3,5
7.41935,80,10,5,1,22,4
3.41935,80,10,21,16
5.03226,92,10,15,3,5
3.80645,68,10,6,22
3.87097,66,10,7,3
7.6129,74,10,5,21,15,21,18
5.35484,82,10,19,16,7
3.87097,66,10,3,13
4.83871,98,10,21,4,11
3.93548,64,10,14,13
7.16129,88,10,14,14,19,18,13
3.35484,82,10,20,14
3.80645,68,10,17,20
5.93548,64,10,9,19,18,9
5.87097,66,10,12,3,1
5.48387,78,10,11,11,18,20
4.83871,98,10,15,9,12
4.45161,110,10,15,20,9
6.90323,96,10,5,18,11,6
7.93548,64,10,9,16,16,12,8
3.93548,64,10,2,20
5.35484,82,10,17,9,18
5.6129,74,10,1,20,1,5
5.54839,76,10,22,4,6
3.48387,78,10,7,5
5.16129,88,10,16,20,22
5.16129,88,10,17,19,20
3.22581,86,10,12,5
5.67742,72,10,15,7,9
3.93548,64,10,22,3
3.87097,66,10,11,6
5.29032,84,10,17,9,17,5
3.93548,64,10,18,13
3.6129,74,10,4,21
3.87097,66,10,22,1
5.87097,66,10,15,22,13
4,62,10,8,4
7.29032,84,10,19,22,18,5
2.25806,116,10,15,20,10
3.93548,64,10,12,15
5.41935,80,10,22,14,13
4,62,10,8,10,3
7.74194,70,10,19,3,8,16
5.87097,66,10,17,14,15
3.03226,92,10,4,4,19
5.67742,72,10,11,2,4
4.90323,96,10,19,4,17
3.93548,64,10,14,16
5.09677,90,10,5,2,1
3.93548,64,10,5,13
5.48387,78,10,19,19,6,6,13
3.29032,84,10,20,10,8
2.90323,96,10,20,6
5.48387,78,10,11,7,12
5.22581,86,10,9,9,12,5
5.29032,84,10,7,17,9
4.83871,98,10,15,12,5
3.35484,82,10,20,14
5.74194,70,10,5,6,7
3.03226,92,10,4,8
4,62,10,12,11
3.16129,88,10,21,5
11.5484,76,10,5,1,16,9,11,14
5.6129,74,10,14,15,9
3.93548,64,10,8,17
5.67742,72,10,11,2,21
4.32258,114,10,16,20,5
5.22581,86,10,18,5,17
5.54839,76,10,9,17,3
5.16129,88,10,8,20,7
5.48387,78,10,3,8,13
2,62,10,13
4,62,10,7,4
2,62,10,13
6,62,10,5,12,18
3.03226,92,10,4,8
9.29032,84,10,16,5,14,8,22
3.93548,64,10,17,2
3.93548,64,10,8,17
6,62,10,8,12,20
7.41935,80,10,8,8,14,3,9
2,62,10,13
5.67742,72,10,18,6,4
7.22581,86,10,19,22,14,17
3.93548,64,10,5,13
5.87097,66,10,16,21,3
5.93548,64,10,18,21,3
3.93548,64,10,22,20
2.83871,98,10,20,17
3.74194,70,10,6,15
2.58065,106,10,2,10,10,6
3.22581,86,10,18,12,10
2,62,10,13
2,62,10,13
5.48387,78,10,1,2,22
4.83871,98,10,12,13,19
3.87097,66,10,6,4
4,62,10,21,13
3.41935,80,10,2,14
5.6129,74,10,1,3,18,1
2.3871,112,10,20,5
5.22581,86,10,15,4,22
8,62,10,11,1,14,22
7.80645,68,10,22,7,14,11
3.35484,82,10,20,14
3.35484,82,10,12,16
7.54839,76,10,1,1,15,22,2
5.67742,72,10,16,12,12,7
5.93548,64,10,18,15,9
5.74194,70,10,17,6,4
3.74194,70,10,22,5
5.29032,84,10,19,11,6
5.35484,82,10,5,22,19,5
7.29032,84,10,18,15,12,22
3.93548,64,10,12,4
5.80645,68,10,3,18,8
3.93548,64,10,22,20
5.67742,72,10,18,8,5
5.35484,82,10,12,18,16
3.67742,72,10,7,10,22
5.6129,74,10,16,10,6,7
5.87097,66,10,1,22,19
3.54839,76,10,6,14
3.87097,66,10,3,13
3.09677,90,10,4,18
2,62,10,13
5.29032,84,10,12,19,9
3.80645,68,10,21,1
3.16129,88,10,2,11
3.93548,64,10,3,3,22
2,62,10,13
5.74194,70,10,16,1,17
7.74194,70,10,18,21,14,1
3.03226,92,10,10,11,21,10
7.87097,66,10,1,8,14,13
3.74194,70,10,6,21
4,62,10,3,7
4,62,10,1,13
3.41935,80,10,19,17,10
5.35484,82,10,1,20,7
7.22581,86,10,5,1,2,8
5.87097,66,10,19,3,20
3.22581,86,10,10,2,8
4,62,10,8,4
3.09677,90,10,20,19
3.80645,68,10,6,22
5.16129,88,10,10,3,15,16
4.96774,94,10,1,5,5,20
4.77419,100,10,10,21,12,12,5
5.87097,66,10,14,15,6
5.87097,66,10,1,22,14
5.80645,68,10,16,19,13
5.35484,82,10,22,12,4
3.03226,92,10,4,8
7.41935,80,10,15,14,19,17
5.54839,76,10,21,12,21,6
5.6129,74,10,1,15,15,11
3.16129,88,10,2,18
3.87097,66,10,8,10,7
9.74194,70,10,1,8,11,19,21
5.41935,80,10,15,6,17
5.03226,92,10,15,4,18
5.67742,72,10,19,16,8
3.48387,78,10,6,17
3.41935,80,10,21,16
5.93548,64,10,19,12,11
3.48387,78,10,6,17
5.6129,74,10,19,6,4
5.03226,92,10,8,9,12
9.16129,88,10,5,16,18,11,2
3.93548,64,10,3,22
3.35484,82,10,20,14
3.74194,70,10,6,13
5.93548,64,10,19,8,5
5.09677,90,10,9,13,14
9.74194,70,10,22,15,7,21,19
3.29032,84,10,4,14
4,62,10,17,8
3.93548,64,10,4,13
5.29032,84,10,11,5,5,22
7.41935,80,10,14,7,15,9
3.93548,64,10,20,2
5.48387,78,10,12,2,12,11
5.67742,72,10,3,11,11,15
2,62,10,13
5.03226,92,10,9,13,3
4,62,10,7,12
5.54839,76,10,14,6,7
6.3871,112,10,9,5,5,7,5,5,13
3.22581,86,10,2,8
5.09677,90,10,7,19,20
3.80645,68,10,12,22
3.41935,80,10,21,21,16
4.96774,94,10,15,15,17,22,10
5.74194,70,10,8,21,1
3.41935,80,10,2,7
3.35484,82,10,19,10,2
5.03226,92,10,17,19,13
3.03226,92,10,6,1
7.87097,66,10,3,11,1,16
4.64516,104,10,17,17,9,6
5.03226,92,10,15,4,18
4,62,10,11,13
7.35484,82,10,18,19,15,13
5.6129,74,10,1,15,16
3.29032,84,10,20,15
7.6129,74,10,11,8,21,14,11
3.41935,80,10,12,17
3.29032,84,10,1,22,10
2.83871,98,10,20,17
5.87097,66,10,5,8,4
5.80645,68,10,19,7,4
6,62,10,10,18,12,19
5.93548,64,10,17,15,12
3.41935,80,10,20,4
3.29032,84,10,20,7
5.74194,70,10,9,21,11
5.29032,84,10,17,14,13
5.93548,64,10,1,14,17
3.09677,90,10,2,6
4.58065,106,10,17,5,6
5.35484,82,10,11,9,21
2,62,10,13
5.29032,84,10,7,15,17,10
7.03226,92,10,16,19,12,5
5.54839,76,10,17,17,15,5
3.74194,70,10,6,21
7.22581,86,10,9,1,20,8
7.6129,74,10,16,7,21,6
3.29032,84,10,20,7
3.93548,64,10,12,4
3.67742,72,10,2,21
7.29032,84,10,8,9,5,11
3.41935,80,10,20,10,11
5.87097,66,10,14,22,19
5.09677,90,10,7,10,1,10,22
3.03226,92,10,20,1
3.29032,84,10,10,6,8
5.54839,76,10,12,19,12,18
5.09677,90,10,15,8,13
3.48387,78,10,7,7,5
5.6129,74,10,11,19,19,20
3.87097,66,10,6,4
3.35484,82,10,4,7
4.45161,110,10,15,16,15,16,2
3.80645,68,10,6,22
5.93548,64,10,1,11,6
3.93548,64,10,3,22
5.93548,64,10,19,9,1
3.35484,82,10,21,9
2.19355,118,10,4,5
3.93548,64,10,19,13
7.29032,84,10,5,19,9,9,17
3.03226,92,10,20,1
5.67742,72,10,8,12,22
5.22581,86,10,17,10,18,18,2
3.41935,80,10,20,4
5.41935,80,10,12,3,7
5.29032,84,10,1,2,11
5.74194,70,10,22,17,18
3.41935,80,10,4,12
2.70968,102,10,6,5
2,62,10,13
3.41935,80,10,2,14
7.48387,78,10,5,1,15,9
4,62,10,1,1,13
3.93548,64,10,10,2,20
3.03226,92,10,6,1
3.48387,78,10,7,5
5.54839,76,10,14,7,20
4,62,10,8,4
5.54839,76,10,1,4,2
6.96774,94,10,5,15,8,13
4.96774,94,10,14,6,8
5.48387,78,10,21,18,3
5.48387,78,10,8,20,21
3.87097,66,10,14,10,15
2,62,10,13
3.93548,64,10,2,20
3.41935,80,10,21,16
5.16129,88,10,7,21,16
5.35484,82,10,19,2,3
2,62,10,13
7.54839,76,10,9,3,8,17
3.93548,64,10,11,4
5.41935,80,10,8,7,11
5.03226,92,10,15,3,5
3.93548,64,10,3,9
5.35484,82,10,11,2,2,11,21
5.6129,74,10,16,22,7,16
5.93548,64,10,7,19,8
3.80645,68,10,7,1
5.35484,82,10,21,12,22
3.87097,66,10,22,9
7.80645,68,10,19,3,12,13
5.93548,64,10,15,7,13
4.96774,94,10,16,6,3
9.54839,76,10,5,1,5,19,18,21
3.93548,64,10,22,13
3.41935,80,10,2,14
5.80645,68,10,11,16,18
4,62,10,21,6
2.96774,94,10,2,17
7.74194,70,10,19,15,14,15,6
3.74194,70,10,14,1,10
6.12903,120,10,19,18,16,13
2.90323,96,10,6,16
4.19355,118,10,18,5,4
5.54839,76,10,15,18,13
3.35484,82,10,12,16
4,62,10,5,4
5.29032,84,10,16,15,8,10
5.48387,78,10,16,17,3
5.22581,86,10,8,2,2,15
5.6129,74,10,16,19,22,16
4.83871,98,10,11,9,11,9,4
3.22581,86,10,18,12,10
5.93548,64,10,8,5,9
2.25806,116,10,10,19,20,10
5.74194,70,10,18,19,6
2.90323,96,10,6,16
5.54839,76,10,15,8,22
3.54839,76,10,3,3,17
5.87097,66,10,16,2,16,5
6,62,10,10,9,20,2
5.80645,68,10,3,20,2
5.74194,70,10,11,21,3
4,62,10,11,11,11,13
5.93548,64,10,22,6,22,18
3.87097,66,10,7,20
7.54839,76,10,9,7,18,17
6,62,10,22,14,15
3.87097,66,10,7,13
4.77419,100,10,14,4,11
4.64516,104,10,15,6,5
3.80645,68,10,21,11
5.03226,92,10,11,9,2
3.80645,68,10,16,13
4.83871,98,10,5,20,6
6,62,10,3,11,9
7.6129,74,10,8,1,11,22
5.16129,88,10,9,2,6
4.96774,94,10,18,17,3
2,62,10,13
3.93548,64,10,17,17,2
6,62,10,19,8,19,17
7.87097,66,10,9,8,12,19
4,62,10,11,13
5.67742,72,10,22,15,5
5.93548,64,10,3,21,15
4,62,10,14,17
9.54839,76,10,16,16,3,14,21,2
5.35484,82,10,11,20,20,3
3.6129,74,10,21,10,15
5.93548,64,10,1,8,17
3.93548,64,10,4,13
3.22581,86,10,20,22
3.93548,64,10,22,3
2.32258,114,10,4,4,10,2
7.22581,86,10,5,14,11,2
5.29032,84,10,14,7,9
4.96774,94,10,21,15,7,10
5.80645,68,10,16,3,4
2,62,10,13
7.48387,78,10,1,8,7,3
4.83871,98,10,18,16,6
5.29032,84,10,17,5,18
3.93548,64,10,15,13
5.16129,88,10,3,15,16
5.48387,78,10,12,19,7
3.35484,82,10,6,19
5.41935,80,10,15,12,22
2.32258,114,10,4,9
3.80645,68,10,21,11
4,62,10,17,4
2,62,10,13
3.16129,88,10,20,18
2.19355,118,10,22,4,10
2,62,10,13
5.48387,78,10,18,11,15
7.16129,88,10,17,21,15,4
3.80645,68,10,6,22
3.41935,80,10,4,12
5.54839,76,10,18,22,5
4.70968,102,10,9,4,1
5.6129,74,10,19,2,12
5.29032,84,10,8,20,4
2,62,10,13
5.54839,76,10,21,19,12
3.54839,76,10,6,14
5.74194,70,10,17,21,3
5.16129,88,10,3,15,20
3.87097,66,10,21,17
3.35484,82,10,20,3
9.41936,80,10,9,1,21,12,4
5.48387,78,10,15,17,9
5.6129,74,10,22,21,1
5.6129,74,10,3,2,21
5.93548,64,10,22,10,16,19
6,62,10,22,7,4
6.70968,102,10,15,14,11,6
5.41935,80,10,1,6,15
5.74194,70,10,15,14,6
3.87097,66,10,21,10,11
