5.87097,66,13,21,16,5
5.87097,66,13,20,1,8
3.54839,76,13,20,10
5.54839,76,13,18,13,6,13,20
2.25806,116,13,9,13,16
2,62,13,5
3.80645,68,13,9,13,2
5.54839,76,13,17,15,8
2,62,13,5
5.6129,74,13,19,12,8
3.87097,66,13,19,19,5
5.87097,66,13,22,12,3
5.80645,68,13,2,12,16
4.3871,112,13,11,16,4
3.74194,70,13,13,6,10
4.77419,100,13,15,6,9
5.74194,70,13,6,2,4
3.16129,88,13,9,9,22
3.29032,84,13,16,8
5.67742,72,13,11,18,22
5.87097,66,13,20,19,19,15
5.87097,66,13,20,19,15
3.48387,78,13,11,4
3.74194,70,13,19,2
2,62,13,5
7.6129,74,13,20,20,21,18,3
9.67742,72,13,21,7,19,14,3
5.74194,70,13,13,14,11,10
6,62,13,15,21,6
4.96774,94,13,15,2,6
5.93548,64,13,3,7,15
9.16129,88,13,2,18,22,15,4
5.16129,88,13,21,17,17,17,11
7.22581,86,13,6,7,21,16
3.80645,68,13,8,2
2,62,13,5
5.48387,78,13,22,17,4
5.22581,86,13,4,17,1
5.41935,80,13,12,19,15,13
4,62,13,21,10
5.54839,76,13,7,8,9
3.80645,68,13,2,10
7.80645,68,13,6,7,15,20
3.87097,66,13,15,5
3.87097,66,13,3,10
5.74194,70,13,2,18,9
2.77419,100,13,16,12
3.93548,64,13,7,9
3.54839,76,13,20,5
7.35484,82,13,21,19,11,1,21
6,62,13,7,12,3
7.80645,68,13,12,3,8,6
3.93548,64,13,14,10
3.35484,82,13,9,8
5.29032,84,13,7,20,20,15
5.16129,88,13,22,20,15
3.74194,70,13,11,22
5.54839,76,13,15,12,4
2,62,13,10
7.67742,72,13,19,18,22,17
6,62,13,20,13,15,21
3.48387,78,13,16,1
2.83871,98,13,15,11,13
4,62,13,19,9
7.6129,74,13,12,22,21,21,4
7.6129,74,13,14,3,8,16
5.67742,72,13,15,19,17
5.6129,74,13,4,11,15
5.54839,76,13,7,12,1
3.67742,72,13,8,4
3.80645,68,13,16,5
3.16129,88,13,9,22
5.22581,86,13,20,6,14
4,62,13,21,10
4.90323,96,13,15,9,7
3.09677,90,13,16,3
3.48387,78,13,11,4
2.58065,106,13,9,20
7.35484,82,13,22,21,15,1
3.03226,92,13,9,7
7.29032,84,13,7,21,3,2
7.93548,64,13,13,20,12,14,11
2,62,13,10
5.48387,78,13,8,7,19
5.16129,88,13,1,3,4
5.67742,72,13,19,1,14
2.77419,100,13,16,12
5.03226,92,13,2,4,18,2
5.35484,82,13,12,6,18
7.29032,84,13,13,22,4,22,7,2
6,62,13,18,7,14
5.35484,82,13,3,3,14,5
4.70968,102,13,9,10,12
5.29032,84,13,13,7,8,6
8,62,13,3,3,19,14,21
5.6129,74,13,13,22,3,1
5.74194,70,13,15,22,10
7.29032,84,13,21,22,4,7
8,62,13,21,8,21,22,17
2.45161,110,13,16,2
5.80645,68,13,18,14,20
3.93548,64,13,7,9
5.74194,70,13,20,8,12
3.80645,68,13,2,10
7.41935,80,13,3,19,8,9
4.83871,98,13,11,16,12
5.48387,78,13,2,19,19,4
5.93548,64,13,15,11,1
4,62,13,18,9
7.67742,72,13,20,4,21,7
5.87097,66,13,12,14,5
3.87097,66,13,1,18
5.16129,88,13,3,1,4
5.16129,88,13,14,20,8
2,62,13,5
2,62,13,5
4,62,13,22,11
5.22581,86,13,8,15,9
5.16129,88,13,1,3,4
5.41935,80,13,19,22,12
5.48387,78,13,21,16,11
7.67742,72,13,12,20,14,15
7.74194,70,13,4,12,12,2,22
5.6129,74,13,22,22,3,3,1
2,62,13,10
5.54839,76,13,17,22,8
4.90323,96,13,3,2,3,6
5.80645,68,13,6,20,2
2,62,13,5
5.09677,90,13,2,12,13,1
3.80645,68,13,8,2
3.16129,88,13,15,17,13
2,62,13,5
5.41936,80,13,11,12,11,18
2,62,13,5
3.93548,64,13,7,9
4.83871,98,13,7,20,17
4.90323,96,13,15,20,1
5.09677,90,13,6,3,16
7.29032,84,13,18,14,22,2
3.41935,80,13,9,19
2,62,13,10
3.16129,88,13,16,22
2,62,13,10
3.87097,66,13,19,17
3.74194,70,13,20,9
4.70968,102,13,15,11,6
2,62,13,13,10
3.54839,76,13,17,13,18
3.35484,82,13,16,19
3.29032,84,13,17,1
5.80645,68,13,14,7,4
2,62,13,10
5.80645,68,13,15,21,11
3.54839,76,13,14,8,13
4.70968,102,13,15,11,11,6
5.09677,90,13,1,8,17
3.80645,68,13,8,2
5.48387,78,13,20,6,22
3.03226,92,13,4,1,13
5.87097,66,13,6,19,3
5.35484,82,13,22,16,8
5.48387,78,13,19,15,2
2,62,13,5
3.74194,70,13,9,1
3.41935,80,13,1,20
3.80645,68,13,11,7
2,62,13,5
3.41935,80,13,9,19
3.93548,64,13,18,6
5.93548,64,13,7,18,17
3.35484,82,13,17,3
5.80645,68,13,7,12,12,20
3.22581,86,13,13,22,13,9
2,62,13,5
3.93548,64,13,1,13,21
2,62,13,10
5.48387,78,13,19,22,8
4.96774,94,13,7,6,10
3.74194,70,13,1,21
3.80645,68,13,11,7
3.80645,68,13,16,5
3.16129,88,13,1,17
5.67742,72,13,20,3,15
5.87097,66,13,21,18,5
4.96774,94,13,13,20,6,2
6,62,13,2,3,20
3.80645,68,13,8,2
5.80645,68,13,7,14,20
3.29032,84,13,8,19,13
2,62,13,5
2,62,13,5
3.09677,90,13,16,3
2,62,13,5
5.29032,84,13,3,11,6
5.74194,70,13,6,12,21
5.48387,78,13,21,9,11
5.22581,86,13,1,9,15
3.16129,88,13,16,15
5.09677,90,13,8,1,4
3.93548,64,13,15,10
5.67742,72,13,8,14,4
5.22581,86,13,15,20,3
7.48387,78,13,13,20,12,1,14
3.6129,74,13,8,17
5.93548,64,13,3,19,7
5.80645,68,13,18,12,2
2.96774,94,13,9,12
7.67742,72,13,21,14,4,13,2
4,62,13,6,1
5.74194,70,13,8,1,18
3.67742,72,13,13,12,15,13
2,62,13,5
5.67742,72,13,7,14,14,9
5.67742,72,13,12,22,16
5.22581,86,13,8,15,4
3.03226,92,13,9,7
5.54839,76,13,12,16,1
3.29032,84,13,13,17,1
4.45161,110,13,6,20,16
3.54839,76,13,20,5
4,62,13,3,9
3.93548,64,13,15,10
4.96774,94,13,2,19,2,9
3.74194,70,13,8,20
5.93548,64,13,20,21,1
7.22581,86,13,12,18,18,17,5
3.6129,74,13,8,17
5.74194,70,13,11,1,15
4,62,13,1,10
5.09677,90,13,1,11,6
3.80645,68,13,18,4
6,62,13,12,11,5
3.16129,88,13,9,22
5.22581,86,13,21,9,8
2,62,13,5
3.41935,80,13,16,11
4.32258,114,13,3,20,10
5.48387,78,13,7,1,5
2,62,13,10
5.87097,66,13,8,15,18
2,62,13,5
7.74194,70,13,4,11,8,18
5.41936,80,13,6,12,7
5.48387,78,13,4,16,1
3.87097,66,13,7,10
3.74194,70,13,20,20,16
4,62,13,18,9
7.35484,82,13,11,14,18,1
6,62,13,22,15,4
3.22581,86,13,9,3
4,62,13,8,22
8,62,13,20,13,12,3,14
5.35484,82,13,14,20,3
7.54839,76,13,2,13,14,1,19
5.67742,72,13,14,19,20
2,62,13,10
2,62,13,10
3.80645,68,13,13,7,5
3.87097,66,13,15,5
5.54839,76,13,20,20,18,16
5.74194,70,13,3,15,14
5.80645,68,13,7,4,21
3.93548,64,13,14,10
7.35484,82,13,12,7,14,6
3.67742,72,13,3,6
4.64516,104,13,15,1,17
3.74194,70,13,8,20
4,62,13,13,11,10
5.6129,74,13,4,19,20
3.22581,86,13,11,8,13
5.22581,86,13,19,7,1
5.41935,80,13,3,2,7
5.93548,64,13,21,11,9
7.29032,84,13,4,8,4,6,6,18
2,62,13,10
5.74194,70,13,6,15,21,6
3.87097,66,13,8,10
3.16129,88,13,16,17
3.16129,88,13,1,17
5.29032,84,13,22,17,20
9.93548,64,13,12,21,7,18,15
5.22581,86,13,8,15,1
3.16129,88,13,7,8,13
2.45161,110,13,16,2
5.74194,70,13,8,21,4
3.80645,68,13,2,10
3.54839,76,13,20,5
2,62,13,10
3.93548,64,13,22,10
2,62,13,13,10
3.16129,88,13,9,22
5.54839,76,13,20,15,1
3.29032,84,13,16,8
3.54839,76,13,17,8
4,62,13,3,4
4,62,13,3,9
5.41935,80,13,12,3,4,12
8,62,13,4,19,18,22
4,62,13,6,11
5.16129,88,13,18,16,15
9.67742,72,13,7,18,15,14,12
7.29032,84,13,12,15,8,22
3.74194,70,13,1,21
4.96774,94,13,3,1,8,13
5.03226,92,13,1,3,10
3.80645,68,13,8,2
5.48387,78,13,7,11,12
3.87097,66,13,18,5
4,62,13,3,16
3.22581,86,13,9,14
2,62,13,5
3.6129,74,13,4,18,13
2,62,13,10
3.80645,68,13,8,2
5.03226,92,13,21,21,9,22
2,62,13,13,5
4,62,13,11,5
5.67742,72,13,2,11,15
4.32258,114,13,14,16,4
2,62,13,10
4,62,13,3,22
2,62,13,10
5.87097,66,13,7,21,1
3.87097,66,13,14,5
3.87097,66,13,4,5
3.6129,74,13,22,12,13
4.96774,94,13,22,16,22,5
7.67742,72,13,8,8,18,15,14
9.16129,88,13,21,14,12,20,11
3.22581,86,13,9,14
5.35484,82,13,8,1,2
3.09677,90,13,21,1,13
5.54839,76,13,4,3,21,13
7.29032,84,13,4,2,6,18
3.41935,80,13,3,11,13
5.93548,64,13,4,8,8,22
7.87097,66,13,20,12,3,3,21
2,62,13,5
4.25806,116,13,12,10,20
3.54839,76,13,17,8
5.54839,76,13,13,22,13,22,14,9
5.09677,90,13,22,6,11
3.74194,70,13,11,11,20
4,62,13,1,10
3.74194,70,13,9,1
3.35484,82,13,11,17
4,62,13,11,5
4,62,13,8,16
5.35484,82,13,20,15,5
9.54839,76,13,6,21,14,14,14,15,17
2.3871,112,13,9,4
3.48387,78,13,16,1
2,62,13,10
3.35484,82,13,9,8
7.29032,84,13,12,12,3,4,14
5.48387,78,13,14,4,12
5.03226,92,13,7,12,16
5.67742,72,13,20,14,4
5.93548,64,13,7,22,9
2.77419,100,13,17,13,16
5.54839,76,13,18,3,21
6.83871,98,13,15,21,20,21,16
2,62,13,10
5.41935,80,13,4,22,18,13
5.29032,84,13,15,4,4,7
5.87097,66,13,3,1,5
6,62,13,13,6,18,8
3.16129,88,13,1,17
5.93548,64,13,18,19,7
5.48387,78,13,2,6,19
3.67742,72,13,6,5
7.48387,78,13,12,19,8,6
3.48387,78,13,11,4
3.80645,68,13,8,5
10,62,13,14,15,22,7,18
4.83871,98,13,15,16,21
7.35484,82,13,12,19,22,20
5.09677,90,13,21,13,8,20
2,62,13,10
7.87097,66,13,3,12,14,15
3.6129,74,13,14,13,1
3.67742,72,13,19,20
2,62,13,10
2,62,13,10
3.41935,80,13,11,6
4,62,13,3,9
2,62,13,10
4,62,13,1,1,10
5.93548,64,13,18,22,14
5.41935,80,13,8,19,4
4.96774,94,13,12,6,20
5.29032,84,13,14,1,20
3.74194,70,13,18,12,13
5.80645,68,13,12,15,16
6.96774,94,13,8,19,3,10
2,62,13,5
7.22581,86,13,13,21,12,22,4
3.22581,86,13,1,6
5.35484,82,13,8,18,5
5.03226,92,13,14,13,7,16
2.64516,104,13,9,6
5.22581,86,13,8,15,1
2,62,13,10
3.54839,76,13,9,13,21
5.22581,86,13,12,16,22
5.74194,70,13,13,18,19,9
5.67742,72,13,6,6,12,20
7.09677,90,13,15,8,14,16
3.80645,68,13,11,7
3.48387,78,13,16,1
5.48387,78,13,4,4,14,19,13
6,62,13,8,21,14
2,62,13,5
2,62,13,10
9.09677,90,13,2,2,13,12,7,15,10
3.80645,68,13,8,2
4.77419,100,13,14,9,21
3.87097,66,13,19,17
5.54839,76,13,2,20,5
5.54839,76,13,8,7,17
6.51613,108,13,6,21,6,21,20,16
3.67742,72,13,19,4
7.29032,84,13,21,15,4,14
3.74194,70,13,11,22
3.29032,84,13,16,8
2,62,13,10
6.45161,110,13,21,7,20,9
3.48387,78,13,17,13,19
3.54839,76,13,17,4
2,62,13,10
5.16129,88,13,21,16,14
2,62,13,5
7.03226,92,13,15,17,22,11
3.87097,66,13,14,5
3.54839,76,13,3,14,13
3.35484,82,13,13,9,18
5.41935,80,13,2,18,7,2
2,62,13,5
3.80645,68,13,16,5
2,62,13,5
5.74194,70,13,14,15,16
5.48387,78,13,7,8,10
3.74194,70,13,11,22
3.80645,68,13,8,2
3.6129,74,13,8,17
4.58065,106,13,3,2,16
3.48387,78,13,1,2
3.80645,68,13,17,14
3.87097,66,13,19,19,17
6,62,13,4,19,16
5.03226,92,13,22,4,17
3.80645,68,13,17,14
3.67742,72,13,1,15
5.48387,78,13,8,18,9
7.09677,90,13,7,8,19,2
6,62,13,3,19,21
7.54839,76,13,4,6,15,5
5.6129,74,13,8,18,11
2,62,13,5
5.80645,68,13,13,9,10,16
2,62,13,5
6,62,13,4,16,9
3.80645,68,13,17,6
3.74194,70,13,8,20
5.6129,74,13,12,6,15
3.87097,66,13,17,10
3.29032,84,13,9,15
7.16129,88,13,13,12,14,2,1
2,62,13,10
5.09677,90,13,3,7,11
5.67742,72,13,22,17,9
4,62,13,3,22
7.87097,66,13,19,14,3,8
4,62,13,4,9
2,62,13,5
2,62,13,5
3.93548,64,13,17,18
4,62,13,11,10
5.22581,86,13,6,2,11
7.48387,78,13,7,19,19,14,2
4,62,13,22,13,3
7.54839,76,13,15,22,21,11
4.90323,96,13,7,20,6
5.22581,86,13,12,12,12,10,17
5.09677,90,13,7,12,9
5.48387,78,13,3,15,6
4,62,13,2,2,16
3.67742,72,13,1,15
4,62,13,11,5
4,62,13,8,22
4,62,13,1,16
3.54839,76,13,20,7,13
5.03226,92,13,3,21,9
3.93548,64,13,7,9
5.09677,90,13,8,13,6,19
5.74194,70,13,19,19,15,8
4,62,13,22,1
3.87097,66,13,15,5
4,62,13,13,11,10
5.80645,68,13,14,18,2
5.41935,80,13,22,16,19
4,62,13,13,1,14
5.87097,66,13,6,6,22,16
5.29032,84,13,12,2,9
4.96774,94,13,20,6,8
5.93548,64,13,2,11,16
3.74194,70,13,1,21
5.41935,80,13,17,7,12
2,62,13,5
5.6129,74,13,8,19,17
5.74194,70,13,7,3,14
2.64516,104,13,9,6
3.54839,76,13,17,8
3.80645,68,13,8,2
3.80645,68,13,17,14
3.74194,70,13,17,9
7.67742,72,13,21,22,8,18
5.16129,88,13,21,16,16,3
3.80645,68,13,6,9
5.16129,88,13,20,1,22
5.74194,70,13,15,14,14,4
3.54839,76,13,20,5
2.90323,96,13,17,13,9
3.93548,64,13,1,5
2,62,13,10
2,62,13,10
2.19355,118,13,9,9,16,13
5.6129,74,13,3,19,17
5.35484,82,13,7,8,20
5.29032,84,13,1,8,2
2,62,13,5
3.87097,66,13,21,5
5.35484,82,13,1,9,1,12
5.41935,80,13,19,18,20
7.87097,66,13,14,8,11,9
3.22581,86,13,9,17
5.03226,92,13,19,7,9
3.16129,88,13,1,17
7.54839,76,13,12,21,11,9
3.80645,68,13,2,10
3.35484,82,13,17,3
3.87097,66,13,19,5
3.80645,68,13,11,7
2,62,13,13,5
5.6129,74,13,20,12,9
5.22581,86,13,13,15,3,7
5.67742,72,13,7,18,4
7.74194,70,13,21,15,21,1,9
2,62,13,5
5.54839,76,13,20,21,13,12
3.80645,68,13,8,5
5.54839,76,13,13,1,9,11
5.67742,72,13,14,8,4
9.22581,86,13,4,22,7,6,2
5.93548,64,13,2,1,14
2,62,13,10
3.03226,92,13,22,13,10
6.83871,98,13,14,22,21,16
4,62,13,16,9
3.6129,74,13,2,13,10
3.22581,86,13,1,6
5.80645,68,13,19,22,21
4,62,13,20,17
5.6129,74,13,7,20,21
3.29032,84,13,9,9,15
6.77419,100,13,4,19,1,17
5.16129,88,13,6,20,15
5.87097,66,13,6,19,3
3.80645,68,13,18,2
5.67742,72,13,1,11,10
3.29032,84,13,17,11
3.74194,70,13,17,9
7.09677,90,13,2,7,21,10
3.54839,76,13,9,13,6
3.87097,66,13,3,10
2,62,13,10
4.70968,102,13,18,17,20
4.83871,98,13,15,9,12
2,62,13,5
7.48387,78,13,21,4,2,22
4.45161,110,13,19,16,2
5.67742,72,13,18,15,11
5.16129,88,13,22,2,22,1
3.87097,66,13,3,5
2.90323,96,13,9,21
4,62,13,4,9
7.74194,70,13,13,12,12,21,15,1
5.87097,66,13,4,11,12
3.16129,88,13,9,22
4,62,13,3,4
4.58065,106,13,7,20,9
7.16129,88,13,17,17,15,22,16
5.29032,84,13,20,11,22
5.67742,72,13,3,2,2,12
7.74194,70,13,8,8,3,12,18
3.74194,70,13,19,2
3.22581,86,13,9,17
5.41935,80,13,6,2,22
3.80645,68,13,1,12
5.48387,78,13,3,19,6
7.41935,80,13,4,6,18,5
5.16129,88,13,1,3,9
5.22581,86,13,19,22,1
5.80645,68,13,18,14,20
3.54839,76,13,15,13,1
5.29032,84,13,12,20,13,13,22
4,62,13,3,3,22
7.03226,92,13,7,21,4,17
5.41935,80,13,18,19,20
5.80645,68,13,4,21,5
2,62,13,10
3.16129,88,13,9,13,3
7.54839,76,13,21,19,11,19,21,17
7.93548,64,13,14,8,8,11,19
5.29032,84,13,14,4,15
5.87097,66,13,14,14,1,16
2,62,13,10
5.80645,68,13,13,12,3,6
7.67742,72,13,22,15,14,6
3.22581,86,13,13,22,13,9
2,62,13,10
2,62,13,5
5.29032,84,13,12,17,5
3.87097,66,13,1,18
3.80645,68,13,6,9
3.87097,66,13,22,15,13
3.6129,74,13,18,13,8
7.87097,66,13,19,18,15,21
3.54839,76,13,1,13,15
5.74194,70,13,12,11,2
3.80645,68,13,18,20
5.29032,84,13,8,18,20
5.41935,80,13,3,12,17
3.22581,86,13,9,14
3.93548,64,13,18,18,10
3.80645,68,13,16,5
5.09677,90,13,14,4,8
3.6129,74,13,13,9,11
5.6129,74,13,21,11,15
4,62,13,3,22
7.03226,92,13,21,8,1,1,3,13
5.67742,72,13,19,3,21
3.80645,68,13,16,5
5.93548,64,13,6,8,1
5.54839,76,13,19,1,18
3.16129,88,13,8,18,13
5.03226,92,13,22,16,7
5.09677,90,13,6,3,9
5.93548,64,13,12,8,10
3.87097,66,13,2,5
2,62,13,10
5.54839,76,13,1,3,1,1,16
5.6129,74,13,4,1,21
3.74194,70,13,11,2
2.32258,114,13,13,16,4
2.70968,102,13,18,1,13
3.03226,92,13,9,7
2.64516,104,13,9,6
5.80645,68,13,21,3,7
5.87097,66,13,7,21,1
6.70968,102,13,13,21,1,3,17
5.09677,90,13,6,19,14,13
3.6129,74,13,9,11
3.80645,68,13,17,5
5.03226,92,13,17,7,9
5.22581,86,13,6,2,19
3.41935,80,13,9,19
4.64516,104,13,13,12,16,6
5.54839,76,13,18,1,14
5.74194,70,13,15,1,8
3.87097,66,13,15,5
3.35484,82,13,9,18
3.87097,66,13,15,5
3.74194,70,13,11,22
2,62,13,5
5.67742,72,13,4,19,6
3.16129,88,13,16,17
6,62,13,18,1,11
5.35484,82,13,17,22,3
6,62,13,2,15,12
3.48387,78,13,11,4
3.74194,70,13,20,16
2,62,13,5
7.03226,92,13,2,19,22,1
2,62,13,10
5.93548,64,13,15,7,20
3.16129,88,13,16,22
3.6129,74,13,1,7
5.93548,64,13,4,18,9
5.54839,76,13,15,19,6
4,62,13,3,16
5.67742,72,13,14,22,14,20
3.41935,80,13,16,13,20
3.35484,82,13,16,19
2,62,13,10
4,62,13,9,9,5
5.48387,78,13,15,6,14
7.41935,80,13,4,19,19,7,8
3.6129,74,13,1,7
4,62,13,19,9
3.48387,78,13,17,17,2
3.87097,66,13,19,5
3.54839,76,13,17,8
5.54839,76,13,19,11,11,18
5.29032,84,13,13,1,9,8
3.29032,84,13,9,15
2.45161,110,13,16,2
4.58065,106,13,3,2,16
5.87097,66,13,22,3,8
5.80645,68,13,7,11,3
3.80645,68,13,1,12
5.22581,86,13,7,3,16
5.54839,76,13,15,17,14
5.93548,64,13,14,21,11
5.87097,66,13,22,18,17
5.67742,72,13,15,7,6,13
7.54839,76,13,20,21,19,16
4,62,13,6,1
5.54839,76,13,2,19,6
2,62,13,5
5.80645,68,13,21,18,20
3.87097,66,13,22,5
5.22581,86,13,8,15,9
5.80645,68,13,8,21,22
3.35484,82,13,9,18
3.80645,68,13,13,7,5
2,62,13,10
5.67742,72,13,6,17,18
5.35484,82,13,18,7,16
4.51613,108,13,3,3,20,9
4,62,13,4,9
3.54839,76,13,17,8
3.74194,70,13,8,20
4.64516,104,13,18,17,11
6,62,13,7,18,1
4.70968,102,13,11,12,5
7.6129,74,13,20,12,1,9
3.93548,64,13,13,11,21
6.90323,96,13,20,3,14,5
5.74194,70,13,6,2,12
5.6129,74,13,11,18,8
3.41935,80,13,1,20
5.6129,74,13,14,9,1
5.6129,74,13,3,1,3,7
2,62,13,5
5.6129,74,13,19,11,12
5.80645,68,13,19,16,10
8.90323,96,13,21,19,18,7,10
5.35484,82,13,15,12,15,1
3.67742,72,13,8,4
6,62,13,18,7,14
3.29032,84,13,17,11
3.6129,74,13,8,13,18
4,62,13,6,11
3.74194,70,13,19,6
7.09677,90,13,12,8,15,22,13
5.29032,84,13,13,12,20,9
2.77419,100,13,1,13,9
7.80645,68,13,19,18,7,18,15
6.83871,98,13,12,19,21,5
5.54839,76,13,20,12,16
2,62,13,10
3.74194,70,13,9,1
5.22581,86,13,6,21,5
5.6129,74,13,21,1,15
5.29032,84,13,18,11,21
3.74194,70,13,17,17,9
5.74194,70,13,7,11,7,21
5.93548,64,13,8,14,1
3.22581,86,13,1,6
2,62,13,10
3.03226,92,13,4,1,13
3.74194,70,13,13,9,1
3.6129,74,13,12,13,22,12
5.03226,92,13,6,19,6,3
3.74194,70,13,11,22
3.22581,86,13,12,1,13
3.80645,68,13,18,2
5.41935,80,13,4,17,2
5.93548,64,13,12,7,8
5.87097,66,13,2,22,16
3.41935,80,13,16,11
3.80645,68,13,13,17,14
4,62,13,18,9
5.48387,78,13,8,1,7
4,62,13,20,17
5.09677,90,13,20,12,15,13
5.54839,76,13,15,8,22
6,62,13,20,22,17
4.3871,112,13,14,4,9
7.54839,76,13,18,22,17,15
7.29032,84,13,2,14,22,11
5.80645,68,13,17,22,19
3.54839,76,13,20,5
7.16129,88,13,8,1,8,3,5
5.67742,72,13,20,3,20,14
4.64516,104,13,11,9,6
4,62,13,21,10
2,62,13,5
3.22581,86,13,9,17
2.96774,94,13,16,7
5.6129,74,13,18,19,5
6.83871,98,13,6,22,7,19,13
3.80645,68,13,17,19
7.74194,70,13,6,22,19,21
7.54839,76,13,12,20,2,6
5.22581,86,13,2,21,13,8
5.41935,80,13,14,21,4,14
3.67742,72,13,13,6,5
3.74194,70,13,1,21
5.67742,72,13,14,22,4
5.54839,76,13,13,15,11,14
7.74194,70,13,15,7,7,6,22
4.51613,108,13,2,1,2,2,13,5
3.22581,86,13,9,14
7.22581,86,13,21,2,21,2,3,15
7.74194,70,13,12,3,11,2
3.41935,80,13,11,6
5.03226,92,13,15,1,22
6,62,13,14,21,17
3.54839,76,13,17,4
3.74194,70,13,15,13,19
7.67742,72,13,18,7,15,8
5.6129,74,13,4,8,6
6,62,13,14,1,3
2.3871,112,13,9,4
3.80645,68,13,9,13,2
4.25806,116,13,13,9,10,20
7.16129,88,13,3,19,8,6
5.48387,78,13,8,11,7
3.74194,70,13,11,11,22
5.80645,68,13,19,7,21
3.48387,78,13,16,1
3.35484,82,13,16,19
5.6129,74,13,20,1,14
3.80645,68,13,16,10
5.74194,70,13,4,7,5
3.74194,70,13,20,16
5.48387,78,13,12,16,11
7.16129,88,13,12,2,14,16
6.51613,108,13,6,15,7,6,9
5.54839,76,13,20,18,16
2,62,13,10
3.87097,66,13,15,5
5.54839,76,13,18,3,3,21
5.29032,84,13,1,8,2
5.03226,92,13,4,22,4,5
2.64516,104,13,9,6
2,62,13,10
5.35484,82,13,20,15,5
5.67742,72,13,4,19,6
5.93548,64,13,15,22,16
6,62,13,22,21,20
3.80645,68,13,17,16
5.22581,86,13,3,15,4
4,62,13,22,22,1
5.41935,80,13,22,17,2
3.29032,84,13,17,1
4,62,13,8,16
7.22581,86,13,11,1,9,14
5.6129,74,13,11,12,2
5.80645,68,13,20,18,21
5.74194,70,13,14,15,4
3.09677,90,13,22,22,13,16
6.77419,100,13,12,20,4,1
2.32258,114,13,16,4
2,62,13,10
4.45161,110,13,22,20,9
3.22581,86,13,9,3
5.87097,66,13,2,3,9
3.87097,66,13,17,10
3.09677,90,13,16,13,14
3.87097,66,13,18,5
3.29032,84,13,16,18
6,62,13,13,21,1,19
2.58065,106,13,16,6
3.80645,68,13,18,4
3.87097,66,13,19,17
5.87097,66,13,2,21,16
6,62,13,13,3,15,7
7.80645,68,13,4,20,15,21
5.74194,70,13,7,19,9
7.74194,70,13,6,7,18,1
7.74194,70,13,12,11,1,11,15
5.48387,78,13,4,2,10
6.90323,96,13,21,15,2,17
3.67742,72,13,19,20
5.03226,92,13,7,13,4,10
5.93548,64,13,6,8,11
3.29032,84,13,16,18
5.80645,68,13,7,12,18
5.41935,80,13,3,18,6
3.80645,68,13,16,5
2.58065,106,13,9,20
5.54839,76,13,2,11,20
5.54839,76,13,3,18,16
9.03226,92,13,12,8,14,22,1
4,62,13,6,11
5.48387,78,13,12,10,12,19
3.54839,76,13,17,4
5.41935,80,13,22,17,2
5.6129,74,13,15,9,1
3.48387,78,13,11,4
5.93548,64,13,4,22,1
5.35484,82,13,22,21,16
5.67742,72,13,19,22,6
5.03226,92,13,1,19,2
3.87097,66,13,14,5
6.90323,96,13,15,22,8,17
2.70968,102,13,18,1,13
3.87097,66,13,18,5
3.93548,64,13,14,10
7.29032,84,13,14,18,3,7
5.16129,88,13,9,10,18
4,62,13,1,16
2,62,13,10
2,62,13,10
3.93548,64,13,1,1,5
5.74194,70,13,8,21,8,21,18
5.93548,64,13,21,18,6
5.6129,74,13,2,8,8,20
2.96774,94,13,3,13,5
5.67742,72,13,1,3,19
6,62,13,14,9,16
4.70968,102,13,15,1,4
5.41935,80,13,22,3,18
6,62,13,18,1,11
3.87097,66,13,7,10
5.16129,88,13,6,3,7
5.67742,72,13,19,13,12,2
2.19355,118,13,9,16,13
3.80645,68,13,6,9
5.54839,76,13,20,20,15,11
3.87097,66,13,8,13,7
2.32258,114,13,1,9,13
5.16129,88,13,22,3,7
5.67742,72,13,7,12,11
5.35484,82,13,19,8,17
5.16129,88,13,12,22,12,5
5.35484,82,13,7,20,3
3.87097,66,13,15,5
3.93548,64,13,19,10
6.45161,110,13,12,15,6,10
4.58065,106,13,12,9,2
5.87097,66,13,7,21,11
5.48387,78,13,11,11,8,2
3.67742,72,13,1,15
5.35484,82,13,7,4,3
4,62,13,13,11,5
4.58065,106,13,8,13,2,2,13,9
4,62,13,1,16
5.35484,82,13,13,3,20,3,2
4,62,13,13,21,10
7.16129,88,13,2,15,6,15,1
3.80645,68,13,2,10
3.67742,72,13,7,14,13
5.74194,70,13,18,21,20
5.16129,88,13,15,8,17
7.41935,80,13,20,21,18,9
5.87097,66,13,12,18,2
5.22581,86,13,7,8,17
2.96774,94,13,9,12
3.80645,68,13,16,10
3.16129,88,13,16,17
7.09677,90,13,11,16,9,17
5.6129,74,13,13,2,7,10
7.54839,76,13,11,8,1,10
3.93548,64,13,22,10
4.25806,116,13,22,20,10
5.22581,86,13,3,20,7
5.54839,76,13,6,12,11
5.22581,86,13,8,15,11
5.03226,92,13,22,4,17
3.67742,72,13,8,6
2,62,13,10
5.87097,66,13,21,8,2
5.67742,72,13,15,17,21
5.93548,64,13,2,11,12
5.41935,80,13,15,1,5
5.93548,64,13,8,7,15
3.80645,68,13,16,5
5.35484,82,13,21,3,17
3.54839,76,13,17,4
5.48387,78,13,14,22,11
3.6129,74,13,1,7
6.70968,102,13,7,14,11,17
4.51613,108,13,12,16,20
3.41935,80,13,3,11,13
7.41935,80,13,15,22,19,5
6.51613,108,13,7,22,2,16
4,62,13,1,14
5.29032,84,13,2,13,1,15
2.64516,104,13,9,6
3.6129,74,13,9,11
6,62,13,12,11,10
4,62,13,1,10
4.70968,102,13,15,6,10
3.6129,74,13,9,13,12
5.29032,84,13,2,2,2,2,11,11,4
