5.35484,82,2,12,20,9
5.93548,64,2,13,18,18,21
3.35484,82,2,9,22
8,62,2,3,1,11,16
5.6129,74,2,20,14,2,4
5.41935,80,2,13,6,9
3.54839,76,2,4,5
6,62,2,20,4,3
3.09677,90,2,5,22
5.48387,78,2,18,11,10
5.80645,68,2,14,11,15
5.54839,76,2,7,6,12
3.35484,82,2,9,2,11
5.09677,90,2,14,9,14,9,7
3.35484,82,2,2,15,6,2
5.35484,82,2,18,3,22
5.87097,66,2,15,15,13,4
2.64516,104,2,16,16,4
5.22581,86,2,17,2,13,18
2.25806,116,2,5,13
4.96774,94,2,22,10,3
5.67742,72,2,22,6,17
4.45161,110,2,9,10,20
3.87097,66,2,3,17
5.80645,68,2,15,7,9
5.54839,76,2,15,1,5
5.80645,68,2,2,2,6,21,21,12
3.6129,74,2,5,1
5.6129,74,2,2,15,8,9
5.48387,78,2,4,3,13
4.96774,94,2,8,9,12
6.83871,98,2,7,6,21,16
5.80645,68,2,14,9,1
4.83871,98,2,22,11,4
2.32258,114,2,5,4
9.54839,76,2,18,15,22,19,11
4,62,2,6,18
5.09677,90,2,20,9,22
2.96774,94,2,18,17,2
5.80645,68,2,12,7,13
3.35484,82,2,17,1
5.09677,90,2,4,12,8,8,4
2.96774,94,2,18,18,17,2
9.22581,86,2,22,7,14,11,21
5.16129,88,2,19,12,17
5.54839,76,2,13,14,10
6,62,2,12,14,10
5.93548,64,2,4,8,18
5.09677,90,2,22,15,2,11
5.03226,92,2,9,10,9,12
7.87097,66,2,21,13,13,12,14
5.74194,70,2,4,7,1
3.80645,68,2,16,1
5.22581,86,2,15,1,7
2.83871,98,2,10,12
5.6129,74,2,4,18,18,9
5.80645,68,2,21,7,5
6.70968,102,2,11,10,5,12
3.93548,64,2,8,6
3.67742,72,2,13,16
4.83871,98,2,1,9,20
5.41935,80,2,15,6,19
3.54839,76,2,6,11
3.67742,72,2,15,13,2
3.67742,72,2,16,19
5.87097,66,2,22,7,9
7.29032,84,2,14,2,20,4,15
5.29032,84,2,7,12,12,6
5.67742,72,2,15,7,5
4.77419,100,2,18,17,1
5.48387,78,2,11,21,13
2.58065,106,2,9,4
4.96774,94,2,4,17,3
7.93548,64,2,8,3,11,9
2.83871,98,2,5,12
7.29032,84,2,12,3,15,10
5.35484,82,2,8,22,16
5.87097,66,2,20,13,19
3.09677,90,2,16,12
4.83871,98,2,1,16,6
9.35484,82,2,20,7,14,18,14,6
7.29032,84,2,3,19,22,13
5.22581,86,2,19,9,10,10,19
6,62,2,11,5,9
3.54839,76,2,4,5
7.09677,90,2,3,22,7,22,9
3.93548,64,2,7,7,5
5.54839,76,2,8,21,8,5
3.80645,68,2,13,9
3.03226,92,2,12,17,2
3.35484,82,2,17,1
7.54839,76,2,3,21,15,12
7.35484,82,2,11,1,18,16
8,62,2,13,15,14,18
4,62,2,21,5
4.96774,94,2,11,15,5
9.74194,70,2,21,18,14,15,8
4.70968,102,2,15,15,10,21
3.41935,80,2,2,10,11
7.6129,74,2,3,9,3,8,18
7.6129,74,2,21,15,6,6,18
5.35484,82,2,20,16,18
5.93548,64,2,8,7,21
6,62,2,11,18,15
4.70968,102,2,18,18,6,11
3.6129,74,2,13,10
5.41935,80,2,22,6,12
4.96774,94,2,15,3,6
3.6129,74,2,6,3
5.67742,72,2,7,4,20
3.29032,84,2,16,7
7.09677,90,2,22,21,20,18
7.35484,82,2,14,21,19,20
4.90323,96,2,19,9,21
5.80645,68,2,18,14,16
5.22581,86,2,7,12,9
6.51613,108,2,20,21,13,10
5.22581,86,2,7,16,22
3.93548,64,2,7,5
7.93548,64,2,3,8,12,18
3.09677,90,2,2,10,3
2.58065,106,2,10,6
5.87097,66,2,7,19,9
5.67742,72,2,7,8,9
5.22581,86,2,4,1,1,15
7.93548,64,2,18,14,12,21
5.41935,80,2,18,7,9
4.90323,96,2,12,10,7
5.87097,66,2,19,14,4
3.74194,70,2,11,13
3.6129,74,2,5,1
7.6129,74,2,22,19,7,14
4,62,2,18,5
5.35484,82,2,4,11,21
5.67742,72,2,12,21,10
5.48387,78,2,3,5,1
5.67742,72,2,4,15,16
3.6129,74,2,17,4
5.6129,74,2,14,12,7,14
5.09677,90,2,11,10,22
3.93548,64,2,10,16
5.09677,90,2,20,17,13
5.48387,78,2,4,20,12,4
3.6129,74,2,17,17,8
7.48387,78,2,2,21,19,7,13
5.93548,64,2,3,14,4
2.83871,98,2,10,21
7.48387,78,2,13,14,18,5
2.77419,100,2,16,20
3.74194,70,2,12,2,5
5.6129,74,2,6,4,20
3.16129,88,2,5,3
7.67742,72,2,20,15,22,1
3.41935,80,2,9,3
3.80645,68,2,8,13
5.54839,76,2,6,14,22
5.09677,90,2,21,4,10
3.29032,84,2,1,2,9
5.35484,82,2,12,17,14
5.54839,76,2,22,2,1,19
7.93548,64,2,4,14,19,3
5.41935,80,2,3,22,4
3.16129,88,2,5,3
2.77419,100,2,16,20
3.29032,84,2,16,16,7
5.80645,68,2,15,18,20
5.41935,80,2,22,2,3,4
4.51613,108,2,4,8,4,10
7.87097,66,2,14,22,19,18
6.25806,116,2,12,11,5,20
5.16129,88,2,20,9,14
5.6129,74,2,12,11,12,17
5.03226,92,2,7,20,2,11
3.6129,74,2,6,20
2.83871,98,2,9,6
8,62,2,2,20,18,8,14
5.87097,66,2,21,13,22
5.87097,66,2,17,15,14
5.74194,70,2,14,6,15
5.22581,86,2,15,17,3
3.41935,80,2,17,3
3.41935,80,2,16,3
5.87097,66,2,13,22,8
4.83871,98,2,1,5,5,12
2.90323,96,2,16,6
5.67742,72,2,11,19,19,11,5
5.54839,76,2,20,9,11
3.35484,82,2,5,17
3.35484,82,2,15,2,5
3.09677,90,2,5,22
7.48387,78,2,7,6,4,12
5.03226,92,2,14,9,12
2.64516,104,2,5,2,16
7.22581,86,2,4,2,14,7,15,15,2
5.67742,72,2,6,21,20
3.80645,68,2,18,13
8,62,2,19,21,14,18
3.35484,82,2,17,11
3.87097,66,2,19,4
3.09677,90,2,10,14
7.6129,74,2,4,14,15,6
5.29032,84,2,10,9,19
7.41935,80,2,20,18,14,10
5.22581,86,2,8,8,22,11
5.74194,70,2,11,11,18,18,21
3.6129,74,2,9,19
5.29032,84,2,2,8,11,17
3.6129,74,2,17,8
5.6129,74,2,20,8,4
5.67742,72,2,20,12,2,18
3.09677,90,2,10,3
6.96774,94,2,17,7,22,5
5.29032,84,2,12,12,17,9
7.74194,70,2,12,2,14,7,17
3.67742,72,2,15,4,2
7.6129,74,2,21,8,19,20
5.80645,68,2,12,5,16
5.22581,86,2,8,9,17
4.51613,108,2,14,10,6
7.22581,86,2,18,21,15,16
3.54839,76,2,11,17
6,62,2,21,21,16,5
4.96774,94,2,22,4,1
3.41935,80,2,9,17
9.16129,88,2,4,15,22,17,14
7.35484,82,2,20,8,14,14,10
5.80645,68,2,6,14,21
5.03226,92,2,14,6,1
3.09677,90,2,5,14
7.41935,80,2,7,18,19,4
7.16129,88,2,2,4,15,17,14
5.80645,68,2,12,22,22,4
7.6129,74,2,13,4,6,20
3.93548,64,2,20,20,5
8.77419,100,2,8,14,18,14,12,5
8,62,2,15,18,3,8
5.80645,68,2,7,17,5
5.41935,80,2,4,21,2,18
5.48387,78,2,12,12,12,17,21
5.87097,66,2,21,2,22,2,14
3.67742,72,2,2,20,18,2
3.16129,88,2,9,12
7.03226,92,2,3,3,21,18,20
3.67742,72,2,4,9
6,62,2,22,3,8
3.41935,80,2,8,22,2
4,62,2,18,5
5.09677,90,2,14,6,20
5.80645,68,2,12,5,16
4,62,2,11,7
5.35484,82,2,3,16,17
5.35484,82,2,22,16,17
7.03226,92,2,4,7,19,7,16
2.83871,98,2,10,21
5.41935,80,2,2,4,6,9
5.16129,88,2,16,9,7
4,62,2,15,5
5.67742,72,2,13,19,16
5.09677,90,2,5,9,3
5.67742,72,2,18,18,3,21
5.29032,84,2,18,17,5
5.35484,82,2,21,17,20
3.48387,78,2,5,2,14
2.45161,110,2,5,20
3.29032,84,2,5,18
5.80645,68,2,2,18,15,4
2.58065,106,2,5,6
3.35484,82,2,6,9
5.29032,84,2,22,10,11
5.41935,80,2,18,16,8
3.48387,78,2,2,16,15
3.54839,76,2,9,2,22
2.58065,106,2,9,13
2.90323,96,2,16,6
9.22581,86,2,2,21,19,9,10,17
5.48387,78,2,7,3,20
3.93548,64,2,1,7
5.54839,76,2,1,21,21,4
3.80645,68,2,13,9
5.22581,86,2,7,11,22
5.09677,90,2,17,7,9
3.48387,78,2,16,15
4,62,2,8,20
5.03226,92,2,6,4,1
7.48387,78,2,1,3,12,11
5.41935,80,2,2,8,5,8,15
3.93548,64,2,2,11,20
5.67742,72,2,12,15,5
2.77419,100,2,5,21
3.29032,84,2,6,10
2.83871,98,2,5,12
3.29032,84,2,6,10
4,62,2,22,5
7.93548,64,2,19,2,12,3,8
7.6129,74,2,20,20,11,8,22
4,62,2,17,21
2.58065,106,2,18,16,2
5.09677,90,2,11,10,22
3.22581,86,2,11,2,5
5.16129,88,2,4,11,22
5.03226,92,2,7,9,22
2.19355,118,2,10,13
3.87097,66,2,1,22
4.3871,112,2,17,2,13,10
5.54839,76,2,8,1,20
6.06452,122,2,21,8,10,13
3.41935,80,2,16,14
4.45161,110,2,7,9,20
3.74194,70,2,6,12
7.29032,84,2,20,4,21,21,4,17
5.74194,70,2,8,1,7
4.51613,108,2,7,20,20,10
5.67742,72,2,2,3,11,3,14,2
5.41935,80,2,15,8,20
3.29032,84,2,14,6,2
3.87097,66,2,12,2,2,16
3.80645,68,2,13,9
5.93548,64,2,7,1,8
3.48387,78,2,1,13
3.6129,74,2,1,8,2
5.74194,70,2,13,12,1,12,2
9.80645,68,2,2,21,3,8,19,7
7.29032,84,2,19,7,22,20
2.77419,100,2,16,20
5.6129,74,2,2,1,16,16,19
5.35484,82,2,21,10,11
9.74194,70,2,8,3,14,19,15
2.32258,114,2,5,4
5.54839,76,2,17,15,12
4.25806,116,2,14,10,10,4
9.54839,76,2,20,15,14,18,11
3.87097,66,2,17,6
7.74194,70,2,15,22,21,17
10,62,2,20,7,22,7,14,19
3.54839,76,2,17,17,12
9.54839,76,2,12,18,8,11,16
3.87097,66,2,3,17
3.35484,82,2,10,17
5.93548,64,2,7,12,20
9.41935,80,2,8,14,15,21,6
5.54839,76,2,19,15,13
5.87097,66,2,2,15,1,8
6,62,2,2,14,8,5
6,62,2,3,11,15
7.6129,74,2,14,1,19,21
3.54839,76,2,1,4
3.74194,70,2,16,11
3.87097,66,2,13,2,5
7.67742,72,2,13,20,12,7
4,62,2,11,7
4.58065,106,2,22,9,6
7.16129,88,2,21,20,12,12,17
3.54839,76,2,1,6
5.93548,64,2,14,15,9
5.35484,82,2,17,15,4
5.29032,84,2,21,6,9
7.54839,76,2,14,8,19,8,17
5.54839,76,2,15,6,18
5.29032,84,2,11,18,5
3.48387,78,2,1,17
10,62,2,12,19,8,3,1
4.12903,120,2,16,5,13
9.41936,80,2,2,20,20,14,18,15,10
5.80645,68,2,14,16,14,7
5.03226,92,2,20,17,3
5.48387,78,2,4,14,5
5.67742,72,2,22,14,13
5.6129,74,2,7,7,8,10
3.80645,68,2,16,16,1
8.96774,94,2,21,14,7,8,6
5.87097,66,2,3,11,22
5.41935,80,2,7,4,18
5.22581,86,2,21,1,13
3.80645,68,2,7,18,2
5.6129,74,2,2,22,1,19
5.67742,72,2,19,15,9
5.54839,76,2,2,19,12,22
6,62,2,1,3,19
3.6129,74,2,6,20
5.16129,88,2,19,3,17
3.6129,74,2,13,10
3.16129,88,2,9,12
7.87097,66,2,13,18,14,12
3.29032,84,2,6,10
4.64516,104,2,8,16,20
5.54839,76,2,12,12,8,11,2
5.6129,74,2,22,20,21
3.6129,74,2,2,17,4
5.80645,68,2,20,20,8,10
5.35484,82,2,4,8,20
6,62,2,14,7,4
6.64516,104,2,4,12,20,16
5.67742,72,2,8,12,7
3.35484,82,2,9,22
4,62,2,15,2,6
4.77419,100,2,14,16,6
5.67742,72,2,17,7,19
3.29032,84,2,16,7
5.74194,70,2,19,12,11
3.29032,84,2,15,2,10
4,62,2,1,15
3.16129,88,2,5,3
5.6129,74,2,22,19,19,6
5.09677,90,2,1,10,7
7.48387,78,2,13,3,12,7
3.41935,80,2,17,3
5.03226,92,2,12,10,22
5.16129,88,2,15,9,22
5.48387,78,2,3,14,15,2
3.67742,72,2,4,9
4.3871,112,2,18,6,5
3.80645,68,2,18,13
3.80645,68,2,9,9,11
5.16129,88,2,3,4,8
7.48387,78,2,13,8,1,10
5.41935,80,2,11,1,17
3.41935,80,2,9,3
9.74194,70,2,4,21,19,18,22
6.3871,112,2,12,3,9,13
5.09677,90,2,8,10,15
4.32258,114,2,19,10,20
5.93548,64,2,21,8,20
5.29032,84,2,7,13,3
3.6129,74,2,13,5
5.16129,88,2,8,9,22
5.54839,76,2,11,11,11,5,1
5.93548,64,2,20,11,5
5.67742,72,2,15,17,6
3.35484,82,2,5,19
5.03226,92,2,14,16,21
3.29032,84,2,5,18
5.41935,80,2,3,1,4
6,62,2,14,7,4
3.93548,64,2,18,4
5.54839,76,2,20,8,17
2.83871,98,2,9,6
3.48387,78,2,20,1,2
5.35484,82,2,19,22,10
5.6129,74,2,4,6,1
3.80645,68,2,13,9
7.54839,76,2,21,4,15,17
5.67742,72,2,18,3,21
7.41935,80,2,12,21,17,10
5.09677,90,2,14,4,11
4.90323,96,2,8,9,21
4,62,2,7,10
5.93548,64,2,4,22,4,12
7.09677,90,2,20,19,7,1
2.32258,114,2,5,4
4.90323,96,2,2,14,10,7
7.35484,82,2,12,2,20,4,19
5.54839,76,2,11,9,18
4,62,2,7,10
5.93548,64,2,14,12,14,17
3.41935,80,2,9,14
3.6129,74,2,6,20
7.09677,90,2,20,14,12,5
7.93548,64,2,21,12,1,8
7.29032,84,2,13,4,13,2,1,22
5.93548,64,2,19,21,4
7.22581,86,2,22,16,9,14
4.25806,116,2,14,10,4
3.16129,88,2,5,3
6,62,2,18,2,18,1,18,15
7.54839,76,2,7,22,12,15
5.67742,72,2,14,16,1
5.74194,70,2,3,4,6
5.80645,68,2,4,7,3
3.74194,70,2,17,2,18
5.22581,86,2,14,13,15
4.70968,102,2,22,10,12
4.90323,96,2,12,13,13,10
3.87097,66,2,16,2,12
3.09677,90,2,10,3
3.35484,82,2,1,19,2
5.41935,80,2,7,7,8,4
5.29032,84,2,3,16,14
5.80645,68,2,21,3,13
3.6129,74,2,11,6
5.80645,68,2,18,21,21,13
4.96774,94,2,16,5,14
5.87097,66,2,21,3,22
7.16129,88,2,20,4,22,13
9.22581,86,2,22,15,8,8,3,4
5.22581,86,2,16,10,18
3.87097,66,2,6,6,19
7.74194,70,2,22,2,15,7,21
3.41935,80,2,10,11
5.48387,78,2,13,17,10
3.35484,82,2,9,22
5.87097,66,2,13,8,21
3.09677,90,2,5,14
3.22581,86,2,6,5
3.93548,64,2,7,5
7.87097,66,2,12,21,15,21,11
3.29032,84,2,2,6,10
3.6129,74,2,2,9,2,3
3.93548,64,2,18,20
5.35484,82,2,8,22,16
9.16129,88,2,21,7,22,17,1
7.09677,90,2,8,14,7,10
5.80645,68,2,21,13,3
2.51613,108,2,20,16,2
7.93548,64,2,18,14,21,20
3.74194,70,2,19,13
5.74194,70,2,8,15,6
5.29032,84,2,14,10,19
2.45161,110,2,5,20
2.25806,116,2,5,13
5.35484,82,2,19,16,17
4.58065,106,2,18,6,16
5.6129,74,2,15,1,10
6,62,2,3,13,4
5.93548,64,2,20,14,13
3.35484,82,2,17,1
3.35484,82,2,9,22
3.93548,64,2,11,22
6,62,2,21,18,5
2.64516,104,2,16,4
5.67742,72,2,13,22,20
6.83871,98,2,7,7,19,3,17
3.87097,66,2,17,6
3.54839,76,2,1,4
5.80645,68,2,21,12,17
3.09677,90,2,10,3
3.16129,88,2,16,21
3.54839,76,2,6,1
5.6129,74,2,22,11,19
5.29032,84,2,3,16,14
5.67742,72,2,2,15,17,5
4.96774,94,2,22,9,7
5.6129,74,2,1,21,12
2.58065,106,2,9,4
3.93548,64,2,19,6
5.48387,78,2,3,20,7
3.35484,82,2,17,11
5.67742,72,2,12,21,10
4,62,2,7,10
7.80645,68,2,1,14,8,8,19
4,62,2,17,18
5.22581,86,2,7,12,17
2.32258,114,2,10,4
7.16129,88,2,21,4,14,9
4,62,2,6,18
5.41935,80,2,4,3,5
5.22581,86,2,15,12,6
3.93548,64,2,20,5
5.87097,66,2,19,18,17
5.6129,74,2,15,8,9
2.83871,98,2,10,12
3.35484,82,2,17,17,1
5.22581,86,2,8,10,18
7.67742,72,2,20,11,8,7
3.48387,78,2,1,17
3.74194,70,2,16,11
7.22581,86,2,12,13,20,8
3.29032,84,2,6,10
7.67742,72,2,8,1,9,11
5.16129,88,2,4,11,22
2.77419,100,2,9,20
5.54839,76,2,4,3,22
5.48387,78,2,18,8,20
7.41936,80,2,3,18,21,6
5.93548,64,2,20,3,22
3.48387,78,2,16,15
7.67742,72,2,21,12,22,14
4.77419,100,2,11,5,12
5.41935,80,2,4,17,14
5.35484,82,2,5,10,17
4.70968,102,2,12,6,10
3.67742,72,2,16,19
5.29032,84,2,18,10,18,16
5.6129,74,2,2,4,19,9
7.6129,74,2,21,15,12,22
4.58065,106,2,7,15,9,2
7.80645,68,2,14,21,1,8
6,62,2,14,14,14,11,18
5.41935,80,2,13,17,17,16
3.93548,64,2,12,7,2
3.09677,90,2,10,3
3.6129,74,2,11,6
6,62,2,14,18,4
7.22581,86,2,13,14,3,22
5.93548,64,2,21,6,18
3.6129,74,2,17,8
5.87097,66,2,21,4,19
3.87097,66,2,1,22
5.41935,80,2,4,6,9
7.6129,74,2,7,21,15,4
3.93548,64,2,18,20
5.67742,72,2,8,12,1
7.74194,70,2,7,18,12,8
7.22581,86,2,21,1,3,9
9.35484,82,2,12,14,1,11,20
5.6129,74,2,21,13,2,22
5.80645,68,2,7,17,6
5.22581,86,2,8,7,16
3.74194,70,2,6,12
4.83871,98,2,18,17,3
3.93548,64,2,2,9,1
5.22581,86,2,7,11,11,20
3.09677,90,2,5,14
7.74194,70,2,13,15,7,7,8
5.6129,74,2,1,21,12
5.6129,74,2,13,1,14
7.93548,64,2,4,15,19,14
5.54839,76,2,7,2,22,12
5.03226,92,2,19,10,3
5.6129,74,2,22,17,4
7.74194,70,2,22,7,12,20
3.6129,74,2,17,8
7.6129,74,2,20,3,8,12,2
5.41935,80,2,7,1,21
6,62,2,15,4,13
5.41935,80,2,3,7,20
7.93548,64,2,11,19,8,14
4.58065,106,2,11,9,13
7.87097,66,2,12,19,18,11
3.6129,74,2,17,4
4.12903,120,2,16,5,5,13
3.6129,74,2,13,10
4.90323,96,2,19,9,21
5.16129,88,2,19,5,17
5.03226,92,2,8,7,5
5.80645,68,2,20,6,13
4,62,2,15,5
2.45161,110,2,16,13
7.80645,68,2,7,22,18,6
5.67742,72,2,3,16,1
5.87097,66,2,17,7,18
4,62,2,22,5
2.83871,98,2,9,6
5.74194,70,2,1,1,11,22
3.35484,82,2,10,19
3.6129,74,2,10,1
3.74194,70,2,1,20
2.77419,100,2,9,20
5.6129,74,2,13,22,9
6,62,2,12,10,9
5.09677,90,2,9,5,3
5.41935,80,2,14,4,3
7.29032,84,2,21,20,13,22
4,62,2,7,10
3.48387,78,2,16,22
7.67742,72,2,12,13,21,20
5.87097,66,2,19,8,9
4.83871,98,2,15,1,4
7.54839,76,2,12,19,9,11
5.93548,64,2,20,19,16
3.54839,76,2,9,8
5.41935,80,2,12,21,2,1
5.29032,84,2,12,9,17
7.29032,84,2,12,8,22,4
5.87097,66,2,22,3,12
5.16129,88,2,13,17,4
5.6129,74,2,14,4,7
4.96774,94,2,7,2,11,11,13
5.74194,70,2,7,4,12
3.09677,90,2,16,12
5.6129,74,2,19,7,4
5.22581,86,2,13,1,7
3.93548,64,2,13,7,7,2
5.80645,68,2,12,19,4
7.80645,68,2,7,15,15,19,5
3.09677,90,2,5,14
3.87097,66,2,19,20
3.48387,78,2,1,17
2.96774,94,2,10,7
5.48387,78,2,2,19,3,13
4.83871,98,2,15,20,17
5.41935,80,2,1,10,1,11,10
4.70968,102,2,18,6,1
5.54839,76,2,11,18,1
5.29032,84,2,18,3,13
7.87097,66,2,14,21,20,21,18
4.25806,116,2,2,7,9,13
5.35484,82,2,18,17,10
3.87097,66,2,21,2,16
5.35484,82,2,7,15,21,2,15
5.87097,66,2,8,5,9
3.87097,66,2,2,3,17
3.93548,64,2,8,4
5.22581,86,2,7,7,9,8
5.67742,72,2,4,1,9
6,62,2,20,1,14
3.67742,72,2,4,9
3.80645,68,2,8,13
7.03226,92,2,13,13,3,14,14,10
5.09677,90,2,7,1,20
7.16129,88,2,20,11,8,13
6,62,2,22,16,5
2.58065,106,2,9,13
3.74194,70,2,1,20
5.09677,90,2,8,7,10
3.54839,76,2,17,12
3.6129,74,2,13,5
5.54839,76,2,3,18,20
8,62,2,7,15,4,13
5.87097,66,2,13,12,6
5.93548,64,2,3,21,13
5.16129,88,2,20,16,14
4.77419,100,2,18,17,17,11
5.74194,70,2,7,12,4
4.96774,94,2,12,17,13
4.25806,116,2,22,13,16
7.22581,86,2,15,21,21,20,22
3.22581,86,2,9,7
3.87097,66,2,17,16
5.87097,66,2,7,17,10
5.67742,72,2,22,14,13
5.48387,78,2,13,21,5
3.93548,64,2,1,7
7.54839,76,2,13,12,18,5
3.74194,70,2,1,20
5.80645,68,2,3,8,13
7.41935,80,2,1,11,8,20
9.16129,88,2,6,22,7,15,20
5.29032,84,2,1,18,18,10
5.74194,70,2,19,19,9,1
5.35484,82,2,14,2,11,21
5.09677,90,2,19,10,15
5.35484,82,2,2,20,11,6
3.6129,74,2,10,1
4.58065,106,2,19,9,20
3.54839,76,2,4,5
5.16129,88,2,19,19,9,22
3.41935,80,2,17,3
5.09677,90,2,12,9,7
3.41935,80,2,9,17
3.6129,74,2,6,20
3.22581,86,2,9,7
3.54839,76,2,7,3,2
5.29032,84,2,17,7,7,11
2.45161,110,2,5,20
4.58065,106,2,9,16,4
5.03226,92,2,21,21,10,22
5.29032,84,2,13,19,20
3.74194,70,2,5,2,21
7.87097,66,2,20,20,14,18,9
5.09677,90,2,5,10,3
3.54839,76,2,3,18,2
4.90323,96,2,15,16,12
7.54839,76,2,4,4,12,21,17
5.16129,88,2,3,7,9
3.87097,66,2,19,2,1
4,62,2,6,18
11.6129,74,2,20,21,15,14,14,8,12
5.6129,74,2,11,19,10
3.54839,76,2,11,17
4,62,2,11,7
3.16129,88,2,5,15
3.93548,64,2,19,6
3.48387,78,2,17,13
3.93548,64,2,8,6
3.48387,78,2,5,11
4.90323,96,2,13,17,17,1
7.35484,82,2,8,18,12,15
5.93548,64,2,8,14,20
3.93548,64,2,9,1
9.03226,92,2,2,21,8,11,19,4
5.6129,74,2,4,6,11
7.29032,84,2,22,19,8,19,4
3.09677,90,2,10,3
8,62,2,2,22,22,7,17,15
6,62,2,20,12,9
5.6129,74,2,22,16,11
4,62,2,6,17
3.16129,88,2,16,21
5.54839,76,2,13,19,10
3.6129,74,2,17,8
4.3871,112,2,19,9,4
3.35484,82,2,15,6,2
4.58065,106,2,15,20,16
4,62,2,17,18
3.48387,78,2,2,17,13
2.96774,94,2,5,7
3.41935,80,2,6,16
4.77419,100,2,6,21,5
4.83871,98,2,10,9,12
3.93548,64,2,8,6
3.41935,80,2,9,17
5.87097,66,2,14,20,14,22
5.87097,66,2,14,22,12
4.90323,96,2,7,1,6
3.09677,90,2,10,3
3.35484,82,2,18,2,16
6,62,2,19,7,18
5.35484,82,2,1,3,10
3.93548,64,2,3,6
3.09677,90,2,10,3
7.22581,86,2,7,19,22,16
5.03226,92,2,3,21,2,18
5.67742,72,2,20,19,20,22
3.87097,66,2,17,5
5.87097,66,2,7,3,19
6.83871,98,2,15,9,16,12
3.87097,66,2,17,19
5.74194,70,2,13,14,17
4,62,2,15,5
9.22581,86,2,15,14,3,8,9
3.35484,82,2,6,15,2
3.74194,70,2,19,13
3.29032,84,2,6,10
3.80645,68,2,6,8
5.16129,88,2,1,18,4
5.35484,82,2,21,17,3
9.22581,86,2,15,14,18,8,9
5.93548,64,2,7,19,16
5.87097,66,2,13,20,19
2.96774,94,2,10,7
5.67742,72,2,15,17,19
6,62,2,8,15,14
2.45161,110,2,2,5,9,9,2
5.80645,68,2,12,5,16
4.64516,104,2,3,5,21
3.6129,74,2,17,8
7.6129,74,2,18,19,8,22
6,62,2,15,8,18
2.96774,94,2,5,7
5.16129,88,2,15,6,3
4.83871,98,2,7,2,6,3
7.67742,72,2,17,15,7,14
7.29032,84,2,1,19,14,4
3.93548,64,2,18,4
5.6129,74,2,2,11,11,11,8,20
3.48387,78,2,1,17
5.67742,72,2,14,14,11,22
5.80645,68,2,21,8,17
6.83871,98,2,3,14,1,4
4.3871,112,2,15,20,5
5.93548,64,2,3,14,4
5.67742,72,2,3,12,9
5.29032,84,2,15,15,8,17
3.48387,78,2,16,22
3.74194,70,2,4,16
7.29032,84,2,3,19,15,5
7.87097,66,2,3,8,11,11,21
3.29032,84,2,10,18
5.22581,86,2,4,8,17
3.54839,76,2,9,8
7.29032,84,2,15,22,6,8
3.09677,90,2,5,14
5.93548,64,2,19,11,14
3.54839,76,2,9,18
9.35484,82,2,21,8,18,15,4
4.58065,106,2,21,9,20
5.29032,84,2,22,8,4
5.35484,82,2,4,17,9
5.67742,72,2,4,20,8
5.48387,78,2,22,14,5
7.93548,64,2,11,1,10,1,8
5.74194,70,2,13,18,1
5.41935,80,2,3,1,4
5.67742,72,2,21,13,18
3.67742,72,2,16,19
5.67742,72,2,7,3,3,18
5.35484,82,2,21,9,18
5.03226,92,2,11,12,16
3.35484,82,2,2,17,11
5.22581,86,2,5,9,8
5.16129,88,2,2,12,5,19
7.48387,78,2,13,21,3,20
2.58065,106,2,5,6
4,62,2,6,18
8.96774,94,2,14,16,9,10,22
5.67742,72,2,7,14,10
3.41935,80,2,17,20
5.16129,88,2,12,5,19
2.64516,104,2,19,16,2
3.80645,68,2,16,1
9.80645,68,2,7,14,8,19,3
5.29032,84,2,2,22,3,7
3.48387,78,2,9,15
5.48387,78,2,2,3,15,4
3.29032,84,2,10,8
3.6129,74,2,17,4
3.54839,76,2,4,5
3.87097,66,2,6,19
3.93548,64,2,2,11,22
3.35484,82,2,5,19
6,62,2,2,21,22,11
3.16129,88,2,16,21
5.29032,84,2,1,9,7
5.93548,64,2,6,7,14
3.6129,74,2,19,18,2
5.29032,84,2,3,13,7
5.54839,76,2,19,14,5
5.6129,74,2,19,8,4
10.9677,94,2,7,22,19,14,18,13
5.87097,66,2,15,18,5
3.93548,64,2,8,4
3.87097,66,2,2,1,22
5.35484,82,2,8,11,6
3.93548,64,2,10,10,16
5.03226,92,2,7,6,5
3.35484,82,2,9,22
3.41935,80,2,16,16,3
3.6129,74,2,14,2,9
5.16129,88,2,7,15,2,11
7.22581,86,2,22,15,3,9
3.22581,86,2,6,5
5.35484,82,2,22,17,11
3.93548,64,2,8,6
4.64516,104,2,19,16,20
3.80645,68,2,17,9
7.41935,80,2,4,12,18,9
7.48387,78,2,7,19,7,22,9
3.29032,84,2,5,18
5.74194,70,2,12,12,15,13
6,62,2,21,14,3,2
5.80645,68,2,7,14,16
3.41935,80,2,5,2,22
5.29032,84,2,2,20,2,9,18
5.09677,90,2,15,13,22
5.54839,76,2,4,1,14
5.03226,92,2,19,12,10
5.80645,68,2,22,17,9
3.74194,70,2,17,2,18
4,62,2,15,5
5.93548,64,2,14,15,20
3.54839,76,2,9,8
5.67742,72,2,4,3,20
5.87097,66,2,14,3,7
3.48387,78,2,16,22
5.22581,86,2,1,2,14,17
4,62,2,17,18
2.19355,118,2,10,13
3.93548,64,2,20,5
5.74194,70,2,3,22,14
3.80645,68,2,6,8
5.22581,86,2,21,1,13
5.29032,84,2,15,3,4
4.12903,120,2,15,13,16
5.87097,66,2,3,18,11
6.77419,100,2,1,9,5,21
5.35484,82,2,1,5,19
5.80645,68,2,4,1,8
3.48387,78,2,16,17
2.58065,106,2,15,16,2
3.93548,64,2,8,4
3.80645,68,2,16,1
4.96774,94,2,4,11,13
4.96774,94,2,19,19,5,15
7.09677,90,2,7,18,21,16
5.41935,80,2,20,2,4,9
7.54839,76,2,22,7,13,12
5.54839,76,2,3,13,20
3.09677,90,2,4,17,17,2
3.93548,64,2,11,20
5.29032,84,2,2,18,11,11,7
3.09677,90,2,10,22
3.09677,90,2,5,22
5.87097,66,2,12,13,3
5.16129,88,2,20,9,14
5.22581,86,2,2,22,10,17
3.16129,88,2,5,15
5.54839,76,2,14,14,16,19
3.48387,78,2,16,17
5.80645,68,2,7,17,5
6.90323,96,2,12,3,5,14
3.35484,82,2,5,19
5.6129,74,2,3,1,20
7.74194,70,2,4,19,14,15
3.29032,84,2,5,8
5.35484,82,2,3,16,17
4,62,2,6,18
5.16129,88,2,18,9,17
5.87097,66,2,22,3,11
5.67742,72,2,11,15,19
3.87097,66,2,2,17,17,19
3.48387,78,2,17,13
5.6129,74,2,14,13,6
3.93548,64,2,3,6
3.74194,70,2,19,13
5.41935,80,2,8,22,4
6,62,2,18,3,11
3.6129,74,2,16,18
8,62,2,3,14,21,14,22
7.22581,86,2,8,9,16,17
4.25806,116,2,14,13,5
3.22581,86,2,9,7
5.09677,90,2,15,7,2,6
5.22581,86,2,11,15,11,21
4.77419,100,2,3,20,16
5.48387,78,2,7,8,20
7.87097,66,2,20,12,1,14
3.93548,64,2,20,10
5.54839,76,2,18,16,11
3.93548,64,2,19,6
5.29032,84,2,4,6,5
5.29032,84,2,6,22,11
4.25806,116,2,9,10,13
3.93548,64,2,18,20
3.41935,80,2,10,11
3.74194,70,2,19,13
3.87097,66,2,1,22
2.58065,106,2,9,13
2.77419,100,2,16,20
5.54839,76,2,11,3,5
3.29032,84,2,2,10,18
