2.58065,106,16,2,10
3.87097,66,16,16,2,4
3.16129,88,16,2,17
5.54839,76,16,11,15,20
5.35484,82,16,1,22,9
4,62,16,5,2
6.70968,102,16,15,1,11,6
5.54839,76,16,19,12,6
3.74194,70,16,16,3,6
6.70968,102,16,11,1,20,17
5.67742,72,16,5,21,21,20
2.83871,98,16,13,8
5.09677,90,16,3,20,19
6.77419,100,16,19,18,17,11
8,62,16,10,9,3,21
5.09677,90,16,15,13,14
6,62,16,22,18,11
3.93548,64,16,10,20
5.87097,66,16,12,19,14
3.74194,70,16,17,20
5.67742,72,16,14,20,12
2.77419,100,16,2,9
3.09677,90,16,13,22
7.87097,66,16,16,11,3,8,8,2
5.41936,80,16,19,6,14
3.29032,84,16,21,5
5.67742,72,16,16,21,3,19
7.29032,84,16,16,18,3,19,3,20
5.6129,74,16,1,16,16,12,18
5.03226,92,16,3,4,18
5.74194,70,16,10,14,17
3.03226,92,16,21,12,16
3.87097,66,16,10,4
4,62,16,1,17
4.64516,104,16,8,2,2,2,9
3.54839,76,16,20,14
7.03226,92,16,11,12,3,3,17
5.93548,64,16,11,12,7
3.74194,70,16,4,6
3.87097,66,16,13,4
3.67742,72,16,13,2
4,62,16,7,13
3.67742,72,16,17,1
6,62,16,14,19,9
4.96774,94,16,12,13,18
3.16129,88,16,21,16,20
9.03226,92,16,11,19,11,8,18,20
7.35484,82,16,11,9,1,7
6,62,16,1,15,17
5.87097,66,16,22,18,18,9
7.03226,92,16,14,12,19,2
5.09677,90,16,8,5,22
5.09677,90,16,21,18,13
5.80645,68,16,21,12,18
5.48387,78,16,8,12,6
5.48387,78,16,21,19,21,17
3.41935,80,16,2,8
6,62,16,5,3,21
3.93548,64,16,10,2
5.93548,64,16,1,21,13
5.67742,72,16,1,19,13
3.03226,92,16,20,20,17
4.70968,102,16,12,12,11,6
5.74194,70,16,14,1,18
3.54839,76,16,4,12
3.67742,72,16,16,15,8,16
5.35484,82,16,20,2,3
5.54839,76,16,8,17,7
2.32258,114,16,13,16,4
5.54839,76,16,9,2,14
5.6129,74,16,3,9,1
5.93548,64,16,11,9,18
7.67742,72,16,19,7,21,3
5.87097,66,16,17,18,8
7.93548,64,16,8,12,12,18,14
2.58065,106,16,20,5
3.09677,90,16,4,17
7.74194,70,16,15,22,18,9
5.03226,92,16,10,6,2
7.03226,92,16,9,15,20,19
5.80645,68,16,21,8,18
5.67742,72,16,17,14,11
7.48387,78,16,11,14,1,12
7.09677,90,16,5,10,16,17,1
3.16129,88,16,6,11
7.54839,76,16,10,10,18,17,7
5.80645,68,16,1,2,21
3.93548,64,16,7,1
4.64516,104,16,3,2,9
4,62,16,22,10
3.48387,78,16,13,12
5.87097,66,16,1,19,6
5.41935,80,16,19,2,22
5.41935,80,16,19,2,22
5.80645,68,16,22,8,21
3.41935,80,16,22,21,16
5.93548,64,16,7,19,7,18
5.16129,88,16,2,2,20,22
5.67742,72,16,14,19,20
7.41935,80,16,17,16,5,9,12
3.16129,88,16,4,8
3.48387,78,16,2,15
3.87097,66,16,14,5
5.22581,86,16,7,19,4
7.6129,74,16,18,21,20,12
3.74194,70,16,17,20
5.80645,68,16,17,7,12
3.54839,76,16,2,22
2.58065,106,16,20,10
5.80645,68,16,12,14,11
4,62,16,16,11,6
4.3871,112,16,16,16,15,9,4
7.03226,92,16,9,8,20,18
3.22581,86,16,4,18
2.96774,94,16,4,11
5.41935,80,16,8,8,9,14
5.67742,72,16,16,1,7,12
2.77419,100,16,13,17
3.03226,92,16,20,17
3.22581,86,16,6,3
5.03226,92,16,12,12,20,1
3.67742,72,16,3,17
5.16129,88,16,15,1,22
6,62,16,7,21,2
5.93548,64,16,15,12,21
7.6129,74,16,7,22,17,18
5.80645,68,16,17,14,15
5.74194,70,16,15,1,3
5.22581,86,16,22,2,11
6,62,16,5,7,14
5.80645,68,16,14,18,20
3.16129,88,16,2,17
5.93548,64,16,5,11,20
5.67742,72,16,17,15,20
5.35484,82,16,19,5,19,19,19,2
4.64516,104,16,14,21,2,16
3.93548,64,16,7,1
4,62,16,17,10,16
5.16129,88,16,8,20,18
3.93548,64,16,6,22
3.48387,78,16,13,12
4.83871,98,16,18,13,19
5.87097,66,16,7,15,11
3.74194,70,16,4,2
5.87097,66,16,19,3,4
5.29032,84,16,21,3,20
4.19355,118,16,3,4,10
7.03226,92,16,8,16,16,18,22,1
3.87097,66,16,17,12
9.35484,82,16,16,10,1,14,7,4
7.22581,86,16,14,8,15,9
7.41935,80,16,21,21,14,8,9
5.22581,86,16,22,13,7
7.41935,80,16,1,21,12,4
7.03226,92,16,9,12,11,2
5.74194,70,16,1,1,18,5
5.6129,74,16,11,5,8
6,62,16,7,18,12
6,62,16,11,7,18
3.29032,84,16,16,7,16,2
5.29032,84,16,11,12,12,5
5.03226,92,16,22,12,9
3.35484,82,16,2,11
3.48387,78,16,12,17
5.48387,78,16,16,16,18,10,10,10,19
3.93548,64,16,17,4
3.22581,86,16,4,18
5.54839,76,16,3,15,6
2.58065,106,16,20,5
5.87097,66,16,12,8,14
5.35484,82,16,9,18,12,9
5.74194,70,16,3,2,21
5.87097,66,16,18,1,5
5.29032,84,16,18,11,18,8,16
2.32258,114,16,4,5
5.48387,78,16,19,12,9
5.35484,82,16,10,18,7,16
3.48387,78,16,4,20
3.87097,66,16,2,4
5.41935,80,16,22,8,10
5.93548,64,16,18,11,9
3.87097,66,16,14,5
5.22581,86,16,10,16,21,9
5.29032,84,16,7,7,19,19,2
5.16129,88,16,21,2,1
3.87097,66,16,2,12
5.80645,68,16,21,15,21,3
2.77419,100,16,20,9
5.87097,66,16,17,22,2
2.90323,96,16,6,10
6,62,16,8,14,9
5.87097,66,16,10,10,19,6
9.87097,66,16,5,10,19,22,21
5.93548,64,16,22,17,21
7.80645,68,16,15,22,18,17
7.93548,64,16,1,3,3,18,7
3.93548,64,16,10,2
4.90323,96,16,7,12,7,10
7.48387,78,16,21,15,19,12
5.74194,70,16,19,1,22
3.93548,64,16,17,4
7.41935,80,16,15,18,7,15,20
6.83871,98,16,15,18,17,12
3.87097,66,16,2,21
4,62,16,2,13
9.03226,92,16,9,18,14,2,1
4.32258,114,16,10,8,16,16,4
2.83871,98,16,6,5
3.35484,82,16,12,10
3.74194,70,16,17,20
5.48387,78,16,10,22,5
7.09677,90,16,19,18,12,10
5.22581,86,16,1,20,20,11
3.41935,80,16,6,2
3.54839,76,16,2,22
7.87097,66,16,17,22,15,12
5.48387,78,16,7,6,18
3.87097,66,16,10,4
5.35484,82,16,18,20,14
5.93548,64,16,9,9,16,6,4
3.35484,82,16,2,11
7.54839,76,16,18,3,14,1
5.29032,84,16,22,3,22,4
2.90323,96,16,6,10
2.83871,98,16,13,19
7.41935,80,16,9,18,8,14,14,16
5.87097,66,16,16,15,15,14,20
7.35484,82,16,5,7,22,13
3.74194,70,16,17,20
4.70968,102,16,1,6,11
6,62,16,19,12,4
5.87097,66,16,9,3,5
7.80645,68,16,10,9,15,4
3.93548,64,16,3,10
3.6129,74,16,20,4
5.74194,70,16,5,1,6
5.87097,66,16,5,10,2
5.16129,88,16,9,21,5
3.09677,90,16,20,6
3.67742,72,16,3,17
4,62,16,9,16,3,9
8.32258,114,16,10,9,5,11,9,10,16,4
6,62,16,16,14,7,19
4,62,16,15,5
3.48387,78,16,2,15
5.54839,76,16,5,12,7
4.83871,98,16,10,6,20
3.09677,90,16,20,6
5.80645,68,16,1,5,8
7.54839,76,16,1,11,19,13
6,62,16,16,10,7,17
5.93548,64,16,3,22,15
5.35484,82,16,19,1,17
7.54839,76,16,11,19,9,19,22
4,62,16,12,4
3.6129,74,16,20,4
5.54839,76,16,10,16,17,22,16
7.74194,70,16,14,19,14,12,11
5.93548,64,16,8,21,8,22
3.87097,66,16,20,12
5.93548,64,16,12,18,15
5.93548,64,16,15,18,6
2.83871,98,16,13,8
3.54839,76,16,20,3
5.87097,66,16,8,2,13
2.90323,96,16,4,1
5.74194,70,16,11,19,20
7.03226,92,16,5,14,11,2
2.90323,96,16,13,18
2.3871,112,16,4,10
5.16129,88,16,21,20,18
7.41935,80,16,14,7,22,11
5.22581,86,16,22,6,20
3.48387,78,16,2,16,22
4.90323,96,16,16,5,21,10
3.48387,78,16,4,7
3.67742,72,16,7,10
9.48387,78,16,10,19,8,18,1
3.93548,64,16,18,16,12
3.87097,66,16,2,12
5.16129,88,16,9,4,3
4,62,16,3,13
4,62,16,1,17
3.93548,64,16,14,10
5.41935,80,16,11,15,10
2.64516,104,16,13,1
5.41935,80,16,17,7,9
6,62,16,19,11,19,3,11
2.96774,94,16,6,6,9
3.93548,64,16,16,10,2
7.93548,64,16,9,5,15,12
4.3871,112,16,20,20,2,2,5
4,62,16,11,11,6
3.35484,82,16,4,15
2.45161,110,16,4,9
5.80645,68,16,11,11,9,14
3.93548,64,16,6,22
2.83871,98,16,6,5
7.03226,92,16,14,12,13,15
5.41935,80,16,12,21,12,22
5.48387,78,16,3,16,5,7
3.74194,70,16,3,6
2.3871,112,16,4,10
5.93548,64,16,16,10,11,20
5.87097,66,16,8,1,22
5.6129,74,16,1,15,20
3.41935,80,16,9,21,16
4,62,16,8,13
5.74194,70,16,22,14,4
7.74194,70,16,18,14,3,20
4.96774,94,16,16,11,9,4
4.96774,94,16,7,17,1
3.74194,70,16,3,6
6,62,16,9,11,6
5.22581,86,16,3,7,13
6.77419,100,16,22,7,12,5
5.41935,80,16,19,19,19,2,2,2,22
5.93548,64,16,5,8,9
7.09677,90,16,22,14,19,13
3.93548,64,16,21,11
4,62,16,10,16,16,4
7.80645,68,16,19,18,3,18,21
5.29032,84,16,19,12,5
5.93548,64,16,14,20,2
5.22581,86,16,7,8,2
5.48387,78,16,3,12,9
3.6129,74,16,2,14
5.35484,82,16,22,4,15
4.96774,94,16,21,21,6,12
3.6129,74,16,6,17
5.93548,64,16,7,7,8,19
6,62,16,19,15,9
5.48387,78,16,11,2,22
3.03226,92,16,22,6,16
3.67742,72,16,10,14,16
9.29032,84,16,18,7,14,8,9
7.6129,74,16,10,1,1,5,5,17
6.58065,106,16,8,19,9,2
5.6129,74,16,15,16,15,9,11
7.6129,74,16,3,1,8,15
3.29032,84,16,2,6
3.16129,88,16,13,7
4.58065,106,16,18,20,9
3.48387,78,16,6,19
5.16129,88,16,18,20,8
3.48387,78,16,13,12
2.96774,94,16,4,11
9.03226,92,16,1,3,11,8,3,5
5.67742,72,16,3,15,17
5.54839,76,16,18,7,17,18
6,62,16,19,11,5
4.12903,120,16,22,13,5
3.87097,66,16,21,16,15
3.93548,64,16,3,10
5.6129,74,16,20,2,4
3.41935,80,16,13,20
3.87097,66,16,10,4
3.35484,82,16,20,11
4,62,16,2,13
4,62,16,12,4
5.09677,90,16,18,4,19
3.41935,80,16,22,21,16
3.35484,82,16,2,18
8,62,16,9,1,18,17
3.93548,64,16,17,4
5.48387,78,16,14,22,1
5.54839,76,16,14,16,18,1
7.6129,74,16,1,19,22,8
9.67742,72,16,9,19,21,12,2
6,62,16,11,21,8
4.90323,96,16,9,13,13,11
7.41935,80,16,19,7,18,10
5.09677,90,16,14,14,6,2
7.09677,90,16,15,8,8,19,4
4.32258,114,16,8,10,13
3.6129,74,16,11,16,4
5.29032,84,16,1,1,4,7
3.09677,90,16,20,6
2.83871,98,16,13,11
5.41935,80,16,14,12,9
2.96774,94,16,6,9
7.35484,82,16,18,17,18,7,18,1
3.03226,92,16,20,17
7.74194,70,16,16,19,12,21,18
7.6129,74,16,10,1,14,9
5.67742,72,16,5,5,10,13
5.80645,68,16,17,17,18,12
4.83871,98,16,9,13,17
2.58065,106,16,20,5
5.93548,64,16,1,18,17
4.64516,104,16,8,3,2,16
5.48387,78,16,11,2,22
5.09677,90,16,8,20,19
3.48387,78,16,12,17
5.74194,70,16,8,15,3
5.6129,74,16,5,3,13
6.96774,94,16,9,18,2,1
5.22581,86,16,21,20,22
3.87097,66,16,17,12
6,62,16,21,19,8
3.87097,66,16,2,12
5.54839,76,16,10,3,5
3.09677,90,16,13,22
5.48387,78,16,19,11,4
3.93548,64,16,6,22
5.87097,66,16,8,22,6
4,62,16,12,15
3.41935,80,16,13,6
3.41935,80,16,13,21
5.41935,80,16,14,2,22
4.64516,104,16,17,6,9
3.74194,70,16,20,13
3.93548,64,16,21,21,11
7.22581,86,16,5,14,3,7
5.29032,84,16,8,16,5,6
3.87097,66,16,10,4
3.87097,66,16,16,2,12
2.83871,98,16,13,11
6,62,16,22,6,4
5.93548,64,16,3,1,5
3.54839,76,16,2,22
7.09677,90,16,1,21,21,2,8
3.93548,64,16,6,22
5.09677,90,16,21,7,5
5.48387,78,16,12,21,17
3.41935,80,16,20,22
3.87097,66,16,2,12
5.80645,68,16,1,1,10,15
5.16129,88,16,15,2,18
2.45161,110,16,13,16,20
5.09677,90,16,10,14,3,10
5.80645,68,16,1,19,4
5.35484,82,16,16,19,4,22
5.87097,66,16,22,17,10
7.80645,68,16,15,19,3,14
9.29032,84,16,5,16,9,17,7,13
3.48387,78,16,13,12
5.74194,70,16,15,7,10
5.09677,90,16,10,1,16,6
5.87097,66,16,8,22,6
2.25806,116,16,13,9
4,62,16,7,3
6,62,16,22,6,7
5.03226,92,16,19,19,20,1
5.35484,82,16,21,22,3
5.74194,70,16,19,11,2
4.83871,98,16,9,13,17
6,62,16,16,7,21,8
4,62,16,6,7
2.83871,98,16,13,11
4,62,16,21,17
7.93548,64,16,19,15,21,13
3.80645,68,16,13,16,5
3.87097,66,16,17,12
3.22581,86,16,4,18
4.83871,98,16,16,18,13,19
3.67742,72,16,7,10
7.22581,86,16,19,18,12,17
3.48387,78,16,20,7
3.6129,74,16,2,3
7.80645,68,16,1,18,15,6
4.32258,114,16,8,4,9
4.96774,94,16,1,20,6
7.74194,70,16,11,1,21,13
3.80645,68,16,14,16,21
3.74194,70,16,17,20
3.03226,92,16,13,15
3.93548,64,16,3,10
5.29032,84,16,15,16,14,4
5.48387,78,16,14,2,3
5.87097,66,16,19,19,8,17
3.35484,82,16,19,16,13
3.6129,74,16,16,2,14
4.77419,100,16,2,16,9,9,6
3.6129,74,16,6,17
3.6129,74,16,6,17
3.87097,66,16,14,5
8,62,16,11,1,8,10
5.41935,80,16,9,20,7
5.03226,92,16,9,20,6
5.54839,76,16,21,20,13
7.16129,88,16,22,18,7,9
7.93548,64,16,5,8,8,7,22
5.87097,66,16,8,8,12,1
5.35484,82,16,21,20,3
3.93548,64,16,22,5
4,62,16,3,13
6,62,16,21,7,18
5.67742,72,16,18,19,13
7.93548,64,16,18,15,2,15,22
5.48387,78,16,8,21,19,16
5.09677,90,16,21,18,13
9.80645,68,16,9,1,14,22,6
6,62,16,3,8,9
6,62,16,3,1,10
5.67742,72,16,8,16,16,1,7
4.3871,112,16,18,20,5
5.80645,68,16,19,7,21,19
5.67742,72,16,21,21,8,12
2.83871,98,16,6,5
2.64516,104,16,8,8,2,16
5.29032,84,16,9,20,18
3.35484,82,16,20,8
4,62,16,3,13
5.74194,70,16,3,7,18
4,62,16,8,13
6.25806,116,16,19,8,10,4
5.16129,88,16,5,10,7,5
3.87097,66,16,16,6,13
7.74194,70,16,3,11,3,19,21
3.41935,80,16,4,22
7.35484,82,16,18,11,8,9
5.80645,68,16,16,21,12,2
4.96774,94,16,22,13,13,18
5.6129,74,16,17,7,11
5.80645,68,16,18,8,18,5
5.74194,70,16,14,14,17,22
5.41935,80,16,3,7,8
2.90323,96,16,6,10
3.41935,80,16,4,22
5.54839,76,16,16,12,14,2
3.87097,66,16,12,22
4.96774,94,16,5,12,10
5.48387,78,16,22,19,4
6,62,16,11,14,20
5.09677,90,16,14,11,17
4,62,16,3,13
5.16129,88,16,18,16,10,20
3.87097,66,16,12,22
3.87097,66,16,2,4
5.22581,86,16,14,3,17
7.03226,92,16,18,14,4,17
3.93548,64,16,10,2
5.41935,80,16,15,1,1,12
7.35484,82,16,8,12,18,17
7.09677,90,16,9,16,19,20,18
4,62,16,21,17
3.41935,80,16,2,8
3.41935,80,16,4,14
5.54839,76,16,10,21,1
4,62,16,11,6
3.6129,74,16,2,2,14
3.93548,64,16,3,10
3.35484,82,16,2,11
4.45161,110,16,14,9,2
3.35484,82,16,4,15
5.48387,78,16,8,8,15,5
4,62,16,6,7
2.77419,100,16,2,9
5.16129,88,16,19,20,8
7.6129,74,16,9,17,19,3
3.48387,78,16,13,12
4,62,16,6,4
3.74194,70,16,6,16,8
9.6129,74,16,8,18,14,12,13
5.74194,70,16,12,14,1
4,62,16,12,12,4
5.93548,64,16,15,22,11
3.6129,74,16,2,14
3.41935,80,16,13,6
3.87097,66,16,6,21
5.67742,72,16,22,18,4
3.74194,70,16,4,6
5.54839,76,16,15,6,18
5.6129,74,16,15,9,11
3.22581,86,16,6,20
6.90323,96,16,18,19,9,12
3.35484,82,16,20,11
2.70968,102,16,11,20,16
4,62,16,1,17
4.77419,100,16,8,4,1
5.74194,70,16,12,18,18,8
5.41935,80,16,21,4,22
5.6129,74,16,5,18,13
5.09677,90,16,9,2,17
3.93548,64,16,12,1
5.87097,66,16,10,18,5
3.87097,66,16,6,13
7.29032,84,16,8,21,13,21,17
3.93548,64,16,16,17,8
5.03226,92,16,8,6,2
2.32258,114,16,4,16,13
3.48387,78,16,4,20
3.35484,82,16,2,18
3.29032,84,16,21,7,16
3.74194,70,16,10,13
5.54839,76,16,16,17,15,13
5.16129,88,16,15,20,20,18
7.6129,74,16,21,14,3,3,1
7.22581,86,16,14,19,1,22
3.74194,70,16,10,13
4.77419,100,16,15,16,17,1
3.03226,92,16,13,15
2.64516,104,16,2,5
5.16129,88,16,7,21,10
5.80645,68,16,15,17,21
5.67742,72,16,18,6,21
5.74194,70,16,8,15,3
4.64516,104,16,8,19,16,2
3.87097,66,16,2,21
7.22581,86,16,9,18,18,20,20,14
9.09677,90,16,14,19,3,8,20
3.87097,66,16,13,4
7.03226,92,16,10,5,5,12,17
5.93548,64,16,12,14,15
5.87097,66,16,19,12,22
2.77419,100,16,2,9
6.70968,102,16,16,14,18,1,13
5.93548,64,16,17,14,8
4,62,16,5,2
3.41935,80,16,3,16,20
3.03226,92,16,13,3
2.83871,98,16,6,5
5.54839,76,16,19,1,16,16,11
3.48387,78,16,20,15
5.29032,84,16,1,2,19
3.48387,78,16,20,7
4.70968,102,16,16,19,9,16,4
5.93548,64,16,14,21,11
3.22581,86,16,6,3
6.90323,96,16,9,17,10,7
2.32258,114,16,4,5
4.83871,98,16,21,20,17
4.3871,112,16,14,20,5
5.6129,74,16,7,14,4
3.87097,66,16,16,13,4
5.48387,78,16,21,18,21,17
5.41935,80,16,8,4,12
5.35484,82,16,19,19,10,22
3.35484,82,16,12,10
5.16129,88,16,1,4,15
3.09677,90,16,13,22
2.58065,106,16,20,5
3.74194,70,16,10,13
3.48387,78,16,2,2,15
4,62,16,7,13
5.74194,70,16,22,22,17,9
3.93548,64,16,17,4
3.09677,90,16,13,22
2.96774,94,16,6,9
3.6129,74,16,20,4
5.74194,70,16,22,2,4
5.09677,90,16,5,6,5,18
4.45161,110,16,18,10,4
2.58065,106,16,1,6,6,16
8,62,16,3,8,7,22
3.16129,88,16,6,11
3.93548,64,16,16,17,4
4,62,16,12,15
5.93548,64,16,10,5,2
3.6129,74,16,2,3
5.67742,72,16,15,4,21
7.87097,66,16,22,21,8,14
5.87097,66,16,19,15,22,16
5.48387,78,16,16,22,20,13
3.74194,70,16,11,16,20
3.29032,84,16,2,6
5.54839,76,16,21,15,4
3.41935,80,16,21,10
5.29032,84,16,8,7,10
3.74194,70,16,17,20
5.03226,92,16,12,11,20
5.41935,80,16,5,10,5,22,10
5.16129,88,16,11,4,15
3.16129,88,16,2,17
7.93548,64,16,11,8,18,18,3
3.48387,78,16,13,12
4,62,16,12,15
5.6129,74,16,22,6,17
5.22581,86,16,3,22,2
3.87097,66,16,6,15
3.41935,80,16,21,10
2.77419,100,16,2,9
5.67742,72,16,19,9,16,8
3.80645,68,16,10,16,13
5.74194,70,16,22,14,6
3.03226,92,16,20,17
3.93548,64,16,16,10,20
2.64516,104,16,2,5
3.93548,64,16,10,20
5.16129,88,16,1,9,4
5.48387,78,16,8,1,13
3.29032,84,16,2,2,1
4.96774,94,16,3,7,9
6,62,16,7,22,8
5.41935,80,16,18,21,21,8,16
5.87097,66,16,21,19,15
7.29032,84,16,11,22,15,2
7.48387,78,16,22,18,19,5
6.32258,114,16,3,12,13,9
4.77419,100,16,18,9,20
7.03226,92,16,11,5,11,19,6
4.45161,110,16,19,5,4
3.03226,92,16,21,16,4
3.67742,72,16,17,11
2.83871,98,16,13,11
4,62,16,7,13
5.80645,68,16,11,20,12
5.48387,78,16,1,10,21
3.41935,80,16,13,20
4.96774,94,16,17,21,10
2.19355,118,16,11,13,16
3.09677,90,16,13,22
7.74194,70,16,11,14,3,18
4.3871,112,16,19,20,10
3.93548,64,16,17,4
9.54839,76,16,9,7,22,19,12
7.87097,66,16,8,21,14,1
5.09677,90,16,22,20,18
7.35484,82,16,10,3,14,6
3.41935,80,16,4,22
2.3871,112,16,9,4,16
5.22581,86,16,14,9,8
4.58065,106,16,8,9,13
3.93548,64,16,6,22
5.74194,70,16,11,11,11,9,16,3
3.22581,86,16,20,1
5.87097,66,16,5,10,2
5.48387,78,16,11,2,22
5.48387,78,16,12,14,20
7.29032,84,16,9,11,9,12,22
3.80645,68,16,5,4
7.54839,76,16,5,1,8,13
4,62,16,12,15
2.58065,106,16,2,10
3.87097,66,16,20,12
4,62,16,3,13
3.09677,90,16,12,16,2
7.54839,76,16,22,7,19,10
5.29032,84,16,21,6,14
3.67742,72,16,17,11
4.19355,118,16,9,9,4,5
3.74194,70,16,10,13
3.41935,80,16,12,11,16
5.93548,64,16,21,14,1
8,62,16,14,19,3,11
4.83871,98,16,19,10,6
3.80645,68,16,5,4
5.41935,80,16,1,12,17
3.87097,66,16,2,12
3.93548,64,16,11,17
5.29032,84,16,22,11,5
7.41935,80,16,8,15,18,6
3.67742,72,16,6,6,6,14
4.96774,94,16,1,4,8
3.6129,74,16,7,5
2.3871,112,16,4,10
3.6129,74,16,2,3
5.29032,84,16,9,20,18
3.35484,82,16,20,18
5.74194,70,16,12,14,1
5.22581,86,16,8,9,7
4.70968,102,16,7,6,5
3.48387,78,16,12,17
4.90323,96,16,1,6,12
2.77419,100,16,20,9
5.6129,74,16,10,7,20
7.16129,88,16,18,1,18,15,5
4.25806,116,16,11,4,9
7.93548,64,16,9,21,4,13
7.80645,68,16,8,18,12,21
3.93548,64,16,10,2
3.35484,82,16,12,10
5.41935,80,16,18,7,6,18
3.35484,82,16,20,18
5.09677,90,16,7,6,6,3
5.67742,72,16,15,7,5
9.16129,88,16,11,9,11,14,18,10
3.41935,80,16,20,22
5.48387,78,16,8,8,10,17
5.6129,74,16,19,6,21
6.70968,102,16,9,19,4,1
3.16129,88,16,16,4,8
5.80645,68,16,17,21,8
3.87097,66,16,20,12
7.67742,72,16,7,14,19,1
5.35484,82,16,19,20,3
5.6129,74,16,11,18,11,22
4.12903,120,16,15,7,13,16
5.93548,64,16,16,14,21,11
6,62,16,11,12,15
4.3871,112,16,19,20,5
3.54839,76,16,20,14
3.87097,66,16,12,22
3.93548,64,16,10,2
4.70968,102,16,19,1,16,6
7.29032,84,16,8,14,14,1,2
3.93548,64,16,10,2
5.22581,86,16,11,9,6
5.16129,88,16,10,16,12,3,16
6.58065,106,16,19,14,20,9
3.93548,64,16,12,1
4,62,16,22,10
6,62,16,15,22,3
4.90323,96,16,5,6,12
5.35484,82,16,11,2,8
5.54839,76,16,21,16,5,8
5.54839,76,16,1,7,7,3
7.6129,74,16,8,14,7,3
5.93548,64,16,11,18,1
7.48387,78,16,10,19,1,15
5.74194,70,16,3,14,4
5.29032,84,16,3,15,2
5.09677,90,16,5,14,21,16
3.67742,72,16,17,11
5.29032,84,16,17,9,8
5.35484,82,16,20,2,14
3.87097,66,16,2,21
5.93548,64,16,10,5,17,10
4.51613,108,16,1,2,10
3.6129,74,16,20,4
5.09677,90,16,8,4,4,18
6.96774,94,16,3,14,3,1,1,20
5.87097,66,16,17,19,18
3.87097,66,16,21,16,22
3.16129,88,16,2,17
3.54839,76,16,20,14
4,62,16,6,4
3.93548,64,16,3,10
3.29032,84,16,16,21,5
3.87097,66,16,16,17,2
3.48387,78,16,20,7
7.87097,66,16,5,9,9,19,17
7.22581,86,16,10,19,9,15
5.35484,82,16,9,6,19
5.67742,72,16,16,17,19,1
3.93548,64,16,12,7
3.48387,78,16,6,19
5.03226,92,16,16,7,2,6
3.93548,64,16,11,11,17
3.16129,88,16,21,16,21,3,16
5.74194,70,16,5,15,9
3.93548,64,16,3,5
3.48387,78,16,20,15
5.22581,86,16,14,3,17
7.41935,80,16,18,3,8,2
3.48387,78,16,18,16,4
5.03226,92,16,22,11,2
6,62,16,5,18,17
4.96774,94,16,16,15,3,6
5.54839,76,16,15,11,12
2.96774,94,16,4,11
5.48387,78,16,8,16,19,19,6
5.22581,86,16,19,9,21
5.09677,90,16,3,22,13
4.83871,98,16,18,9,6
3.41935,80,16,4,22
3.93548,64,16,3,10
5.16129,88,16,21,22,5
5.09677,90,16,9,2,17
3.87097,66,16,14,14,5
3.74194,70,16,3,6
5.48387,78,16,18,5,11
4,62,16,15,5
3.54839,76,16,16,4,12
5.67742,72,16,22,12,13
4.90323,96,16,15,11,4
5.74194,70,16,8,2,21
3.09677,90,16,13,16,3
3.93548,64,16,3,10
3.48387,78,16,12,9
5.16129,88,16,12,20,8
5.93548,64,16,8,12,4
6.90323,96,16,9,14,17,4
5.09677,90,16,20,2,19
5.41935,80,16,8,2,22
7.41935,80,16,5,11,9,9,17
6.3871,112,16,19,8,9,13
3.6129,74,16,6,18
5.29032,84,16,8,20,7
4.3871,112,16,14,4,4,9
3.87097,66,16,2,21
4.90323,96,16,5,21,10
6.3871,112,16,10,9,6,5
5.67742,72,16,8,15,9
5.41935,80,16,6,16,10,17
5.29032,84,16,9,4,14
2.77419,100,16,16,16,2,9
5.54839,76,16,7,18,5
3.6129,74,16,6,17
3.93548,64,16,22,5
5.93548,64,16,9,4,13
3.48387,78,16,13,12
5.41935,80,16,7,17,9
3.29032,84,16,12,5
5.6129,74,16,11,19,13
2.83871,98,16,18,6,16
5.22581,86,16,22,13,7
5.54839,76,16,14,6,21
3.74194,70,16,4,6
3.48387,78,16,20,15
4,62,16,8,13
3.80645,68,16,16,20,21
7.35484,82,16,5,14,7,4
3.48387,78,16,16,18,21,16
2.96774,94,16,6,9
5.48387,78,16,16,22,3,21
3.35484,82,16,4,15
5.80645,68,16,7,19,1
5.41935,80,16,7,7,14,8,16
6.83871,98,16,8,14,17,12
5.03226,92,16,16,21,6,2
5.6129,74,16,3,18,17
3.93548,64,16,7,16,3
3.87097,66,16,10,4
4,62,16,2,13
3.87097,66,16,14,5
7.29032,84,16,19,3,3,12,17
8.90323,96,16,18,19,14,7,5
3.87097,66,16,14,5
7.87097,66,16,9,1,2,21
5.87097,66,16,14,12,1
5.93548,64,16,11,22,17
7.54839,76,16,8,1,21,4
5.29032,84,16,3,4,4,3,3,16,18
5.67742,72,16,18,4,2
5.54839,76,16,11,14,15,15,15,11
5.6129,74,16,5,21,13
5.6129,74,16,1,15,9
5.35484,82,16,21,19,5
4.90323,96,16,12,8,12,8,13
7.54839,76,16,9,10,6,21
3.93548,64,16,12,12,7
4,62,16,18,16,21
5.16129,88,16,18,6,12
2.58065,106,16,2,10
3.09677,90,16,20,6
3.54839,76,16,12,6
9.22581,86,16,5,19,15,14,4
5.48387,78,16,15,15,1,18
5.35484,82,16,19,20,14
5.48387,78,16,9,13,21
7.09677,90,16,8,21,12,6
6.96774,94,16,9,10,21,5
7.67742,72,16,16,14,18,18,22,8
6.90323,96,16,15,21,12,5
3.16129,88,16,6,11
7.41935,80,16,17,16,9,8,22
3.74194,70,16,4,21
3.67742,72,16,16,20,16,19
5.54839,76,16,12,14,2
3.41935,80,16,4,14
5.54839,76,16,3,21,1
4.25806,116,16,19,13,9
6.32258,114,16,11,8,10,2
5.87097,66,16,11,21,11,12
5.22581,86,16,21,18,4
5.54839,76,16,17,9,17,16,1
5.54839,76,16,10,12,22
2.06452,122,16,13,5
3.93548,64,16,21,11
5.41936,80,16,19,6,14
6.96774,94,16,1,8,5,14
5.93548,64,16,16,21,3,8
6,62,16,14,1,9
5.03226,92,16,7,6,1
3.80645,68,16,21,16,14
9.03226,92,16,1,19,8,11,4
5.67742,72,16,15,11,14
3.48387,78,16,21,9
5.41935,80,16,22,8,10
6,62,16,22,19,12
3.54839,76,16,20,14
5.48387,78,16,2,20,13
5.09677,90,16,6,16,5,14
3.87097,66,16,20,12
5.16129,88,16,17,9,14
5.48387,78,16,8,1,17
5.29032,84,16,11,2,19
4,62,16,12,4
7.6129,74,16,10,16,3,12,14,3
3.74194,70,16,17,20
3.6129,74,16,6,6,18
6.70968,102,16,15,22,6,5
5.41935,80,16,7,4,12
4.96774,94,16,1,4,19
7.93548,64,16,1,9,15,22
3.48387,78,16,4,20
7.16129,88,16,9,3,1,4
9.48387,78,16,10,11,3,1,18
7.6129,74,16,14,8,18,1
3.74194,70,16,17,3
5.29032,84,16,7,2,22
5.67742,72,16,17,7,3
4,62,16,7,20
3.74194,70,16,7,9
7.54839,76,16,8,11,21,19
5.67742,72,16,15,20,12
2.77419,100,16,2,9
5.48387,78,16,22,19,4
6.77419,100,16,9,17,5,7
5.74194,70,16,5,11,13
2.83871,98,16,13,11
5.29032,84,16,1,5,21
4.90323,96,16,12,13,11
4,62,16,8,5,16
7.80645,68,16,10,16,11,11,15,19
6.83871,98,16,22,19,11,13
4.96774,94,16,14,17,4
3.09677,90,16,13,22
