5.22581,86,12,3,16,6
4,62,12,17,21
5.93548,64,12,14,17,17,21
6.90323,96,12,2,20,19,13
3.48387,78,12,4,9
5.67742,72,12,8,10,8,9
3.80645,68,12,16,22
7.48387,78,12,14,11,21,17
5.09677,90,12,3,6,20
5.6129,74,12,18,4,22
5.09677,90,12,2,11,6
2.83871,98,12,10,20
3.93548,64,12,11,17
3.87097,66,12,9,15
3.29032,84,12,10,10,21
5.6129,74,12,18,4,14
5.87097,66,12,12,19,3,5
3.87097,66,12,1,4
5.67742,72,12,14,20,19
6.32258,114,12,19,15,4,9
5.22581,86,12,14,13,14,15,13
5.29032,84,12,12,22,8,6
3.29032,84,12,6,9
5.29032,84,12,1,14,1,4
3.41935,80,12,9,16,12
7.87097,66,12,19,3,15,18
5.22581,86,12,2,18,2,17
6,62,12,2,7,8
3.41935,80,12,4,10
4,62,12,12,4,11
9.29032,84,12,8,11,18,15,3
4.90323,96,12,18,6,5
4.70968,102,12,19,5,20
5.67742,72,12,14,1,4
3.41935,80,12,4,10
5.93548,64,12,19,11,7
5.16129,88,12,14,20,9
5.22581,86,12,22,10,17
5.16129,88,12,11,13,14
3.6129,74,12,13,12,6,13
6.58065,106,12,19,8,2,16
6.70968,102,12,20,13,4,5
4,62,12,4,11
5.29032,84,12,6,15,1
3.48387,78,12,9,21
3.67742,72,12,13,15,12
7.6129,74,12,21,1,8,22
5.80645,68,12,3,21,16
5.35484,82,12,21,16,14
5.48387,78,12,15,10,11
7.41935,80,12,12,21,21,18,3,9
5.41935,80,12,1,15,9
7.87097,66,12,3,14,15,21,3
5.29032,84,12,4,13,9
7.03226,92,12,19,15,4,8
5.93548,64,12,3,21,8,12
3.87097,66,12,10,11
7.6129,74,12,11,10,5,17
5.16129,88,12,15,12,20,16
5.67742,72,12,8,5,11
7.03226,92,12,18,15,3,17
4.83871,98,12,11,13,17
3.35484,82,12,10,12,16
5.41935,80,12,8,16,21
3.80645,68,12,10,17
3.74194,70,12,9,22
7.41935,80,12,7,15,4,20
3.74194,70,12,12,16,14
2.83871,98,12,10,20
5.16129,88,12,12,22,3,22,1
2.83871,98,12,10,20
6.70968,102,12,14,19,2,9
5.35484,82,12,19,5,14
7.16129,88,12,14,14,12,8,8,22,10
7.29032,84,12,12,20,7,17,18
3.09677,90,12,16,20
5.35484,82,12,11,15,5
3.93548,64,12,17,10
3.87097,66,12,17,19
5.67742,72,12,1,18,19,1
5.22581,86,12,22,22,3,4
5.35484,82,12,19,12,12,9,18
3.54839,76,12,17,2
3.48387,78,12,6,11
3.6129,74,12,17,4
5.35484,82,12,12,16,5,15
5.48387,78,12,13,21,22,12
5.41935,80,12,6,7,20
5.35484,82,12,2,17,14
3.6129,74,12,2,1,12
5.87097,66,12,22,18,10
7.93548,64,12,21,21,6,7,14
5.16129,88,12,22,13,3
5.80645,68,12,13,2,17
3.41935,80,12,13,10
5.03226,92,12,1,21,10
4.51613,108,12,11,20,10
7.54839,76,12,8,21,11,14
7.54839,76,12,15,21,15,8,16
5.6129,74,12,1,10,15
3.16129,88,12,9,2
5.22581,86,12,3,16,6
3.54839,76,12,17,2
7.6129,74,12,20,7,22,2
5.29032,84,12,1,1,7,11
9.6129,74,12,12,15,19,19,8,21,4
5.80645,68,12,2,2,1,14
5.54839,76,12,1,7,8
3.74194,70,12,6,8
5.67742,72,12,4,3,18
3.74194,70,12,6,8
5.67742,72,12,8,6,15
5.93548,64,12,7,18,10
5.6129,74,12,20,3,20,18
3.80645,68,12,1,13
3.54839,76,12,17,2
4.45161,110,12,21,12,5,6
5.54839,76,12,15,6,6,8
3.35484,82,12,14,14,16,12
7.41936,80,12,15,7,2,8
5.54839,76,12,7,4,7,3
5.67742,72,12,20,4,18
5.87097,66,12,13,18,7
7.16129,88,12,7,22,2,1
3.6129,74,12,13,9
7.87097,66,12,12,4,14,8,8,11
3.09677,90,12,16,2
5.35484,82,12,20,17,21
5.41935,80,12,7,4,18
7.29032,84,12,14,12,20,3,9
7.80645,68,12,21,22,21,7,7,13
7.54839,76,12,2,19,19,8,15
3.6129,74,12,13,9
3.48387,78,12,16,21
3.41935,80,12,5,14
7.74194,70,12,8,18,1,18,21
4.58065,106,12,16,10,4
5.35484,82,12,13,19,10
3.48387,78,12,16,21
2.77419,100,12,5,20
3.80645,68,12,10,19
5.80645,68,12,22,22,19,10
4,62,12,22,22,5
4,62,12,11,6
3.87097,66,12,1,6
3.87097,66,12,10,11
5.74194,70,12,18,3,5
5.93548,64,12,13,21,1
3.67742,72,12,5,17
3.41935,80,12,13,10
2.77419,100,12,5,20
4.96774,94,12,4,8,13
5.80645,68,12,14,17,6
5.74194,70,12,4,4,2,19
7.6129,74,12,19,3,19,14,10
5.48387,78,12,1,7,2
3.41935,80,12,6,22,12
5.80645,68,12,12,2,15,2,7
5.74194,70,12,11,10,19
4.83871,98,12,18,9,4
5.09677,90,12,17,7,9
4.83871,98,12,5,10,5,6
3.54839,76,12,6,3
5.74194,70,12,7,17,9
3.80645,68,12,9,3
9.48387,78,12,8,11,19,1,10
5.80645,68,12,11,22,14
3.67742,72,12,2,10
3.74194,70,12,2,5
9.09677,90,12,19,18,14,4,3
5.6129,74,12,13,22,2
4,62,12,22,5
7.6129,74,12,18,22,1,9
3.35484,82,12,14,16,12
7.6129,74,12,18,9,10,8
5.48387,78,12,4,3,15
3.87097,66,12,17,5
3.35484,82,12,17,11
3.35484,82,12,17,11
5.48387,78,12,14,18,12,5
5.54839,76,12,15,8,6
3.74194,70,12,9,22
6,62,12,7,21,1
3.93548,64,12,6,18
3.87097,66,12,9,15
6.32258,114,12,18,8,10,2
3.87097,66,12,1,4
5.35484,82,12,7,13,22
7.54839,76,12,10,5,9,18
5.09677,90,12,7,9,14
6.58065,106,12,19,10,16,4
4,62,12,17,21
5.67742,72,12,1,22,19
4.96774,94,12,16,1,20
5.80645,68,12,21,2,17
2.83871,98,12,12,10,20
3.74194,70,12,4,18,12
3.6129,74,12,17,4
5.29032,84,12,11,4,7
7.16129,88,12,18,8,5,19
6,62,12,21,7,9
4.96774,94,12,22,10,3
4,62,12,4,11
6.58064,106,12,3,8,4,9
3.87097,66,12,17,19
5.03226,92,12,2,1,4
5.16129,88,12,17,12,19,2
4.64516,104,12,10,1,13
5.74194,70,12,9,1,14
5.41935,80,12,7,19,13
6,62,12,15,3,1
3.22581,86,12,6,10
3.80645,68,12,9,17
3.67742,72,12,5,17
7.54839,76,12,1,12,18,21,13
7.87097,66,12,20,20,14,15,19
5.35484,82,12,22,21,10
5.74194,70,12,20,22,8
4.96774,94,12,20,1,1,4
7.41935,80,12,20,2,7,7,15,15,20
7.22581,86,12,7,15,20,22
3.80645,68,12,16,22
7.67742,72,12,11,21,15,17
3.48387,78,12,18,17,12
9.03226,92,12,14,18,22,20,11
2.96774,94,12,9,13
5.48387,78,12,11,7,13
3.41935,80,12,10,7
4,62,12,13,1
3.6129,74,12,10,15
4.90323,96,12,8,17,20
4.70968,102,12,12,4,20,5
5.09677,90,12,13,19,4
3.35484,82,12,6,16
7.54839,76,12,13,2,7,8
5.41935,80,12,19,20,15
5.80645,68,12,3,2,1
5.35484,82,12,12,4,19,10
9.16129,88,12,3,3,2,21,15,11
3.67742,72,12,5,17
6.70968,102,12,3,10,16,20
5.74194,70,12,7,19,5
2.90323,96,12,5,6
5.35484,82,12,22,16,15
3.35484,82,12,17,12,5
5.35484,82,12,2,17,14
4.83871,98,12,7,7,11,17
5.22581,86,12,7,11,2
5.87097,66,12,19,3,5
7.16129,88,12,20,2,7,5
5.80645,68,12,7,18,2
3.87097,66,12,10,11
5.41935,80,12,3,13,11
5.87097,66,12,7,3,1
3.16129,88,12,12,9,20
5.48387,78,12,12,15,16,15,4
5.74194,70,12,4,6,19
5.35484,82,12,19,10,7
3.41935,80,12,13,5
3.03226,92,12,10,6
5.6129,74,12,19,11,4
5.6129,74,12,15,4,20
5.87097,66,12,22,17,5
7.29032,84,12,7,4,7,18,16
5.48387,78,12,14,4,11
5.54839,76,12,3,9,7
2.77419,100,12,16,13
5.29032,84,12,16,5,14
3.22581,86,12,6,10
3.41935,80,12,14,9,12
5.35484,82,12,18,5,22
9.6129,74,12,12,7,15,19,3,18
3.48387,78,12,9,21
3.6129,74,12,5,18
3.6129,74,12,13,6,12
5.35484,82,12,9,1,7
8,62,12,13,6,15,22
2.96774,94,12,16,4
5.22581,86,12,6,7,6,2
3.74194,70,12,12,6,8
5.29032,84,12,14,9,5,14
5.67742,72,12,20,22,4
7.16129,88,12,2,21,13,18
7.22581,86,12,21,19,11,4
5.80645,68,12,3,5,11
3.54839,76,12,20,1,12
5.93548,64,12,7,19,16
9.6129,74,12,3,14,1,8,7
3.67742,72,12,20,5
3.74194,70,12,5,5,12,22
7.80645,68,12,3,11,15,6
2.83871,98,12,5,2
5.87097,66,12,20,14,2
5.67742,72,12,1,5,19
6.83871,98,12,12,20,11,8,11,4
5.87097,66,12,15,18,13
3.48387,78,12,9,21
7.48387,78,12,21,15,6,8
3.16129,88,12,6,5
3.93548,64,12,7,7,5
4.70968,102,12,22,22,1,13
7.87097,66,12,3,8,18,13
4,62,12,13,1
3.03226,92,12,8,5,12
3.16129,88,12,9,2
5.93548,64,12,7,4,6
3.41935,80,12,4,10
7.74194,70,12,1,15,22,21
7.16129,88,12,7,19,22,3
7.09677,90,12,7,15,6,11
5.87097,66,12,12,15,8,22
5.74194,70,12,13,20,8
5.48387,78,12,4,15,1
5.67742,72,12,18,4,20
5.29032,84,12,21,9,14
9.09677,90,12,21,17,15,22,9
5.93548,64,12,19,15,5
6.96774,94,12,18,19,4,8
7.35484,82,12,7,6,4,14
3.41935,80,12,13,10
2.77419,100,12,16,13
9.35484,82,12,1,3,11,8,11,3,2
5.22581,86,12,3,16,6
2.64516,104,12,5,4
3.35484,82,12,4,5
5.54839,76,12,11,4,21
7.93548,64,12,3,3,7,8,7,22
5.16129,88,12,22,20,11
3.67742,72,12,20,5
6.90323,96,12,14,19,13,11
5.22581,86,12,1,20,3
3.80645,68,12,6,19
7.35484,82,12,1,8,14,1,18
7.29032,84,12,18,21,17,5
5.48387,78,12,12,10,5,3
5.93548,64,12,18,16,8
3.41935,80,12,18,6,12
3.09677,90,12,5,21
5.16129,88,12,12,2,13,16
5.74194,70,12,7,11,19
5.93548,64,12,22,19,16
4.96774,94,12,12,7,11,4
5.6129,74,12,12,7,14,5
5.87097,66,12,20,12,12,1,21
6.96774,94,12,2,13,22,5
5.29032,84,12,22,20,7
5.03226,92,12,7,3,6
4.90323,96,12,1,16,4
6,62,12,7,9,16
5.67742,72,12,18,1,2
5.41935,80,12,12,13,6,11
6.90323,96,12,4,21,13,11
5.41935,80,12,14,20,17
5.6129,74,12,7,19,2
7.80645,68,12,1,11,21,21,22
5.03226,92,12,3,6,1
3.54839,76,12,10,22
7.54839,76,12,3,15,6,21
3.6129,74,12,5,18
2.64516,104,12,5,5,4
7.74194,70,12,11,21,14,22
7.22581,86,12,4,6,15,9
7.16129,88,12,8,15,19,13
6.96774,94,12,18,1,5,22
6.51613,108,12,7,22,9,6
5.41935,80,12,22,8,2
7.87097,66,12,3,11,14,9
6.58065,106,12,21,7,2,10
3.6129,74,12,9,7
3.35484,82,12,17,11
7.29032,84,12,19,9,11,5
5.80645,68,12,1,8,12,20
5.54839,76,12,8,13,21
4,62,12,6,14
3.87097,66,12,17,6
5.48387,78,12,20,22,1
3.35484,82,12,17,11
5.48387,78,12,14,6,20
5.93548,64,12,22,20,2
7.54839,76,12,7,15,11,15,6
3.93548,64,12,8,2,12
2.96774,94,12,9,13
3.74194,70,12,9,22
5.93548,64,12,11,5,1
7.29032,84,12,20,21,21,8,6
5.93548,64,12,1,8,5
5.35484,82,12,7,2,1
5.6129,74,12,1,9,7
3.03226,92,12,5,5,16,12
5.48387,78,12,4,6,7,12
7.80645,68,12,19,19,14,6,4
4,62,12,4,11
5.41935,80,12,13,3,9
5.74194,70,12,18,5,18,17
5.74194,70,12,4,2,18
5.54839,76,12,22,19,4
3.6129,74,12,5,5,8
5.80645,68,12,7,14,14,13
5.54839,76,12,6,15,8
6.25806,116,12,7,22,9,13
4,62,12,9,12,1
3.74194,70,12,6,8
3.41935,80,12,13,13,10
4,62,12,5,12,13
2.77419,100,12,16,13
3.93548,64,12,17,10
3.80645,68,12,9,14
7.29032,84,12,21,7,1,15
3.74194,70,12,16,3
5.93548,64,12,19,18,13
5.74194,70,12,13,18,21
5.22581,86,12,20,17,17,16
5.16129,88,12,1,10,5,12
5.74194,70,12,1,11,6
5.54839,76,12,1,1,18,5
3.80645,68,12,17,9
3.41935,80,12,5,22
7.09677,90,12,2,12,20,21,9
3.35484,82,12,17,1
5.6129,74,12,7,15,12,1
3.87097,66,12,2,9
7.54839,76,12,2,20,19,20,21
7.93548,64,12,18,15,22,5
5.80645,68,12,14,9,18
7.74194,70,12,14,15,14,22,3
5.54839,76,12,4,7,1
5.41935,80,12,18,20,8
5.80645,68,12,14,11,4
5.48387,78,12,1,9,21
5.87097,66,12,15,4,6
7.22581,86,12,2,19,14,13
7.35484,82,12,12,14,5,5,9,15
4.77419,100,12,8,20,9
5.54839,76,12,2,18,10
5.67742,72,12,4,19,1
4,62,12,9,19
2.77419,100,12,15,5,12
7.03226,92,12,8,9,1,2
2.96774,94,12,9,13
5.29032,84,12,22,22,22,2,18
4,62,12,7,12,9
7.29032,84,12,20,7,17,18
5.48387,78,12,22,16,18
7.93548,64,12,21,18,17,18,19
5.35484,82,12,8,8,2,6
3.87097,66,12,17,14
6,62,12,7,22,10
5.54839,76,12,19,13,6
6,62,12,18,3,20
7.54839,76,12,8,14,3,14,5
7.74194,70,12,22,7,13,2
5.80645,68,12,8,7,13
3.80645,68,12,16,15
3.67742,72,12,5,19
3.93548,64,12,16,8
5.67742,72,12,14,5,11
5.22581,86,12,22,4,19
5.41935,80,12,8,7,5
3.74194,70,12,2,5
3.80645,68,12,16,22
3.03226,92,12,10,6
7.22581,86,12,8,15,21,16
3.22581,86,12,6,10
6.25806,116,12,18,19,20,10
7.67742,72,12,7,14,11,9
8,62,12,3,8,16,19
5.35484,82,12,16,10,14
7.87097,66,12,12,8,19,3,15
5.93548,64,12,11,16,18
5.35484,82,12,12,7,21,5
9.22581,86,12,21,19,3,1,15
5.80645,68,12,14,17,16
5.67742,72,12,21,13,11
7.29032,84,12,1,8,22,4
3.67742,72,12,20,5
3.74194,70,12,10,18
5.67742,72,12,13,20,19
5.67742,72,12,11,20,13
5.93548,64,12,8,11,8,17
5.87097,66,12,19,7,11
5.6129,74,12,21,10,1
4,62,12,11,6
7.87097,66,12,11,19,7,21
5.67742,72,12,8,15,5
5.54839,76,12,2,22,10
5.74194,70,12,7,6,7,1
5.09677,90,12,22,22,3,5
5.67742,72,12,21,11,11,20
4.25806,116,12,21,5,20
4,62,12,13,1
5.67742,72,12,8,7,8,20
9.48387,78,12,8,3,11,5,1
5.74194,70,12,2,6,21
7.6129,74,12,20,19,14,11
3.87097,66,12,1,4
5.35484,82,12,15,11,22
4.96774,94,12,9,12,13,8
5.80645,68,12,7,17,5
5.74194,70,12,8,6,22
5.48387,78,12,18,21,5
5.54839,76,12,3,12,7,12,10
5.80645,68,12,2,13,17
5.54839,76,12,8,13,21
5.41935,80,12,22,17,3
5.67742,72,12,19,9,17
5.03226,92,12,6,7,5
4.3871,112,12,9,11,9,4
3.93548,64,12,6,17
5.80645,68,12,1,18,11
7.48387,78,12,3,12,12,14,2,11
5.6129,74,12,11,7,2
5.80645,68,12,11,11,7,19
7.54839,76,12,22,15,19,4
4.51613,108,12,19,4,9
3.41935,80,12,5,22
7.48387,78,12,7,22,19,4
5.80645,68,12,21,3,3,10
5.41935,80,12,4,20,19
5.09677,90,12,13,19,4
5.6129,74,12,1,21,17
4,62,12,7,10
5.29032,84,12,7,20,11
7.74194,70,12,13,2,14,22
3.48387,78,12,13,16
3.48387,78,12,13,16
7.22581,86,12,3,11,21,9
7.67742,72,12,2,8,1,1,19
7.35484,82,12,19,21,2,11
3.41935,80,12,4,10
5.93548,64,12,3,16,8
3.09677,90,12,16,2
5.67742,72,12,20,14,9
3.80645,68,12,9,14
3.48387,78,12,17,13
3.03226,92,12,5,16,12
5.80645,68,12,2,6,22
6.83871,98,12,8,21,11,13
5.67742,72,12,3,20,1
5.67742,72,12,5,10,17
7.93548,64,12,19,22,21,22,14
4.90323,96,12,13,11,4
5.48387,78,12,18,2,8
3.87097,66,12,9,15
5.74194,70,12,3,18,12,7
3.87097,66,12,2,16
3.48387,78,12,13,16
7.6129,74,12,19,11,21,22
3.80645,68,12,16,22
3.74194,70,12,9,22
5.35484,82,12,12,10,12,2,14
4.96774,94,12,8,6,1
7.48387,78,12,19,8,20,13
4.77419,100,12,15,15,8,12,16
7.29032,84,12,2,12,21,1,15
5.54839,76,12,4,7,1
3.16129,88,12,9,20
5.03226,92,12,11,20,6
5.74194,70,12,22,3,1
5.41935,80,12,16,12,3,9
3.48387,78,12,17,13
7.67742,72,12,19,3,3,14,6
3.41935,80,12,13,5
7.09677,90,12,8,11,22,3
3.80645,68,12,10,19
4.51613,108,12,7,9,6
5.54839,76,12,1,10,22
7.22581,86,12,21,2,15,1
8,62,12,7,18,11,1
7.41935,80,12,21,2,14,6
5.09677,90,12,19,9,6
3.80645,68,12,5,11
7.80645,68,12,15,15,22,18,21,22
3.74194,70,12,6,2
3.35484,82,12,4,4,5
4,62,12,16,19
3.74194,70,12,2,5
5.16129,88,12,11,20,1
6,62,12,19,11,15
3.93548,64,12,4,1
5.35484,82,12,9,1,7
5.6129,74,12,2,3,5
3.80645,68,12,17,9
5.93548,64,12,2,15,8
5.22581,86,12,22,2,6
3.74194,70,12,16,14
5.35484,82,12,7,6,11
2.83871,98,12,5,2
4,62,12,16,19
5.41935,80,12,14,13,19
5.35484,82,12,22,3,15
4,62,12,5,12,13
5.48387,78,12,2,17,21
3.09677,90,12,5,21
4.70968,102,12,10,9,4
3.93548,64,12,16,8
3.74194,70,12,18,4,12
4.96774,94,12,3,18,5,3
3.35484,82,12,4,5
3.67742,72,12,5,17
5.87097,66,12,7,8,8,15
3.74194,70,12,6,8
5.67742,72,12,1,18,9
3.80645,68,12,17,9
3.48387,78,12,4,4,9
5.41935,80,12,6,7,20
9.80645,68,12,13,2,13,4,21,18
5.35484,82,12,22,3,15
5.87097,66,12,13,19,18
5.54839,76,12,11,15,2
3.48387,78,12,5,15
4.64516,104,12,8,15,12,5
5.22581,86,12,20,18,20,12,9
5.54839,76,12,11,15,1
5.09677,90,12,1,7,9
5.87097,66,12,6,12,18,8
5.54839,76,12,20,14,10
4.90323,96,12,2,6,6,16
7.09677,90,12,15,7,1,2
3.6129,74,12,17,8
7.80645,68,12,19,15,7,16
5.87097,66,12,19,19,2,21
5.48387,78,12,11,13,21
5.93548,64,12,22,9,5
5.54839,76,12,22,19,20
5.6129,74,12,7,19,2
5.87097,66,12,22,18,10
7.80645,68,12,12,21,1,3,14
7.74194,70,12,14,19,19,4,2
5.41935,80,12,16,10,15
4.96774,94,12,11,9,13
7.35484,82,12,8,19,17,14
4.70968,102,12,18,4,16
3.80645,68,12,1,12,5
5.87097,66,12,19,7,1
3.16129,88,12,12,6,5
3.87097,66,12,20,9
5.6129,74,12,3,3,5,18
7.29032,84,12,21,1,1,3,9
3.80645,68,12,9,3
7.48387,78,12,3,5,10,15
5.35484,82,12,21,20,20,16
5.93548,64,12,11,19,5
3.48387,78,12,5,15
5.80645,68,12,3,20,8
5.87097,66,12,4,18,22
6.90323,96,12,19,19,12,13,20,6
3.29032,84,12,10,21
2.64516,104,12,10,13
3.80645,68,12,17,9
7.54839,76,12,21,18,15,12,21,2
2.77419,100,12,10,4
5.09677,90,12,16,11,7
6.83871,98,12,12,8,4,13,17
5.09677,90,12,1,5,21
4.90323,96,12,10,9,5,12
7.09677,90,12,22,9,16,3
5.22581,86,12,17,22,5
6,62,12,13,2,18
5.48387,78,12,11,5,3
3.74194,70,12,6,2
5.80645,68,12,1,20,2
6,62,12,4,14,3
3.74194,70,12,6,8
5.6129,74,12,17,15,8
5.29032,84,12,22,16,3
5.93548,64,12,3,4,7
3.16129,88,12,9,20
7.41935,80,12,19,14,17,10
3.74194,70,12,9,22
5.54839,76,12,6,4,20
5.67742,72,12,4,21,4,19
5.6129,74,12,9,5,8
2.64516,104,12,5,4
7.35484,82,12,15,11,8,7
5.93548,64,12,20,15,6
7.09677,90,12,3,2,21,21,9
7.87097,66,12,21,7,3,7,18
5.48387,78,12,21,12,6,18
5.03226,92,12,17,12,21,9
5.35484,82,12,15,13,15,2
7.54839,76,12,12,20,2,14,17
5.22581,86,12,11,20,19
4.77419,100,12,9,10,4
7.48387,78,12,14,4,21,17
5.87097,66,12,13,6,17
5.48387,78,12,13,15,9
5.87097,66,12,14,17,10
5.22581,86,12,12,17,12,4,14
5.87097,66,12,7,9,5
3.87097,66,12,2,9
5.74194,70,12,20,1,14
5.41935,80,12,15,2,8
3.87097,66,12,10,11
6.51613,108,12,14,13,4,5
5.35484,82,12,7,15,17,12
6,62,12,15,5,9
7.41935,80,12,3,7,8,15
5.35484,82,12,11,10,7
5.54839,76,12,13,3,15
2.58065,106,12,5,13
5.35484,82,12,19,9,21
9.54839,76,12,14,19,16,9,22
9.29032,84,12,14,15,18,18,8,13
3.74194,70,12,16,3
7.41935,80,12,13,4,3,20
5.80645,68,12,5,12,21,15
5.67742,72,12,13,14,2
3.67742,72,12,2,10
4.90323,96,12,7,16,21
5.67742,72,12,4,19,1
5.29032,84,12,21,11,12,7
4,62,12,12,13,1
4,62,12,13,1
7.48387,78,12,12,21,3,14,13
2.83871,98,12,10,2
3.87097,66,12,20,9
6,62,12,3,18,18,4
7.22581,86,12,7,8,3,10
3.80645,68,12,1,17
7.03226,92,12,3,1,10,6
3.87097,66,12,9,15
5.29032,84,12,7,12,21,5
5.6129,74,12,3,7,9
5.80645,68,12,12,19,1,1,2
5.67742,72,12,22,8,8,7
6.19355,118,12,18,15,10,13
3.6129,74,12,5,8
5.80645,68,12,1,15,17
8.32258,114,12,18,8,1,5,2
3.93548,64,12,7,5
6.70968,102,12,13,22,17,3
3.35484,82,12,17,11
5.6129,74,12,20,7,1
3.80645,68,12,1,17
5.93548,64,12,21,3,22
5.6129,74,12,5,10,18
5.54839,76,12,8,12,16,1
5.48387,78,12,13,15,1
5.80645,68,12,22,13,2
7.09677,90,12,19,14,11,19,6
3.6129,74,12,5,18
5.54839,76,12,13,7,11
7.93548,64,12,20,15,7,17
3.48387,78,12,5,3
5.6129,74,12,18,15,12,15,9
2.77419,100,12,5,20
5.54839,76,12,7,12,1,15
5.93548,64,12,7,18,6
5.6129,74,12,5,16,19
5.48387,78,12,18,21,5
5.03226,92,12,19,6,1
5.35484,82,12,8,2,1
3.54839,76,12,6,20
6.3871,112,12,3,19,10,13
3.54839,76,12,17,17,22,12
5.41935,80,12,21,6,16
4.25806,116,12,1,20,10
7.41935,80,12,8,3,7,13
2.83871,98,12,5,2
3.48387,78,12,18,17,12
7.74194,70,12,15,18,7,3
3.80645,68,12,9,14
2.77419,100,12,5,20
3.93548,64,12,16,18
7.6129,74,12,2,20,4,14
3.6129,74,12,16,7
7.87097,66,12,20,7,7,14,19
5.35484,82,12,7,19,7,5
6.90323,96,12,18,19,19,17,3
9.48387,78,12,8,11,8,1,1,3,20
3.6129,74,12,17,4
5.87097,66,12,11,9,15
7.48387,78,12,13,13,2,15,6
5.80645,68,12,22,14,20
7.74194,70,12,18,15,16,1
3.48387,78,12,13,16
4,62,12,12,7,10
5.09677,90,12,4,12,9,14
5.93548,64,12,3,11,17
5.54839,76,12,15,3,7
3.93548,64,12,11,17
5.93548,64,12,2,15,8
7.41935,80,12,14,15,4,15,7,7,12
5.74194,70,12,2,18,11
3.67742,72,12,2,10
7.16129,88,12,3,18,3,4,15
7.03226,92,12,21,22,11,20
6.90323,96,12,14,12,15,15,6,11
5.6129,74,12,9,1,18
5.09677,90,12,20,6,2
5.74194,70,12,13,6,19
5.87097,66,12,19,7,11
3.48387,78,12,5,15
3.93548,64,12,12,9,8
5.41935,80,12,10,1,5
9.35484,82,12,3,18,19,22,2
2.64516,104,12,10,13
5.67742,72,12,19,20,13
5.87097,66,12,14,14,7,2,12
9.09677,90,12,18,7,21,21,3,9
3.6129,74,12,17,8
3.80645,68,12,6,19
5.48387,78,12,13,15,20
3.87097,66,12,10,11
6.96774,94,12,21,12,20,22,10
9.74194,70,12,19,21,18,15,14
2.83871,98,12,10,2
6.64516,104,12,19,14,9,6
7.35484,82,12,8,22,19,9
3.87097,66,12,17,6
3.22581,86,12,10,12,5
5.41935,80,12,21,6,16
5.41935,80,12,12,18,20,11
2.58065,106,12,5,13
7.67742,72,12,2,2,11,3,14
5.80645,68,12,3,9,15
2.77419,100,12,5,20
7.29032,84,12,11,8,2,7
7.22581,86,12,4,7,7,18,6
5.41935,80,12,11,7,1
3.48387,78,12,6,1
7.80645,68,12,13,22,7,17
4.77419,100,12,4,17,20
3.87097,66,12,10,12,1
3.41935,80,12,17,3
7.54839,76,12,3,16,11,19
4.64516,104,12,3,13,5
6.25806,116,12,11,3,9,9,4
3.6129,74,12,13,9
3.6129,74,12,17,8
5.54839,76,12,14,18,4,14
4.58065,106,12,19,5,4
3.93548,64,12,9,18
3.93548,64,12,9,18
4.96774,94,12,8,9,2
3.41935,80,12,13,10
3.54839,76,12,12,10,14
7.87097,66,12,3,20,3,1,19
5.80645,68,12,3,20,11
5.48387,78,12,7,11,5
3.41935,80,12,17,3
5.48387,78,12,20,8,5
5.48387,78,12,6,12,14,16
4,62,12,4,11
6.32258,114,12,15,7,7,15,4,5
5.6129,74,12,8,22,9
4.96774,94,12,8,5,21
5.87097,66,12,13,11,8
5.22581,86,12,4,17,19
3.6129,74,12,6,12,17
5.67742,72,12,22,1,3
5.29032,84,12,6,22,13
9.93548,64,12,12,12,18,18,22,7,15,1
3.29032,84,12,6,9
3.6129,74,12,13,13,22,12
3.87097,66,12,8,8,12,20,8
5.29032,84,12,20,7,5
4.70968,102,12,1,16,13
5.48387,78,12,13,22,3
5.6129,74,12,15,11,10
5.6129,74,12,11,7,2
7.74194,70,12,15,1,11,19
4.77419,100,12,21,5,7
3.87097,66,12,16,12,22
5.29032,84,12,8,20,19
7.16129,88,12,2,20,4,11
5.74194,70,12,22,18,2
3.6129,74,12,5,18
5.87097,66,12,14,6,17
5.87097,66,12,8,19,1,12
5.87097,66,12,18,3,4
5.54839,76,12,18,6,18,4
3.67742,72,12,12,2,10
3.48387,78,12,6,11
5.54839,76,12,1,16,7
5.22581,86,12,20,17,19
6,62,12,1,15,21
6,62,12,11,9,19
3.87097,66,12,2,9
4,62,12,6,14
3.48387,78,12,4,9
5.74194,70,12,13,6,19
7.09677,90,12,7,18,16,14
5.41935,80,12,6,12,18,10
7.54839,76,12,21,19,18,7,12
4.58065,106,12,5,12,5,9,13
7.16129,88,12,21,22,3,16
7.22581,86,12,15,8,8,1,2
6.70968,102,12,14,3,10,21
4.45161,110,12,10,16,13
3.74194,70,12,16,3
3.74194,70,12,12,16,3
5.80645,68,12,8,6,4
7.22581,86,12,11,19,16,22
7.29032,84,12,3,7,6,7,7,1
3.16129,88,12,9,20
5.80645,68,12,16,9,8
2.90323,96,12,13,17,12
5.22581,86,12,19,12,9,14
7.54839,76,12,2,13,2,19,19,21
5.16129,88,12,18,4,11
3.16129,88,12,9,2
5.09677,90,12,1,18,1,13
5.74194,70,12,6,21,22
7.54839,76,12,3,21,22,1
6.77419,100,12,8,3,13,1
6.96774,94,12,8,14,17,13
7.41935,80,12,20,1,11,10
3.41935,80,12,5,14
2.77419,100,12,10,4
7.48387,78,12,20,2,7,1
2.64516,104,12,5,4
5.67742,72,12,22,1,22,21
3.41935,80,12,19,16,12
3.48387,78,12,5,3
3.54839,76,12,4,16
5.54839,76,12,7,19,4
5.54839,76,12,22,6,19
5.22581,86,12,20,17,16
3.80645,68,12,16,17
5.93548,64,12,1,8,2
8,62,12,21,7,15,10
7.41935,80,12,14,14,11,11,18,5
3.41935,80,12,13,5
5.29032,84,12,13,19,5
5.48387,78,12,13,6,3
4,62,12,11,6
5.6129,74,12,10,16,18
3.80645,68,12,9,14
3.74194,70,12,6,2
6.45161,110,12,4,21,21,2,10
4.51613,108,12,18,5,13
3.67742,72,12,20,10
5.41935,80,12,12,1,19,15,1
5.80645,68,12,2,7,20
5.35484,82,12,11,11,11,20,11,7
6,62,12,3,12,6,4
5.03226,92,12,22,8,11,22
5.93548,64,12,20,22,6
7.29032,84,12,22,14,19,20
7.87097,66,12,4,15,7,7,7,21
4,62,12,17,21
7.35484,82,12,1,18,22,8
5.6129,74,12,9,5,8
5.29032,84,12,22,2,19
5.87097,66,12,21,17,14
5.09677,90,12,4,6,5
5.22581,86,12,20,21,12,17
3.93548,64,12,9,18
3.48387,78,12,6,1
5.6129,74,12,19,17,14
3.54839,76,12,10,22
7.93548,64,12,21,21,14,22,4
5.29032,84,12,6,22,3
5.54839,76,12,2,1,21
5.41935,80,12,2,11,2,11,22
5.22581,86,12,11,20,19
5.74194,70,12,3,6,13
7.03226,92,12,8,14,21,12,5
4,62,12,17,21
5.67742,72,12,3,12,17,21
7.35484,82,12,9,16,10,22
5.22581,86,12,13,18,2
3.41935,80,12,17,3
8,62,12,22,15,1,11
6.70968,102,12,3,5,5,10,20
7.6129,74,12,5,10,16,11
4.96774,94,12,10,9,6
5.87097,66,12,3,20,12,21
7.87097,66,12,11,15,14,18
3.74194,70,12,6,8
5.80645,68,12,12,4,12,11,21
4,62,12,16,19
5.54839,76,12,4,2,17
5.87097,66,12,15,19,2
5.87097,66,12,4,19,18
3.48387,78,12,13,16
3.93548,64,12,5,1
5.93548,64,12,7,22,5
3.87097,66,12,10,12,1
7.54839,76,12,14,1,16,22
3.87097,66,12,9,15
5.03226,92,12,11,20,6
2.64516,104,12,5,4
5.29032,84,12,13,14,5
3.35484,82,12,4,5
5.80645,68,12,3,1,17
3.87097,66,12,1,4
8.64516,104,12,12,21,14,16,9,2
5.6129,74,12,4,15,21,12
5.93548,64,12,18,17,21
7.29032,84,12,21,15,17,1
9.80645,68,12,14,22,15,3,11
5.93548,64,12,1,11,12,2
5.35484,82,12,4,3,3,16
8,62,12,11,8,5,10
5.54839,76,12,22,1,16
3.87097,66,12,10,11
5.29032,84,12,12,4,22,5
7.6129,74,12,14,7,2,3
