2.51613,108,6,6,10,4
5.16129,88,6,22,5,3
5.03226,92,6,18,18,22,18,22,22,6,8
3.48387,78,6,10,8
5.09677,90,6,19,17,9
2.90323,96,6,5,12
5.54839,76,6,17,9,11
3.48387,78,6,12,15,6
3.35484,82,6,13,5
3.74194,70,6,16,8
3.87097,66,6,3,15
5.09677,90,6,22,22,20,17
5.87097,66,6,19,10,19,14
5.22581,86,6,18,2,22
3.87097,66,6,11,5
3.16129,88,6,2,5
5.87097,66,6,4,14,4,7
5.22581,86,6,17,14,16
7.54839,76,6,7,8,3,13
3.6129,74,6,11,20
3.29032,84,6,6,10,3
5.6129,74,6,1,8,7
5.80645,68,6,21,18,2
3.93548,64,6,19,2
3.93548,64,6,11,18
3.93548,64,6,17,8
3.54839,76,6,13,9
5.93548,64,6,12,18,7
2.77419,100,6,19,16,6
5.93548,64,6,18,15,2
3.09677,90,6,2,10
5.6129,74,6,3,12,1
2.90323,96,6,20,10
7.74194,70,6,7,19,18,9
2.83871,98,6,5,21
6,62,6,18,19,9
3.93548,64,6,1,18
5.22581,86,6,9,10,14
3.48387,78,6,9,14
5.48387,78,6,18,3,16
5.54839,76,6,13,8,12
4,62,6,1,5
3.54839,76,6,5,11
4.45161,110,6,17,10,20
5.67742,72,6,15,16,18
5.22581,86,6,7,10,15
7.80645,68,6,7,14,12,22
3.67742,72,6,2,17
3.93548,64,6,13,1
3.48387,78,6,19,6,16
5.54839,76,6,15,10,11
3.22581,86,6,1,13
3.48387,78,6,22,2,6
5.35484,82,6,13,6,8,8,10
6.96774,94,6,7,19,16,21
5.6129,74,6,21,9,21,22
4.96774,94,6,4,11,13
5.87097,66,6,7,11,12
3.35484,82,6,5,8
2.83871,98,6,5,21
5.54839,76,6,2,2,4,22
4.19355,118,6,21,16,13
5.54839,76,6,1,14,22
5.09677,90,6,7,13,2,6
3.87097,66,6,11,5
5.16129,88,6,12,11,22
3.54839,76,6,14,6,10
3.35484,82,6,13,10
4,62,6,21,10
3.87097,66,6,1,12
5.54839,76,6,11,14,1
3.09677,90,6,20,16
5.74194,70,6,19,14,13
2.32258,114,6,5,13
5.03226,92,6,19,9,7
5.80645,68,6,12,21,20
5.67742,72,6,17,22,9
5.03226,92,6,19,1,17
3.22581,86,6,11,17
2.83871,98,6,9,2
3.87097,66,6,19,20
5.48387,78,6,1,9,1,18
3.35484,82,6,13,10
7.03226,92,6,21,15,20,19
3.93548,64,6,11,18
3.09677,90,6,1,19,6
6.96774,94,6,21,3,11,17
4.96774,94,6,21,13,6,2
5.29032,84,6,22,2,22,6,3
5.93548,64,6,8,21,22
3.87097,66,6,9,11
7.67742,72,6,18,19,19,3,21
7.29032,84,6,14,3,21,17
5.74194,70,6,15,22,6,15,16
4.90323,96,6,17,10,21
3.35484,82,6,2,20,6
3.35484,82,6,13,10
8.51613,108,6,22,16,9,5,2
4.83871,98,6,15,15,20,16
3.35484,82,6,5,18
2.3871,112,6,10,13
5.41935,80,6,15,13,7
7.41935,80,6,7,15,4,18
3.93548,64,6,8,5
3.6129,74,6,20,19
5.29032,84,6,17,18,20
3.74194,70,6,22,6,6,5
3.93548,64,6,3,2
5.80645,68,6,8,1,1,12
5.87097,66,6,7,8,21,7
4.70968,102,6,15,4,16
5.74194,70,6,22,17,13
5.6129,74,6,13,8,21
5.09677,90,6,18,9,7
5.03226,92,6,11,19,20
2.3871,112,6,10,13
5.54839,76,6,22,2,18
5.03226,92,6,15,15,12,19,6
5.6129,74,6,12,1,3
3.6129,74,6,3,10
9.41936,80,6,7,15,21,13,14
3.6129,74,6,11,20
3.87097,66,6,17,12
7.35484,82,6,4,22,19,9
3.29032,84,6,2,16
4.90323,96,6,11,19,13
3.6129,74,6,6,20,19
7.87097,66,6,6,21,3,11,19
4.25806,116,6,17,10,13
3.41935,80,6,16,7
5.48387,78,6,7,12,17
5.67742,72,6,14,15,5
4.83871,98,6,15,16,2
5.93548,64,6,2,13,12
4.45161,110,6,8,9,2
3.54839,76,6,16,3
4.90323,96,6,18,20,1
3.48387,78,6,1,20
5.6129,74,6,20,21,4
5.6129,74,6,1,14,3
5.93548,64,6,14,15,15,3
3.41935,80,6,16,7
3.35484,82,6,13,5
5.29032,84,6,11,14,4
7.29032,84,6,15,5,9,19
7.09677,90,6,22,20,2,2,1
3.87097,66,6,20,14
6,62,6,14,18,5
5.54839,76,6,4,15,10
4.25806,116,6,8,9,4
3.22581,86,6,6,16,12
5.16129,88,6,3,11,13
7.03226,92,6,4,13,11,20
3.67742,72,6,4,9
3.80645,68,6,5,6,4
2.58065,106,6,16,13
5.6129,74,6,4,11,9
5.67742,72,6,18,22,9
5.16129,88,6,17,9,14
4.90323,96,6,4,20,5
7.16129,88,6,4,18,14,10
4.51613,108,6,15,10,20
2.83871,98,6,5,5,21
8,62,6,19,8,14,7
3.80645,68,6,17,13
6,62,6,7,4,12
3.41935,80,6,13,16
4,62,6,2,15
4,62,6,11,16
3.87097,66,6,2,6,19
5.54839,76,6,15,6,12,11
5.67742,72,6,18,3,2
5.80645,68,6,15,12,22
3.74194,70,6,3,16
3.09677,90,6,20,9
5.41935,80,6,8,7,2
5.74194,70,6,7,12,7,1
7.41935,80,6,7,8,11,20
3.03226,92,6,10,12
4.77419,100,6,5,16,12
6.83871,98,6,5,10,9,21
5.54839,76,6,19,12,22
2.64516,104,6,10,5,6
7.35484,82,6,7,17,16,19
5.54839,76,6,14,13,21
5.74194,70,6,22,1,5
3.87097,66,6,2,11
3.6129,74,6,6,12,9
5.93548,64,6,12,19,18
5.03226,92,6,2,20,9
4,62,6,21,10
3.41936,80,6,13,20,6
3.87097,66,6,1,12
7.80645,68,6,14,21,7,8
5.16129,88,6,22,13,17
4.96774,94,6,21,20,10
3.48387,78,6,9,17
4.96774,94,6,14,4,1
4.64516,104,6,7,13,16
3.22581,86,6,16,12
5.80645,68,6,21,13,7
3.87097,66,6,19,4
5.03226,92,6,3,6,4,17
4.06452,122,6,14,10,13
3.87097,66,6,2,11
3.16129,88,6,2,5
3.29032,84,6,10,14
5.48387,78,6,13,11,12
3.74194,70,6,4,16
3.67742,72,6,6,20,11
3.54839,76,6,16,14
3.80645,68,6,17,6,3
3.67742,72,6,20,18
5.29032,84,6,19,9,15
2.70968,102,6,15,10,6
7.35484,82,6,6,22,15,13,13,7
5.16129,88,6,13,17,14
5.48387,78,6,4,3,13
3.09677,90,6,20,9
3.54839,76,6,9,15
5.41935,80,6,13,15,20
3.74194,70,6,2,6,12
3.22581,86,6,11,17
2.90323,96,6,16,20
3.54839,76,6,6,20,1
5.22581,86,6,22,1,20
5.67742,72,6,19,18,5
5.16129,88,6,13,17,14
5.80645,68,6,2,12,19
7.54839,76,6,22,7,22,11,18
3.67742,72,6,2,17
3.6129,74,6,1,22
3.03226,92,6,10,21
5.93548,64,6,15,8,16
6,62,6,13,14,15
5.74194,70,6,18,8,10
3.93548,64,6,17,4
3.35484,82,6,5,8
5.74194,70,6,21,19,4
5.93548,64,6,22,8,7
2.58065,106,6,10,20
3.93548,64,6,19,2
3.35484,82,6,13,5
7.16129,88,6,12,18,14,16
3.87097,66,6,3,15
5.03226,92,6,11,6,7,16
3.93548,64,6,3,2
5.41935,80,6,19,22,1
5.48387,78,6,4,19,17
3.22581,86,6,1,1,17
4.96774,94,6,17,6,22,17,6,12
3.6129,74,6,12,9
5.54839,76,6,1,3,21
7.16129,88,6,8,7,15,11
6,62,6,3,6,22,7
3.6129,74,6,3,10
7.67742,72,6,13,12,19,22
5.80645,68,6,8,1,12
4.96774,94,6,2,12,12,12,12,12,5
7.87097,66,6,14,14,8,19,9
3.48387,78,6,12,10
3.80645,68,6,10,1
3.93548,64,6,6,17,8
3.74194,70,6,3,22
5.87097,66,6,22,12,4
3.41935,80,6,5,17
5.29032,84,6,14,20,11
5.22581,86,6,19,10,19,5
5.74194,70,6,18,22,3
3.6129,74,6,10,11
3.80645,68,6,20,20,15
5.09677,90,6,10,9,7
3.16129,88,6,6,6,10,7
5.74194,70,6,18,11,16
3.93548,64,6,15,4,6
6.32258,114,6,16,9,5,4
7.48387,78,6,21,21,3,11,15
6,62,6,8,1,14
3.6129,74,6,9,8
3.87097,66,6,2,19
3.80645,68,6,20,7
3.03226,92,6,10,12
5.87097,66,6,20,20,12,3
4.96774,94,6,17,16,21
4.45161,110,6,7,16,13
3.22581,86,6,5,3
3.16129,88,6,9,21
5.41935,80,6,9,16,14
3.48387,78,6,10,18
5.93548,64,6,7,15,19,6
5.6129,74,6,15,6,12,19
3.54839,76,6,6,5,11
4,62,6,11,12
5.74194,70,6,18,22,20
3.67742,72,6,6,17,11
7.74194,70,6,4,15,21,8
3.74194,70,6,3,9
3.6129,74,6,16,15
3.54839,76,6,20,1
5.87097,66,6,7,11,16
5.09677,90,6,2,22,3
5.67742,72,6,19,7,8
3.67742,72,6,5,1
5.48387,78,6,20,2,8
5.03226,92,6,7,9,21
7.48387,78,6,4,13,11,9
3.80645,68,6,13,22,6
5.80645,68,6,14,7,3
5.35484,82,6,3,18,11
2.77419,100,6,16,4
4.45161,110,6,14,16,4
5.41936,80,6,12,11,5
3.80645,68,6,8,4
5.09677,90,6,13,3,13,8
5.54839,76,6,7,20,18
6,62,6,13,12,1
7.6129,74,6,7,12,21,13
3.48387,78,6,1,20
3.93548,64,6,16,1
3.03226,92,6,5,7
3.6129,74,6,11,22
3.54839,76,6,6,1,2
5.16129,88,6,5,16,17
2.90323,96,6,20,10
3.93548,64,6,20,4
5.80645,68,6,22,2,7
3.93548,64,6,2,8
5.93548,64,6,11,1,10
5.29032,84,6,12,4,14
3.74194,70,6,19,13
7.22581,86,6,12,3,8,4
7.22581,86,6,18,9,10,8
4.25806,116,6,6,17,16,16,13
3.41935,80,6,5,19
5.67742,72,6,21,13,3
3.16129,88,6,9,21
2.58065,106,6,16,13
5.35484,82,6,15,1,2
7.74194,70,6,14,4,13,2
5.67742,72,6,5,10,1
5.54839,76,6,22,4,18
3.6129,74,6,1,22
7.48387,78,6,14,21,18,10
6.90323,96,6,19,11,8,13
5.48387,78,6,7,20,19
3.54839,76,6,10,17
5.80645,68,6,19,12,8
3.22581,86,6,9,12
3.67742,72,6,9,19
5.41935,80,6,22,10,8
2.51613,108,6,5,20
7.16129,88,6,15,9,16,21
6.51613,108,6,7,15,5,2
5.41935,80,6,15,20,18
5.74194,70,6,14,3,9
5.03226,92,6,5,10,7
6.58065,106,6,18,21,8,21,5
7.09677,90,6,21,7,3,9
3.35484,82,6,3,17
7.74194,70,6,8,14,8,1,16
5.29032,84,6,17,17,18,2
5.80645,68,6,7,3,2
5.41935,80,6,8,18,20
4.51613,108,6,22,13,16
5.74194,70,6,14,13,14,7
3.6129,74,6,3,5
5.54839,76,6,4,4,3,16
3.48387,78,6,10,18
7.87097,66,6,22,17,9,5
3.87097,66,6,3,20
5.87097,66,6,12,21,19
5.54839,76,6,18,20,12
5.67742,72,6,7,4,18
4,62,6,11,16
3.29032,84,6,9,7
5.6129,74,6,20,12,19
5.48387,78,6,8,1,2
5.48387,78,6,22,6,3,18
4,62,6,7,6,16
7.74194,70,6,14,8,22,18
3.87097,66,6,2,18
3.6129,74,6,4,10
5.41935,80,6,18,16,17
7.35484,82,6,14,14,11,3,9
3.74194,70,6,1,15
3.87097,66,6,21,5
3.29032,84,6,10,6,8
7.74194,70,6,7,22,2,22,8
5.29032,84,6,17,9,9,8
4,62,6,11,12
3.29032,84,6,10,22
3.54839,76,6,13,9
7.03226,92,6,7,5,10,14
5.6129,74,6,21,3,10
3.74194,70,6,3,16
3.93548,64,6,1,18
7.48387,78,6,15,19,22,20
2.90323,96,6,20,10
5.35484,82,6,14,4,4,3
5.80645,68,6,7,19,20
4,62,6,14,5
3.74194,70,6,8,17
3.48387,78,6,10,8
7.67742,72,6,15,11,3,19
3.93548,64,6,2,8
5.6129,74,6,22,4,3
6,62,6,22,3,19
3.54839,76,6,9,15
6,62,6,13,12,1
3.6129,74,6,12,17
7.74194,70,6,8,21,14,12
4.96774,94,6,18,4,8
5.35484,82,6,17,7,10
7.74194,70,6,22,18,8,9
6.77419,100,6,14,18,17,11
7.29032,84,6,19,18,19,21,11
3.80645,68,6,20,15
3.6129,74,6,16,22
7.93548,64,6,15,21,20,12
7.74194,70,6,21,22,12,12,3
3.29032,84,6,10,22
3.87097,66,6,2,19
3.41935,80,6,13,16
3.03226,92,6,10,21
3.29032,84,6,16,21
2.83871,98,6,9,20
7.29032,84,6,19,14,3,9
5.67742,72,6,16,9,19
5.67742,72,6,3,19,12
3.48387,78,6,12,10
3.35484,82,6,13,10
2.51613,108,6,10,4
3.41935,80,6,6,5,6,18
3.93548,64,6,16,1
6,62,6,22,8,15
5.41935,80,6,20,2,11
3.35484,82,6,13,5
7.67742,72,6,7,18,7,17,16
5.16129,88,6,20,13,7
4.51613,108,6,6,18,10,9,6
5.74194,70,6,7,17,12
5.54839,76,6,8,19,4
3.54839,76,6,9,15
5.16129,88,6,7,16,21
3.16129,88,6,15,20,6
5.6129,74,6,4,6,8,22
7.29032,84,6,7,18,20,4
5.74194,70,6,14,8,17
3.6129,74,6,9,18
3.67742,72,6,4,9
2.3871,112,6,5,4
5.41935,80,6,6,3,19,10
3.22581,86,6,1,13
9.93548,64,6,22,14,3,8,11
2.58065,106,6,10,2
5.93548,64,6,21,11,9
3.67742,72,6,9,19
7.41935,80,6,17,18,14,18,1
5.16129,88,6,15,17,18,6
7.74194,70,6,7,15,3,2
2.51613,108,6,10,4
2.77419,100,6,16,4
5.67742,72,6,17,19,11
5.54839,76,6,14,12,17
3.87097,66,6,16,11
3.35484,82,6,10,10,15
5.48387,78,6,7,16,17
5.93548,64,6,6,4,12,22
5.87097,66,6,19,1,14
5.54839,76,6,4,14,10
3.29032,84,6,1,4
3.41935,80,6,12,5
3.74194,70,6,6,17,20
5.09677,90,6,18,18,11,4
3.22581,86,6,16,12
3.74194,70,6,20,22
5.41935,80,6,5,10,17
9.87097,66,6,18,8,1,11,3
3.80645,68,6,3,6,18
3.54839,76,6,4,5
5.87097,66,6,20,12,3
4.45161,110,6,18,9,13
3.6129,74,6,6,9,18
7.54839,76,6,15,14,3,16
4.83871,98,6,20,13,8
5.74194,70,6,17,19,3
3.41935,80,6,12,5
4,62,6,11,12
5.87097,66,6,4,20,20,3
3.03226,92,6,10,21
3.22581,86,6,1,13
5.29032,84,6,6,21,17,13
4.32258,114,6,9,10,13
4.51613,108,6,8,6,4,10
2.90323,96,6,20,10
3.6129,74,6,6,11,2
4.70968,102,6,12,12,2,16
3.48387,78,6,10,18
6,62,6,8,21,7
3.35484,82,6,9,6,2
5.67742,72,6,19,11,5
5.74194,70,6,6,22,11,12
3.22581,86,6,6,9,9,12
5.67742,72,6,14,11,7
3.41935,80,6,5,17
5.6129,74,6,19,19,21,1
3.80645,68,6,1,21
5.16129,88,6,5,16,22
3.35484,82,6,10,15
5.87097,66,6,8,16,10
3.67742,72,6,17,1
3.54839,76,6,6,5,11
4,62,6,9,1
3.93548,64,6,8,5
3.74194,70,6,3,4
3.87097,66,6,3,15
6,62,6,22,3,14
3.93548,64,6,19,2
5.35484,82,6,10,9,10,18
3.09677,90,6,1,6,9
4.45161,110,6,8,9,9,2
4.32258,114,6,19,16,13
4.96774,94,6,8,7,10
5.35484,82,6,8,3,17
5.48387,78,6,20,2,8
3.67742,72,6,20,6,19
3.35484,82,6,2,20,6
3.48387,78,6,10,8
3.41935,80,6,6,5,17
5.6129,74,6,18,21,15,6
4.83871,98,6,21,13,6,13,11
7.29032,84,6,4,7,14,16
5.67742,72,6,21,6,4,17
6,62,6,7,19,5
7.41935,80,6,22,17,15,5
5.74194,70,6,18,11,12
5.54839,76,6,3,19,16
5.22581,86,6,12,13,3
5.48387,78,6,7,9,8
3.6129,74,6,16,22
5.74194,70,6,7,16,11
3.6129,74,6,10,11
5.03226,92,6,2,22,9
3.29032,84,6,10,3
2.58065,106,6,16,13
7.67742,72,6,22,8,18,21
3.48387,78,6,9,3
3.29032,84,6,2,2,16
3.09677,90,6,20,16
5.54839,76,6,22,1,21
4.90323,96,6,8,7,5
3.22581,86,6,19,12,6
2.83871,98,6,6,5,21
3.16129,88,6,17,19,6
6.70968,102,6,22,12,21,12,5
3.09677,90,6,20,9
3.54839,76,6,10,17
5.35484,82,6,18,11,2
3.93548,64,6,3,2
3.41935,80,6,12,5
3.87097,66,6,19,19,4
4,62,6,11,12
5.80645,68,6,18,17,15
5.54839,76,6,1,8,19,1
3.6129,74,6,3,6,8
3.74194,70,6,11,15
3.16129,88,6,2,5
4.3871,112,6,2,3,2,5
5.03226,92,6,2,22,11
5.6129,74,6,17,18,11
3.22581,86,6,1,13
5.29032,84,6,9,16,7
6.51613,108,6,7,10,9,16,9,6
5.29032,84,6,14,16,22
5.80645,68,6,3,12,19
3.29032,84,6,2,6,10
3.80645,68,6,17,13
6.90323,96,6,17,22,21,10
3.22581,86,6,16,12
5.93548,64,6,17,14,21
9.35484,82,6,7,14,21,21,20,21,21,11
3.93548,64,6,8,2
5.93548,64,6,14,12,22
2.77419,100,6,6,9,6,5
7.41935,80,6,19,1,8,8,7
5.29032,84,6,13,6,17,4
5.80645,68,6,1,14,19
3.6129,74,6,8,6,20
3.74194,70,6,16,18
3.80645,68,6,20,7
5.48387,78,6,18,3,22
4.83871,98,6,13,11,4
3.48387,78,6,9,3
3.48387,78,6,6,10,8
3.93548,64,6,20,4
5.67742,72,6,8,18,17
3.6129,74,6,11,2
4.51613,108,6,8,16,2
3.48387,78,6,9,14
3.80645,68,6,10,1
3.22581,86,6,9,9,12
3.80645,68,6,5,6,4
5.54839,76,6,4,1,10
2.64516,104,6,9,4
3.16129,88,6,10,7
5.41935,80,6,17,10,19
5.22581,86,6,8,1,4
3.6129,74,6,20,19
6.12903,120,6,7,14,16,13
5.80645,68,6,1,14,8
6,62,6,22,3,19
6,62,6,7,17,9
3.16129,88,6,2,5
3.35484,82,6,11,4
5.74194,70,6,18,21,1
7.6129,74,6,6,13,2,4,22
5.87097,66,6,11,3,19
5.67742,72,6,7,16,19
5.87097,66,6,22,17,4
2.90323,96,6,20,5
5.93548,64,6,8,1,5
3.67742,72,6,2,17
3.93548,64,6,20,4
7.16129,88,6,7,22,12,10
2.58065,106,6,10,20
7.87097,66,6,14,21,12,8
5.22581,86,6,3,19,2
7.09677,90,6,15,12,8,8,2
4,62,6,21,10
5.35484,82,6,18,11,20
3.6129,74,6,11,2
3.93548,64,6,11,18
3.74194,70,6,3,9
5.41935,80,6,9,16,9,17
3.54839,76,6,20,1
3.87097,66,6,2,11
5.03226,92,6,6,12,13,19
4.64516,104,6,22,20,5
9.93548,64,6,7,15,8,19,15,22
7.35484,82,6,13,13,2,20,17
5.54839,76,6,22,11,21
3.41935,80,6,5,17
3.41935,80,6,5,17
6.90323,96,6,21,12,22,5
4.90323,96,6,22,16,20
4.64516,104,6,22,16,10,6
5.09677,90,6,7,1,13
5.74194,70,6,14,11,15
7.67742,72,6,15,11,8,18
6,62,6,19,16,5
3.74194,70,6,4,16
5.16129,88,6,16,10,14
3.80645,68,6,20,7
3.09677,90,6,2,2,10
2.58065,106,6,16,13
4.3871,112,6,1,9,4
3.6129,74,6,1,22
3.48387,78,6,10,18
2.51613,108,6,6,6,5,20
6,62,6,21,1,19
7.67742,72,6,19,8,15,15,14
3.67742,72,6,9,19
6.45161,110,6,22,14,20,16
7.48387,78,6,4,13,12,17
5.22581,86,6,15,16,21
3.87097,66,6,20,14
3.74194,70,6,17,3
3.54839,76,6,20,1
2.3871,112,6,5,4
5.29032,84,6,14,16,17
5.93548,64,6,18,15,1
5.6129,74,6,6,18,1,18,16
3.16129,88,6,5,14
3.67742,72,6,2,17
5.48387,78,6,19,1,7
3.54839,76,6,9,15
4,62,6,14,5
5.67742,72,6,12,3,15
5.16129,88,6,21,16,3
3.54839,76,6,1,2
2.77419,100,6,16,4
3.03226,92,6,10,21
2.58065,106,6,16,13
5.87097,66,6,19,19,21,20
3.16129,88,6,5,22
3.67742,72,6,13,15,6
3.35484,82,6,13,10
2.64516,104,6,9,4
3.93548,64,6,17,8
3.87097,66,6,3,20
5.80645,68,6,8,12,20
3.09677,90,6,20,9
3.6129,74,6,3,10
5.09677,90,6,15,10,7
7.22581,86,6,7,12,19,17
6,62,6,11,8,1
5.48387,78,6,7,6,1,5
3.93548,64,6,3,2
5.09677,90,6,13,20,16
3.74194,70,6,6,19,13
3.09677,90,6,20,9
5.22581,86,6,1,3,16
3.6129,74,6,9,8
3.22581,86,6,16,12
3.35484,82,6,10,6,19
5.87097,66,6,22,17,15,6
5.80645,68,6,3,12,19
4.96774,94,6,4,17,3
5.35484,82,6,14,12,5
7.74194,70,6,14,8,22,17
5.16129,88,6,4,18,4,11
3.93548,64,6,6,17,8
5.93548,64,6,21,15,5
3.80645,68,6,1,21
5.67742,72,6,4,19,16
5.48387,78,6,12,1,10
6.90323,96,6,21,14,13,13,19
3.6129,74,6,6,10,11
5.09677,90,6,8,18,19,6
5.16129,88,6,3,11,13
2.70968,102,6,10,9,6
3.54839,76,6,16,14
5.93548,64,6,7,12,1
2.58065,106,6,22,5,6
3.6129,74,6,12,17
5.80645,68,6,21,4,18
5.22581,86,6,22,7,6,9
3.80645,68,6,20,7
2.58065,106,6,18,10,6
5.54839,76,6,12,21,1
3.87097,66,6,19,7,6
5.6129,74,6,20,21,4
5.22581,86,6,12,15,15,11
4.3871,112,6,1,9,4
5.22581,86,6,18,4,14
3.16129,88,6,2,5
2.90323,96,6,16,2
3.35484,82,6,11,4
4.77419,100,6,21,6,21,13,16
7.6129,74,6,4,2,20,19
4.32258,114,6,17,9,4
3.87097,66,6,11,10
3.80645,68,6,20,7
3.16129,88,6,5,14
3.74194,70,6,16,8
7.67742,72,6,7,22,16,18
6,62,6,22,12,8
7.16129,88,6,9,5,9,10,9,3
7.29032,84,6,14,12,4,20
3.22581,86,6,5,15
6.45161,110,6,16,9,10,4
4.96774,94,6,1,14,10
5.16129,88,6,12,18,13
4.90323,96,6,21,21,9,7
7.41935,80,6,4,7,17,18
3.93548,64,6,11,18
4.51613,108,6,22,10,20
2.90323,96,6,5,12
3.41935,80,6,5,6,17
3.54839,76,6,1,2
5.16129,88,6,19,16,7
5.74194,70,6,22,10,1
4.83871,98,6,8,16,12
5.48387,78,6,12,20,3
7.74194,70,6,15,21,4,7
2.96774,94,6,5,6,11
2.64516,104,6,9,4
3.54839,76,6,12,12,16
5.09677,90,6,21,4,16
4.96774,94,6,6,1,10,3
2.3871,112,6,10,13
3.6129,74,6,3,5
7.35484,82,6,7,2,13,14
4,62,6,21,10
5.09677,90,6,9,10,7
5.80645,68,6,22,2,2,3
5.54839,76,6,18,17,21
5.22581,86,6,7,5,8
3.41935,80,6,11,13
5.35484,82,6,12,1,18
5.29032,84,6,19,22,5
3.74194,70,6,4,16
3.93548,64,6,17,4
5.03226,92,6,18,16,12
3.67742,72,6,8,13
5.74194,70,6,19,14,13
3.41935,80,6,11,11,13
5.80645,68,6,18,5,18,19
3.54839,76,6,10,19
5.54839,76,6,9,10,11
3.87097,66,6,7,19,6
3.80645,68,6,2,1
5.22581,86,6,10,9,22
5.74194,70,6,7,8,20
3.80645,68,6,1,21
5.93548,64,6,12,2,13
3.74194,70,6,6,4,16
7.16129,88,6,15,15,14,18,11,15
3.22581,86,6,5,3
3.48387,78,6,1,1,20
3.22581,86,6,11,17
5.29032,84,6,6,15,9,7
4.90323,96,6,13,19,13,11
5.41935,80,6,8,7,2
3.93548,64,6,17,4
4,62,6,6,21,10
5.54839,76,6,13,22,2
4.25806,116,6,14,10,20
3.93548,64,6,11,18
3.35484,82,6,13,5
3.29032,84,6,10,6,8
6.90323,96,6,8,14,1,20
3.80645,68,6,16,19
7.35484,82,6,8,19,18,5
5.48387,78,6,12,8,16
5.93548,64,6,11,14,18
3.54839,76,6,13,9
3.29032,84,6,16,21
5.16129,88,6,3,19,20
3.35484,82,6,4,19,6
7.22581,86,6,22,14,7,10
3.54839,76,6,4,5
7.41935,80,6,19,1,8,7
2.51613,108,6,5,20
4,62,6,9,1
3.74194,70,6,12,21,6
4.3871,112,6,18,10,20
4.96774,94,6,14,13,11
5.41935,80,6,1,16,11
3.29032,84,6,10,22
3.74194,70,6,16,8
5.54839,76,6,6,1,11,7
3.35484,82,6,5,8
3.54839,76,6,6,20,1
5.16129,88,6,13,18,18,20
3.48387,78,6,12,10
2.58065,106,6,10,2
3.54839,76,6,4,5
5.09677,90,6,15,16,15,6,11
5.29032,84,6,12,8,2
2.51613,108,6,5,20
3.74194,70,6,3,4
3.74194,70,6,6,6,3,4
3.87097,66,6,19,4
3.35484,82,6,11,4
7.16129,88,6,21,21,15,8,13
2.83871,98,6,9,2
5.67742,72,6,14,22,3
3.80645,68,6,16,19
4,62,6,14,5
5.16129,88,6,18,11,13
5.29032,84,6,18,1,2
6,62,6,3,19,14
3.80645,68,6,17,13
4,62,6,6,14,5
5.74194,70,6,9,10,1
5.93548,64,6,7,12,1
3.74194,70,6,3,3,22
7.22581,86,6,21,8,7,20
7.80645,68,6,14,14,18,21,3
3.80645,68,6,17,6,20
2.58065,106,6,10,20
7.6129,74,6,8,14,7,19
5.16129,88,6,14,13,3
5.48387,78,6,8,9,11
7.87097,66,6,22,19,11,14
2.70968,102,6,9,10,6
3.41935,80,6,12,5
6.64516,104,6,22,7,6,21,5
4.83871,98,6,9,5,12
7.6129,74,6,14,18,21,11
3.74194,70,6,19,18,6
5.93548,64,6,14,16,10
5.54839,76,6,13,19,12
3.93548,64,6,20,4
7.87097,66,6,13,12,19,18
9.48387,78,6,7,15,22,19,13
7.54839,76,6,15,18,20,12
4,62,6,1,5
5.87097,66,6,19,3,18
3.41935,80,6,9,22
6,62,6,11,9,16
5.22581,86,6,18,4,14
7.54839,76,6,8,19,3,18
5.22581,86,6,7,3,17
5.29032,84,6,13,13,4,10
6,62,6,1,6,7,15
3.74194,70,6,1,15
2.51613,108,6,6,8,9,6
5.74194,70,6,12,19,22
3.6129,74,6,3,10
5.6129,74,6,8,7,19
3.09677,90,6,20,16
3.35484,82,6,13,10
5.09677,90,6,13,8,20
5.35484,82,6,14,16,14,4
5.22581,86,6,12,8,20
2.32258,114,6,5,13
4.83871,98,6,22,4,16
5.29032,84,6,7,13,17
3.03226,92,6,5,7
5.03226,92,6,14,4,11
3.54839,76,6,5,11
5.67742,72,6,19,3,15
3.09677,90,6,20,16
5.54839,76,6,7,20,18
4.32258,114,6,15,13,10
3.93548,64,6,19,19,2
3.03226,92,6,6,10,21
5.93548,64,6,21,11,9
5.16129,88,6,10,5,5,22
3.87097,66,6,21,5
3.80645,68,6,17,13
4.06452,122,6,20,13,5
5.09677,90,6,21,9,17
5.67742,72,6,6,14,22,20
5.6129,74,6,8,9,1
5.93548,64,6,21,8,8,10
3.29032,84,6,2,16
5.35484,82,6,10,16,18
5.41935,80,6,15,12,9
6,62,6,22,3,19
5.48387,78,6,5,10,11
2.83871,98,6,18,16,6
5.6129,74,6,22,4,3
3.54839,76,6,4,5
7.80645,68,6,4,19,8,1
3.16129,88,6,22,3,6
4.77419,100,6,16,5,21
3.6129,74,6,10,11
5.54839,76,6,2,13,22
5.29032,84,6,12,2,11
3.6129,74,6,16,17
4,62,6,11,12
2.90323,96,6,16,20
5.67742,72,6,3,19,7
5.87097,66,6,15,17,9
7.29032,84,6,22,12,3,16
5.54839,76,6,7,17,11
3.87097,66,6,16,16,11
6.83871,98,6,13,20,21,9
3.80645,68,6,20,7
2.51613,108,6,10,4
5.35484,82,6,22,20,20,19
7.54839,76,6,7,19,22,4
3.87097,66,6,2,11
3.35484,82,6,20,17
7.67742,72,6,21,22,19,16
4.58065,106,6,3,21,5
5.6129,74,6,4,20,19
5.16129,88,6,22,9,12
5.80645,68,6,8,7,21
5.67742,72,6,6,20,21,22
3.87097,66,6,11,10
3.67742,72,6,20,8
3.6129,74,6,9,18
2.90323,96,6,5,12
7.16129,88,6,21,3,12,9
3.54839,76,6,13,9
2.90323,96,6,16,2
5.67742,72,6,11,8,15
3.87097,66,6,11,5
3.48387,78,6,9,3
7.09677,90,6,18,22,17,2
4.70968,102,6,17,5,21
3.41935,80,6,6,9,22
2.58065,106,6,5,2
3.80645,68,6,10,1
5.48387,78,6,14,17,18
3.80645,68,6,16,19
5.80645,68,6,1,8,21
4,62,6,1,1,5
5.16129,88,6,21,9,15
3.87097,66,6,2,18
3.67742,72,6,17,11
3.67742,72,6,9,19
3.67742,72,6,20,6,19
5.09677,90,6,18,11,4
3.09677,90,6,2,10
3.22581,86,6,1,13
3.03226,92,6,6,5,7
5.87097,66,6,3,8,15
3.87097,66,6,11,10
5.09677,90,6,2,6,14,9
6,62,6,17,14,18
5.87097,66,6,8,21,2
3.48387,78,6,1,20
4.90323,96,6,19,17,8
3.6129,74,6,9,18
3.87097,66,6,1,12
3.87097,66,6,3,20
3.22581,86,6,5,6,2
3.03226,92,6,5,7
2.90323,96,6,20,5
7.35484,82,6,4,21,17,10
5.41935,80,6,13,4,16
3.54839,76,6,10,19
5.80645,68,6,19,12,8
5.16129,88,6,13,7,5
5.48387,78,6,17,18,9
