5.67742,72,22,17,10,3
5.09677,90,22,4,3,5
7.54839,76,22,22,21,7,13,4,21
3.41935,80,22,19,5,22
4.83871,98,22,17,1,6
5.16129,88,22,7,16,20
5.29032,84,22,19,18,5,19
3.87097,66,22,16,21
3.29032,84,22,10,6
5.6129,74,22,12,13,14
5.93548,64,22,15,13,7
5.74194,70,22,2,8,18
6,62,22,11,5,9
5.35484,82,22,20,14,6
3.80645,68,22,4,1
4,62,22,9,14
5.54839,76,22,11,8,6
5.09677,90,22,19,6,11
9.09677,90,22,18,14,11,10,15
4.96774,94,22,8,8,8,6,12
7.16129,88,22,4,14,19,17
9.54839,76,22,14,12,2,21,8
7.35484,82,22,13,13,4,12,1
9.09677,90,22,21,18,15,8,20
3.67742,72,22,5,14
3.93548,64,22,22,12,17
3.74194,70,22,13,17
5.41935,80,22,4,14,17
5.74194,70,22,3,2,4
6,62,22,1,11,21
5.41935,80,22,22,11,22,12,4
3.54839,76,22,2,9
5.67742,72,22,4,18,8
3.93548,64,22,5,17
5.54839,76,22,3,15,6
5.6129,74,22,17,5,3
4,62,22,4,17
3.54839,76,22,2,9
4.3871,112,22,6,22,14,14,6,5
7.87097,66,22,22,21,2,8,3
5.48387,78,22,16,15,12
5.87097,66,22,16,5,8
3.41935,80,22,9,6
4,62,22,10,8
3.87097,66,22,16,21
5.80645,68,22,7,10,17
4.83871,98,22,1,5,21
4.3871,112,22,8,4,16
5.80645,68,22,11,11,3,15
9.87097,66,22,7,14,11,9,1
5.74194,70,22,7,9,14
3.93548,64,22,12,9
4.90323,96,22,19,6,9
7.03226,92,22,14,22,6,21,16
3.80645,68,22,13,11
7.87097,66,22,14,3,1,18
3.09677,90,22,10,20
5.48387,78,22,18,8,22,16
9.67742,72,22,7,8,18,18,19,16
5.6129,74,22,1,14,2
5.80645,68,22,16,19,7
4.3871,112,22,8,20,20,5
7.35484,82,22,1,8,19,6
5.93548,64,22,17,3,11
5.80645,68,22,18,13,21
5.74194,70,22,1,3,2
7.29032,84,22,6,14,7,14,4
3.22581,86,22,13,9
4.83871,98,22,8,9,6
7.22581,86,22,16,11,8,10
3.6129,74,22,14,16,22
5.22581,86,22,16,9,13
5.09677,90,22,19,6,11
5.22581,86,22,13,22,20,14
5.35484,82,22,11,12,11,7
3.93548,64,22,11,2
5.74194,70,22,7,9,17
4,62,22,13,15
7.41935,80,22,14,1,21,13
3.48387,78,22,16,2
3.93548,64,22,11,20
4.90323,96,22,10,16,4
5.48387,78,22,1,16,17
5.67742,72,22,9,5,15
3.87097,66,22,10,15
3.87097,66,22,12,16
5.41935,80,22,22,4,7,1
9.67742,72,22,14,18,3,8,16
7.22581,86,22,7,17,2,15
5.74194,70,22,2,15,17
3.87097,66,22,12,16
5.16129,88,22,22,10,19,5
3.93548,64,22,10,22,20
5.09677,90,22,9,5,5,6
7.6129,74,22,15,12,20,21,12
5.67742,72,22,19,12,17
5.74194,70,22,3,19,3,22,2
3.6129,74,22,16,6
7.48387,78,22,2,21,12,4
3.35484,82,22,2,10
5.03226,92,22,12,1,4
5.48387,78,22,11,9,15
4,62,22,20,8
5.03226,92,22,3,2,17
5.67742,72,22,4,7,8
5.87097,66,22,3,18,21
5.67742,72,22,15,6,9
5.41935,80,22,6,11,16
6,62,22,21,18,4
3.54839,76,22,2,9
7.48387,78,22,17,15,19,13
5.03226,92,22,12,1,8,1,22
7.80645,68,22,7,12,12,14,17
7.54839,76,22,18,11,21,2
5.6129,74,22,11,21,2
5.54839,76,22,8,17,15
3.67742,72,22,11,4
5.54839,76,22,2,13,11
6,62,22,8,7,6
3.6129,74,22,22,16,6
5.16129,88,22,9,18,5
3.67742,72,22,20,17
5.03226,92,22,22,20,2,5
3.35484,82,22,9,20
4.77419,100,22,15,5,13
9.48387,78,22,18,14,19,11,1,22
4.96774,94,22,18,9,13
3.03226,92,22,6,11,22
5.87097,66,22,15,5,19
5.35484,82,22,2,18,17
3.6129,74,22,11,11,6
5.16129,88,22,9,8,2
6.70968,102,22,7,8,8,6,11
7.22581,86,22,19,18,20,7
5.48387,78,22,1,21,6
3.87097,66,22,5,8
5.87097,66,22,4,2,3
3.93548,64,22,11,2
3.03226,92,22,13,5
3.93548,64,22,11,2
5.54839,76,22,8,16,17
3.74194,70,22,11,13
3.80645,68,22,13,8
5.48387,78,22,3,16,1
5.87097,66,22,2,4,7
5.48387,78,22,3,19,20
5.29032,84,22,22,7,4,9
3.54839,76,22,10,21
5.54839,76,22,7,1,4
6,62,22,21,13,7
5.74194,70,22,6,17,18
5.80645,68,22,9,22,9,5,18
9.74194,70,22,18,12,21,12,8,11
5.09677,90,22,17,13,11
5.48387,78,22,2,13,17
7.67742,72,22,7,14,12,10
7.22581,86,22,2,14,19,5
5.48387,78,22,13,20,7
6,62,22,22,15,10,17
5.03226,92,22,16,10,2
7.41935,80,22,5,10,16,7
5.67742,72,22,13,4,21,13
5.35484,82,22,17,6,11
5.48387,78,22,14,13,15
6,62,22,12,3,14,12
7.29032,84,22,2,22,15,3,7
3.67742,72,22,3,17
7.54839,76,22,15,3,4,6
5.54839,76,22,1,9,17
7.29032,84,22,7,6,2,8
5.48387,78,22,12,18,18,13
6.90323,96,22,4,15,7,10
4.96774,94,22,3,16,7
4.51613,108,22,14,13,10
5.87097,66,22,5,9,19
7.22581,86,22,3,19,11,21
9.54839,76,22,17,14,8,11,9
6,62,22,3,18,7
3.6129,74,22,11,6
8.96774,94,22,10,5,16,9,6
5.48387,78,22,4,14,20
7.16129,88,22,22,7,19,20,8
3.87097,66,22,4,4,11
7.16129,88,22,7,8,6,18
7.48387,78,22,15,16,8,7
7.87097,66,22,21,12,3,7
4.90323,96,22,10,1,13
3.93548,64,22,3,5
4.83871,98,22,21,16,6
3.54839,76,22,11,11,17
3.35484,82,22,4,4,9
5.6129,74,22,15,4,1
5.80645,68,22,17,3,19
4,62,22,10,8
5.87097,66,22,1,18,7
9.6129,74,22,15,7,13,13,12,11
6,62,22,4,21,13
4,62,22,3,22,11
3.35484,82,22,5,21
4,62,22,9,22,20
7.54839,76,22,19,19,17,19,18,11
5.74194,70,22,8,2,12
6,62,22,20,2,14
3.35484,82,22,5,21
4.70968,102,22,18,4,10
9.93548,64,22,15,16,9,5,11
5.67742,72,22,5,22,15,13
7.54839,76,22,15,3,15,1,16
7.41935,80,22,10,22,18,15,3
5.35484,82,22,8,15,22,10
7.48387,78,22,15,20,4,12
5.80645,68,22,2,7,19
7.54839,76,22,17,10,5,14
5.87097,66,22,11,12,21
6,62,22,18,22,9,11
5.6129,74,22,12,18,20
5.22581,86,22,16,14,17
5.93548,64,22,16,18,7
3.93548,64,22,13,22,10
5.67742,72,22,9,11,18
7.03226,92,22,14,11,15,10
5.80645,68,22,7,10,17
3.35484,82,22,9,20
5.80645,68,22,20,21,6
3.87097,66,22,20,1
7.22581,86,22,1,10,5,3
5.67742,72,22,14,17,22,19
4,62,22,10,18
4.96774,94,22,3,19,22,10
3.67742,72,22,20,17
4.90323,96,22,18,5,2
5.80645,68,22,12,8,16
3.93548,64,22,12,9
7.87097,66,22,14,11,12,12,12,21
5.87097,66,22,17,12,20
5.48387,78,22,19,22,16,7
4,62,22,20,18
5.6129,74,22,12,11,15
7.48387,78,22,21,7,4,15
3.80645,68,22,13,11
3.87097,66,22,22,5,18
3.16129,88,22,9,4
6.70968,102,22,14,7,13,1
7.09677,90,22,16,9,8,4
7.6129,74,22,15,1,3,7
5.54839,76,22,22,1,9,16,22
5.74194,70,22,3,2,12
5.09677,90,22,3,21,9
5.80645,68,22,19,7,19,20
5.80645,68,22,12,15,6
4,62,22,10,10,8
6,62,22,16,22,21,6
5.54839,76,22,18,17,13
7.87097,66,22,14,12,13,20
5.22581,86,22,13,14,4
5.35484,82,22,17,19,17,17,3
5.16129,88,22,15,9,9,13
5.29032,84,22,16,17,19
3.09677,90,22,13,16
6,62,22,18,19,19,17,22
5.67742,72,22,21,16,11
4.83871,98,22,16,5,13
5.09677,90,22,22,19,19,12,1,22
7.74194,70,22,7,7,4,4,14,11
5.09677,90,22,9,11,4
3.87097,66,22,10,15
3.74194,70,22,11,13
7.29032,84,22,21,16,9,17
6.32258,114,22,1,22,1,10,5,13
5.54839,76,22,22,2,14,4
4.96774,94,22,10,19,20
4.90323,96,22,9,8,13
5.54839,76,22,22,19,20,20,3
5.6129,74,22,4,15,6
4,62,22,4,17
7.6129,74,22,22,18,8,15,4
3.03226,92,22,13,5
5.93548,64,22,15,11,15,15,15,13
5.6129,74,22,21,14,4,22
3.48387,78,22,16,2
7.29032,84,22,1,14,8,9
3.93548,64,22,2,17
6.64516,104,22,18,8,18,16,4
6.51613,108,22,18,2,20,2,10
3.54839,76,22,10,21
7.29032,84,22,12,18,21,11
5.48387,78,22,14,13,3
3.35484,82,22,4,9
5.80645,68,22,17,12,13
7.41935,80,22,3,8,11,8,4
7.93548,64,22,8,14,12,11
5.67742,72,22,14,2,11
6.96774,94,22,11,22,11,19,18,13
3.93548,64,22,5,19
7.80645,68,22,22,18,22,10,9,11
8,62,22,17,7,18,11
3.03226,92,22,13,10
3.74194,70,22,6,5
5.35484,82,22,10,1,7
9.41936,80,22,12,8,8,14,21,3
3.87097,66,22,16,16,21
7.29032,84,22,21,15,4,18
5.29032,84,22,4,6,1
3.74194,70,22,5,3
3.6129,74,22,1,6
3.67742,72,22,10,7
7.16129,88,22,9,16,19,19,2
3.41935,80,22,11,16,22
5.74194,70,22,11,8,10
5.74194,70,22,13,2,15
5.87097,66,22,3,2,13
3.6129,74,22,16,6
5.6129,74,22,12,20,11
5.80645,68,22,17,3,14
5.80645,68,22,9,16,7
5.54839,76,22,1,9,14
5.67742,72,22,7,12,5
5.16129,88,22,14,22,10,7
7.03226,92,22,4,13,12,10
4.3871,112,22,22,21,21,5,6
3.48387,78,22,16,20
7.87097,66,22,7,12,1,9
7.93548,64,22,21,21,12,14,2
4,62,22,20,11
3.80645,68,22,10,3
5.87097,66,22,1,3,18
5.80645,68,22,2,13,14
3.93548,64,22,3,10
5.67742,72,22,18,18,20,15
3.09677,90,22,10,20
5.03226,92,22,13,21,10
2.90323,96,22,10,13
5.54839,76,22,12,15,11
3.80645,68,22,9,7
3.41935,80,22,9,6
5.22581,86,22,14,9,21
3.35484,82,22,2,10
4.83871,98,22,6,12,5
5.16129,88,22,10,19,17
6.12903,120,22,18,6,13,16
7.6129,74,22,21,14,7,10
6.96774,94,22,2,21,12,9
7.93548,64,22,19,15,21,1
7.29032,84,22,21,1,8,4
4.96774,94,22,8,16,6
4.96774,94,22,9,10,4
5.48387,78,22,2,7,3
5.16129,88,22,20,7,11
5.16129,88,22,3,16,17
5.35484,82,22,19,22,12,16
4,62,22,3,13
3.41935,80,22,20,9
5.67742,72,22,2,19,3
6.64516,104,22,7,21,16,20
6.83871,98,22,4,21,8,21,9
5.74194,70,22,6,12,18
5.6129,74,22,18,6,8
7.29032,84,22,18,8,11,16,22
5.6129,74,22,20,21,1
3.6129,74,22,9,9,5,22
5.80645,68,22,21,9,1
3.67742,72,22,5,14
5.41935,80,22,12,21,9
5.80645,68,22,6,4,8
3.22581,86,22,13,13,9
4,62,22,8,13
5.35484,82,22,13,20,11
5.48387,78,22,2,12,6
5.93548,64,22,22,12,1,3
6,62,22,7,7,16,7,12
3.09677,90,22,10,2
3.87097,66,22,13,18
4.77419,100,22,6,13,10
11.6129,74,22,18,15,7,14,11,12
7.22581,86,22,19,21,2,17
3.54839,76,22,10,21
3.67742,72,22,5,14
3.6129,74,22,16,6
5.48387,78,22,10,19,7
7.35484,82,22,14,14,10,5,8
4.70968,102,22,18,5,4
5.29032,84,22,8,8,17,18
6.90323,96,22,19,16,11,13
3.22581,86,22,20,5
5.29032,84,22,9,19,17
3.74194,70,22,9,12
9.80645,68,22,14,12,3,21,15
5.35484,82,22,12,13,11
4,62,22,9,3
4,62,22,10,8
3.80645,68,22,1,20
5.48387,78,22,12,11,20
5.80645,68,22,15,4,17
4.58065,106,22,12,4,10
7.80645,68,22,17,14,14,14,12,18
4.70968,102,22,1,9,13
5.48387,78,22,6,19,5
5.35484,82,22,9,5,12
5.48387,78,22,1,1,21,6
5.87097,66,22,16,19,1
5.67742,72,22,2,19,3
5.80645,68,22,18,8,11,22
4.77419,100,22,2,6,3
7.16129,88,22,19,19,15,12,9
5.29032,84,22,8,20,15
5.74194,70,22,18,5,19
3.54839,76,22,1,17
5.09677,90,22,16,9,14,16
5.54839,76,22,13,7,19
4.96774,94,22,6,20,1
5.93548,64,22,21,22,19,3,21
5.54839,76,22,6,17,9
5.54839,76,22,18,2,19
7.48387,78,22,12,21,15,11
5.6129,74,22,11,10,11,9
5.6129,74,22,13,2,11
5.16129,88,22,1,5,14
5.93548,64,22,7,7,17,1
5.74194,70,22,4,20,13
6.51613,108,22,7,3,20,16
6,62,22,2,20,15
5.6129,74,22,13,14,3
5.41935,80,22,21,11,4
8,62,22,21,3,12,13
5.16129,88,22,17,20,19
4.90323,96,22,17,13,1
2.83871,98,22,5,13
3.22581,86,22,3,4,22
7.48387,78,22,7,1,3,3,16
5.6129,74,22,4,8,18
2.90323,96,22,10,13
9.03226,92,22,8,11,19,14,19,20
5.93548,64,22,14,4,12
5.74194,70,22,19,17,10
5.93548,64,22,2,3,19
5.6129,74,22,6,7,5
5.22581,86,22,14,13,17
3.74194,70,22,5,3
4,62,22,13,3
5.87097,66,22,17,17,14,6
9.67742,72,22,15,7,13,4,3
5.93548,64,22,17,3,12
5.67742,72,22,19,5,17
5.74194,70,22,13,21,6
5.29032,84,22,11,10,18
3.54839,76,22,2,16
7.48387,78,22,18,8,1,6
7.54839,76,22,18,8,6,7
5.35484,82,22,7,22,4,7,4,15
3.87097,66,22,13,22,5
6.06452,122,22,21,8,5,13
3.67742,72,22,11,4
7.87097,66,22,7,18,3,9
3.74194,70,22,13,17
7.93548,64,22,3,11,3,19,18
3.93548,64,22,20,19
5.22581,86,22,4,8,9
5.74194,70,22,5,1,3
7.93548,64,22,17,15,18,6
7.41935,80,22,7,18,7,12,12,16
9.16129,88,22,14,6,14,18,18,15,13
7.6129,74,22,19,18,4,21
7.03226,92,22,16,19,8,4
3.93548,64,22,2,17
7.16129,88,22,7,19,6,19,4
3.87097,66,22,12,16
5.87097,66,22,12,21,1
7.29032,84,22,20,21,7,2
5.16129,88,22,19,16,20
7.6129,74,22,4,14,18,18,21
3.35484,82,22,2,10
3.93548,64,22,6,16
5.48387,78,22,16,19,17
4.90323,96,22,22,7,5,6
5.22581,86,22,17,20,11
6.77419,100,22,17,15,6,6,5
4.96774,94,22,18,2,16
5.54839,76,22,12,8,20
5.48387,78,22,12,22,6,2
3.87097,66,22,5,22,13
5.87097,66,22,21,20,19
5.41935,80,22,1,5,1,22,22,16
5.80645,68,22,5,9,9,18
3.6129,74,22,5,9,22
5.16129,88,22,3,7,11
6,62,22,2,15,18
5.87097,66,22,19,9,18
4,62,22,5,22,4
11.6129,74,22,7,18,14,15,6,13
3.87097,66,22,4,11
7.6129,74,22,11,18,14,7
5.87097,66,22,3,3,21,19
6,62,22,22,1,3,1,19
5.22581,86,22,11,5,8
5.74194,70,22,20,13,6
5.93548,64,22,18,17,16
4.90323,96,22,16,17,13
4.70968,102,22,10,17,3
7.09677,90,22,14,18,13,18,2
5.35484,82,22,21,16,3
3.54839,76,22,5,5,7
4.96774,94,22,11,15,5
5.87097,66,22,17,6,14
4.58065,106,22,12,13,10
6.96774,94,22,21,15,5,14
3.80645,68,22,10,3
5.93548,64,22,4,15,21
3.35484,82,22,4,9
4.83871,98,22,11,10,12
5.09677,90,22,22,6,20,18
5.22581,86,22,18,5,12
5.74194,70,22,4,12,15
6.45161,110,22,14,18,20,10
7.93548,64,22,12,19,1,11
5.48387,78,22,18,1,13
4,62,22,10,8
8.83871,98,22,18,14,6,14,6,7,10
5.29032,84,22,5,22,19,19,2
5.54839,76,22,22,17,5,17,4
7.93548,64,22,7,14,6,15
6,62,22,15,9,16,22
7.54839,76,22,19,18,3,9
7.93548,64,22,2,22,15,21,17
4,62,22,20,11
5.67742,72,22,9,8,18
3.93548,64,22,5,17
3.54839,76,22,11,17
5.54839,76,22,6,2,7
4.90323,96,22,18,10,2
7.67742,72,22,18,14,20,15
3.54839,76,22,11,17
5.16129,88,22,2,22,13,15
3.29032,84,22,4,10
3.87097,66,22,6,9
3.54839,76,22,2,16
5.93548,64,22,21,3,16
5.80645,68,22,18,2,7
3.87097,66,22,20,22,5
3.22581,86,22,13,9
5.6129,74,22,11,21,19
5.93548,64,22,20,12,20,21
5.22581,86,22,17,22,11,6
4,62,22,1,7
7.41935,80,22,15,17,15,2,18
3.80645,68,22,6,10
5.87097,66,22,5,10,8
6.3871,112,22,15,6,2,5
4,62,22,9,17
4.77419,100,22,4,20,16
4,62,22,20,18
5.6129,74,22,1,8,20
3.16129,88,22,9,4
4,62,22,13,3
3.67742,72,22,9,21
11.4194,80,22,7,21,19,14,14,15,1
6,62,22,15,16,3
7.80645,68,22,19,16,11,3
7.48387,78,22,7,12,2,1
7.74194,70,22,18,14,7,10
5.22581,86,22,11,11,16,9,22
3.93548,64,22,5,17
3.74194,70,22,4,18,18,22
5.48387,78,22,17,21,17,3
5.67742,72,22,2,2,4,3
3.03226,92,22,3,9,22
5.54839,76,22,4,6,2
5.16129,88,22,9,8,5
2.90323,96,22,10,13
3.74194,70,22,9,12
7.6129,74,22,12,2,21,18
6,62,22,11,5,9
3.87097,66,22,4,11
7.41935,80,22,19,1,19,3,10
5.54839,76,22,2,6,4
7.80645,68,22,8,8,15,18,21
7.35484,82,22,18,14,18,20,11
5.93548,64,22,15,1,11,15
5.80645,68,22,1,14,1,16
3.09677,90,22,13,16
4.77419,100,22,18,20,5
6,62,22,2,21,3
4,62,22,8,13
5.87097,66,22,6,22,11,19
5.35484,82,22,17,13,14
4,62,22,9,3
5.80645,68,22,7,9,15
8.51613,108,22,7,21,19,10,10,6
5.80645,68,22,1,8,9
3.93548,64,22,6,16
5.6129,74,22,9,11,10
4.51613,108,22,12,22,16,4
3.87097,66,22,20,1
6,62,22,19,8,13
5.87097,66,22,13,12,19
5.35484,82,22,12,13,11
8,62,22,8,21,14,7
4,62,22,13,3
3.87097,66,22,8,1,22
5.87097,66,22,4,21,17
3.22581,86,22,20,10
5.87097,66,22,11,19,12
7.80645,68,22,2,20,21,4
7.22581,86,22,18,7,12,17
5.6129,74,22,15,1,4
5.67742,72,22,13,22,8,12
5.22581,86,22,19,13,3
3.35484,82,22,9,9,20
6.90323,96,22,14,7,4,4,1
9.74194,70,22,15,12,14,1,9
3.16129,88,22,5,6
4.32258,114,22,17,13,10
3.16129,88,22,5,6
4.83871,98,22,16,17,20
5.48387,78,22,3,18,10
5.22581,86,22,20,15,16
5.29032,84,22,16,18,4
5.87097,66,22,21,8,1,21
5.29032,84,22,13,6,8
5.35484,82,22,10,5,21
6,62,22,20,12,2
3.16129,88,22,5,6
5.16129,88,22,2,18,5
5.22581,86,22,8,16,21
3.41935,80,22,20,16
5.16129,88,22,1,10,7
5.6129,74,22,20,21,1
5.35484,82,22,9,11,2
5.74194,70,22,12,15,22,22,6
5.67742,72,22,17,4,20
4.77419,100,22,2,6,6,20
5.16129,88,22,12,22,3,22,11
3.16129,88,22,9,13
5.93548,64,22,6,21,1
7.67742,72,22,17,22,3,11,12
7.67742,72,22,15,17,18,10
4.58065,106,22,4,20,10
6,62,22,15,5,11
5.93548,64,22,16,3,8
5.48387,78,22,8,6,15
7.41935,80,22,19,15,8,20
5.87097,66,22,9,8,14
8,62,22,18,19,18,19,15,16
5.09677,90,22,15,4,10
5.74194,70,22,6,12,18
4.77419,100,22,10,11,6
3.93548,64,22,22,6,16
5.54839,76,22,3,15,22,14
4.58065,106,22,19,20,10
4.32258,114,22,6,20,10
3.74194,70,22,3,6
4,62,22,9,3
7.67742,72,22,18,2,18,18,18,7,6
5.87097,66,22,16,15,21
3.93548,64,22,12,9
5.41935,80,22,13,22,8,9
7.93548,64,22,15,18,7,5
3.54839,76,22,5,7
5.54839,76,22,2,11,9
9.41936,80,22,7,2,14,21,3
9.74194,70,22,7,15,11,8,19,11
3.35484,82,22,5,21
3.03226,92,22,13,10
5.35484,82,22,18,22,11,13
5.09677,90,22,21,21,5,5,18
7.09677,90,22,7,6,8,17
7.48387,78,22,15,8,16,3
7.48387,78,22,22,6,15,12,13
9.35484,82,22,14,17,14,19,8,19,16
4.90323,96,22,10,5,4
5.41935,80,22,12,21,9
4.83871,98,22,2,13,16
2.90323,96,22,5,4
3.93548,64,22,12,17
5.22581,86,22,17,12,6
3.87097,66,22,6,9
4.90323,96,22,14,5,12
3.67742,72,22,9,21
5.67742,72,22,13,2,8
5.48387,78,22,8,22,4,15
5.6129,74,22,7,19,22,5
3.16129,88,22,5,6
6,62,22,3,9,16
3.93548,64,22,12,17
7.35484,82,22,17,9,16,21
3.93548,64,22,3,5
5.54839,76,22,1,3,4
9.35484,82,22,22,14,8,8,21,19,21,1
5.16129,88,22,4,8,10
5.54839,76,22,1,10,19
3.6129,74,22,1,6
4.25806,116,22,8,4,10
4.25806,116,22,3,9,4
10.9677,94,22,18,19,21,14,3,5
5.22581,86,22,16,8,6
5.67742,72,22,18,6,18,2
3.80645,68,22,13,8
5.74194,70,22,16,14,15
5.93548,64,22,9,22,18,3
5.41935,80,22,7,22,11,17
5.29032,84,22,20,14,17
5.87097,66,22,6,18,3
7.16129,88,22,4,14,19,5
7.6129,74,22,22,10,16,5,11
3.16129,88,22,9,13
5.03226,92,22,4,8,20
7.16129,88,22,19,12,13,18
3.09677,90,22,10,2
5.6129,74,22,17,6,8
5.87097,66,22,12,21,1
5.74194,70,22,18,19,22,9
7.41935,80,22,21,4,6,2
7.74194,70,22,7,3,1,12
5.35484,82,22,18,16,16,6
5.93548,64,22,8,9,1
5.87097,66,22,16,16,14,21
5.16129,88,22,11,15,16
3.74194,70,22,3,6
5.48387,78,22,7,5,3
3.87097,66,22,4,11
6.90323,96,22,9,16,1,13
5.48387,78,22,11,14,9
5.80645,68,22,10,19,8
7.6129,74,22,8,8,7,18,21
7.80645,68,22,7,18,3,13
5.41935,80,22,6,14,5
5.41935,80,22,9,1,2
5.80645,68,22,7,9,7,3
5.74194,70,22,10,5,15
5.6129,74,22,3,14,9
5.22581,86,22,18,9,18,9,6
5.29032,84,22,22,3,20,7
4,62,22,10,18
3.87097,66,22,20,1
5.80645,68,22,10,10,9,17
4.83871,98,22,17,9,13
9.29032,84,22,14,21,19,3,16
7.48387,78,22,8,1,3,4
4,62,22,8,13
8.64516,104,22,11,1,3,12,5
5.6129,74,22,16,19,9
5.87097,66,22,22,2,8,11
7.93548,64,22,6,21,14,1
5.74194,70,22,4,13,19
3.41935,80,22,9,6
5.09677,90,22,20,13,17
5.35484,82,22,11,18,10
3.93548,64,22,3,10
5.29032,84,22,16,15,4
6.70968,102,22,8,1,21,10
5.54839,76,22,2,14,20
3.22581,86,22,4,5
7.16129,88,22,15,3,20,11
5.54839,76,22,10,19,1
7.35484,82,22,14,21,14,20,8
3.87097,66,22,12,16
5.09677,90,22,2,7,5
5.16129,88,22,9,15,1
5.67742,72,22,21,16,11
4.96774,94,22,21,10,21,16
5.48387,78,22,19,22,9,14
3.67742,72,22,16,5,22
7.48387,78,22,14,8,21,16
3.80645,68,22,10,14
7.93548,64,22,15,8,8,4,13
5.35484,82,22,12,13,11
4.45161,110,22,18,13,10
7.41935,80,22,18,6,6,7,12
6.3871,112,22,14,15,9,4
5.93548,64,22,3,11,10
6,62,22,5,10,11
5.35484,82,22,3,18,18,2
7.87097,66,22,10,1,11,3
5.74194,70,22,17,8,7
3.41935,80,22,4,16
2.90323,96,22,21,22,5,21
7.16129,88,22,22,17,7,20,11
5.03226,92,22,13,6,1
3.74194,70,22,5,3
4.96774,94,22,5,5,10,20
7.93548,64,22,11,11,8,14,7
7.93548,64,22,22,19,8,18,9
5.54839,76,22,11,19,17
7.87097,66,22,5,10,1,8
5.22581,86,22,21,6,5
3.80645,68,22,16,12
5.09677,90,22,20,12,5
5.03226,92,22,11,22,2,1
6.83871,98,22,14,6,7,5
3.41935,80,22,20,16
5.29032,84,22,13,12,6
6,62,22,21,1,18
5.35484,82,22,9,19,10
7.09677,90,22,7,18,16,2
3.22581,86,22,4,5
8,62,22,14,22,7,5,10
7.22581,86,22,19,18,4,15
3.54839,76,22,1,17
5.22581,86,22,2,1,21
5.48387,78,22,8,6,15
5.41935,80,22,1,11,17
3.67742,72,22,11,4
4,62,22,9,3
5.67742,72,22,6,6,8,15
7.93548,64,22,11,8,18,15
4.96774,94,22,4,6,5
6.70968,102,22,15,8,17,20
5.35484,82,22,1,19,20
5.87097,66,22,4,8,3
5.22581,86,22,13,7,3
9.03226,92,22,15,18,16,19,4
5.41935,80,22,21,2,16
6.77419,100,22,21,22,14,17,20
5.80645,68,22,14,12,16
7.29032,84,22,8,3,4,7
3.80645,68,22,16,12
5.74194,70,22,16,14,15
5.80645,68,22,6,19,7
3.80645,68,22,22,12,10
3.54839,76,22,22,5,7
11.1613,88,22,18,1,8,19,14,17
4,62,22,3,13
5.87097,66,22,5,16,19
7.29032,84,22,15,1,9,12
4,62,22,12,12,6
5.35484,82,22,17,17,8,6
9.87097,66,22,7,22,14,8,3,13
5.54839,76,22,21,21,16,18
5.29032,84,22,7,10,10,21
7.41935,80,22,21,12,19,4
7.22581,86,22,6,21,8,20
5.29032,84,22,2,20,16
5.22581,86,22,21,6,5
4,62,22,13,3
4.90323,96,22,12,21,6,12
5.35484,82,22,2,18,17
4.45161,110,22,1,22,22,22,16,2
3.74194,70,22,20,6
4.83871,98,22,19,10,20
7.93548,64,22,15,2,12,18
6.19355,118,22,20,22,7,4,5
4.83871,98,22,14,22,2,10
5.87097,66,22,17,2,21
7.80645,68,22,4,21,19,21,15
7.6129,74,22,12,8,3,2
5.41935,80,22,4,14,17
3.35484,82,22,4,9
5.74194,70,22,2,3,21
5.6129,74,22,3,9,1
5.80645,68,22,18,22,18,6,17
5.29032,84,22,16,3,20
3.03226,92,22,13,5
4,62,22,1,22,3
4.3871,112,22,21,5,6
4,62,22,1,7
5.93548,64,22,10,9,8
3.67742,72,22,9,21
5.6129,74,22,10,11,14
5.54839,76,22,7,13,13,1
5.35484,82,22,17,4,19
5.67742,72,22,15,11,4
4.70968,102,22,3,4,1
3.74194,70,22,20,6
5.48387,78,22,16,18,9
4.83871,98,22,10,17,2
3.93548,64,22,15,11,22
5.6129,74,22,12,3,12,17
3.35484,82,22,2,10
5.22581,86,22,20,15,9
3.41935,80,22,20,20,16
7.54839,76,22,6,7,19,9
6.83871,98,22,19,8,12,13,8
5.09677,90,22,20,12,5
4.90323,96,22,9,8,13
5.67742,72,22,12,7,8
5.48387,78,22,4,8,12
3.67742,72,22,21,1,22
7.67742,72,22,2,15,7,14
3.67742,72,22,11,4
5.67742,72,22,1,8,2
9.03226,92,22,19,12,15,7,15,13
4.51613,108,22,14,13,5
9.54839,76,22,12,8,14,21,4
3.74194,70,22,6,5
5.74194,70,22,14,2,14,13
5.80645,68,22,16,15,19
5.6129,74,22,8,4,2
4,62,22,9,17
5.74194,70,22,18,20,3
3.80645,68,22,10,14
4.77419,100,22,2,6,20
5.80645,68,22,1,18,8
3.16129,88,22,9,13
5.67742,72,22,13,22,14,20
5.6129,74,22,20,20,21,1
6,62,22,4,21,3
5.6129,74,22,12,11,15
3.87097,66,22,5,8
5.48387,78,22,7,9,12
4,62,22,20,8
7.41935,80,22,2,21,15,16
5.87097,66,22,18,5,11
5.54839,76,22,11,16,18
5.22581,86,22,6,20,15
8,62,22,15,12,11,19
3.93548,64,22,20,19
5.67742,72,22,9,15,19
5.03226,92,22,6,3,5
5.6129,74,22,18,22,12,22,5
3.67742,72,22,11,4
5.74194,70,22,13,2,15
3.29032,84,22,10,6
3.67742,72,22,11,4
3.80645,68,22,9,7
7.6129,74,22,8,19,21,1
5.54839,76,22,18,22,1,22,9
7.35484,82,22,15,16,10,12
5.29032,84,22,3,15,20
5.93548,64,22,7,17,11
3.74194,70,22,6,5
4,62,22,4,17
5.67742,72,22,16,17,7
3.87097,66,22,16,21
3.74194,70,22,5,3
9.41935,80,22,7,8,19,18,13
5.22581,86,22,19,13,13,15
7.29032,84,22,12,3,2,3,12,1
6,62,22,20,15,7
2.90323,96,22,5,4
3.41935,80,22,4,16
5.93548,64,22,16,5,19
5.29032,84,22,5,11,10
7.6129,74,22,15,11,21,4
5.6129,74,22,13,2,11
3.87097,66,22,12,16
5.74194,70,22,1,18,12
5.87097,66,22,10,5,18
7.16129,88,22,18,7,6,9
5.54839,76,22,8,7,1
7.35484,82,22,15,17,12,1
4.77419,100,22,6,13,5
3.41935,80,22,20,9
3.03226,92,22,5,20
4,62,22,16,7
5.74194,70,22,14,9,19
5.74194,70,22,6,17,18
3.80645,68,22,4,1
5.35484,82,22,19,20,18
5.6129,74,22,11,21,4
3.54839,76,22,11,17
7.16129,88,22,15,22,9,16,16,9,2
5.48387,78,22,22,16,16,3,21
5.29032,84,22,16,17,14
3.93548,64,22,10,22,22,3
4.45161,110,22,8,2,10
3.80645,68,22,16,12
7.87097,66,22,8,14,1,19
5.74194,70,22,9,19,3
4.83871,98,22,21,10,12
5.67742,72,22,22,19,5,17
9.48387,78,22,7,14,19,19,6,21
5.74194,70,22,3,19,10
5.41935,80,22,8,8,20,4
6.90323,96,22,18,9,11,4
5.67742,72,22,21,4,1
3.87097,66,22,5,18
3.22581,86,22,13,9
7.35484,82,22,21,6,4,18
5.87097,66,22,6,13,7
5.87097,66,22,15,5,19
5.74194,70,22,4,18,7
3.41935,80,22,19,5,22
9.48387,78,22,22,7,21,8,3,6
6.83871,98,22,19,19,2,13,8
5.35484,82,22,14,9,9,7
3.87097,66,22,12,16
3.6129,74,22,13,1
4,62,22,1,7
7.87097,66,22,3,18,3,8,1
7.6129,74,22,18,12,11,12,11,21
7.35484,82,22,7,6,21,10
3.41935,80,22,20,16
5.67742,72,22,18,17,4
7.22581,86,22,14,17,15,3
5.48387,78,22,3,12,9
3.80645,68,22,1,20
5.93548,64,22,7,4,17
6.90323,96,22,21,18,10,7
7.41935,80,22,11,14,19,9
4.77419,100,22,3,4,11
5.22581,86,22,16,8,4
7.6129,74,22,17,8,19,8,12
5.48387,78,22,22,8,1,17
4.90323,96,22,22,13,14,5
3.54839,76,22,17,22,12,17
3.48387,78,22,16,2
7.87097,66,22,19,19,15,15,14,6
5.16129,88,22,9,16,4
6.90323,96,22,15,5,10,2
3.22581,86,22,20,10
5.03226,92,22,2,1,2,19
