5.93548,64,5,8,3,8,10
7.35484,82,5,5,8,19,1,15
3.16129,88,5,21,10
5.16129,88,5,5,8,2,15
3.35484,82,5,4,12
5.09677,90,5,18,3,6
4.96774,94,5,17,21,10
3.87097,66,5,21,3
3.67742,72,5,6,13
7.35484,82,5,16,8,11,4
3.16129,88,5,20,18
3.80645,68,5,7,20
5.87097,66,5,9,22,16
7.67742,72,5,9,22,18,18,1
5.6129,74,5,11,3,6
5.16129,88,5,15,3,15,15,1
5.67742,72,5,19,3,22
3.35484,82,5,20,3
5.87097,66,5,18,14,13
2.90323,96,5,22,22,5,4
3.29032,84,5,20,7
6,62,5,3,1,9
5.67742,72,5,3,21,20
5.67742,72,5,16,10,20
5.35484,82,5,10,2,14
4,62,5,22,2
5.09677,90,5,16,2,19
4.51613,108,5,17,9,20
5.09677,90,5,12,20,22
3.16129,88,5,2,1
3.09677,90,5,2,2,5,14
3.03226,92,5,16,12,5
3.03226,92,5,6,3
5.35484,82,5,8,7,11
3.22581,86,5,20,22
3.87097,66,5,21,3
5.16129,88,5,10,6,12
5.74194,70,5,18,12,7
2,62,5,13
3.74194,70,5,21,17
5.03226,92,5,16,20,19
5.09677,90,5,14,1,20
3.48387,78,5,6,6,14
5.16129,88,5,8,2,15
2,62,5,13
9.16129,88,5,9,1,3,15,4
3.22581,86,5,2,2,18
2.90323,96,5,21,22,5
2.96774,94,5,6,1
5.67742,72,5,7,15,4
3.67742,72,5,17,11
3.03226,92,5,5,2,17
3.41935,80,5,6,18
3.80645,68,5,3,3,10
3.22581,86,5,6,2
3.74194,70,5,6,22
2,62,5,13
3.16129,88,5,4,15
7.80645,68,5,19,15,7,12
3.87097,66,5,14,9
9.74194,70,5,16,18,15,18,21,22
3.87097,66,5,12,15
5.80645,68,5,7,21,4
3.74194,70,5,14,10
6,62,5,18,11,18,19
7.22581,86,5,19,12,21,1
3.48387,78,5,5,6,14
3.41935,80,5,6,18
7.03226,92,5,10,3,2,18
9.29032,84,5,10,7,18,14,20
5.09677,90,5,11,10,12
5.54839,76,5,22,7,9
5.16129,88,5,17,15,17,1
3.29032,84,5,2,8
3.6129,74,5,20,21
3.93548,64,5,22,22,16
5.74194,70,5,9,7,20
2.25806,116,5,5,4,9
3.54839,76,5,20,13
7.22581,86,5,17,7,6,14
3.93548,64,5,22,16
7.29032,84,5,11,7,22,2
3.16129,88,5,4,15
2.83871,98,5,5,20,17
6,62,5,10,3,20
3.87097,66,5,17,2
5.74194,70,5,15,18,18,6
4,62,5,21,4
4.77419,100,5,7,17,11
4,62,5,19,4
4,62,5,21,2
5.16129,88,5,16,6,2
3.35484,82,5,2,15
3.93548,64,5,12,11
2.96774,94,5,6,11
3.67742,72,5,20,12
2.70968,102,5,4,1
5.6129,74,5,12,5,16,19
3.80645,68,5,7,7,13
5.93548,64,5,10,7,7,2
3.09677,90,5,19,12,5
7.03226,92,5,8,1,9,12
5.93548,64,5,10,8,6
2.32258,114,5,10,20,5
3.74194,70,5,12,22
3.74194,70,5,17,3
5.87097,66,5,1,16,16,17
7.09677,90,5,11,10,16,7
3.41935,80,5,12,6
3.87097,66,5,3,3,13
3.48387,78,5,15,17,5
3.29032,84,5,20,7
5.22581,86,5,15,21,10
5.67742,72,5,7,17,15
3.87097,66,5,5,5,8,17
2,62,5,13
3.6129,74,5,20,21
3.6129,74,5,7,16
5.67742,72,5,15,5,1,16
3.93548,64,5,9,17,5
3.93548,64,5,3,3,4
3.80645,68,5,7,3
3.93548,64,5,3,22
5.87097,66,5,22,15,3
3.80645,68,5,22,1
7.22581,86,5,10,9,9,6,19
5.41935,80,5,21,14,20
2,62,5,13
3.16129,88,5,4,15
4,62,5,19,20
3.87097,66,5,4,13
4,62,5,21,8
4.58065,106,5,11,20,9
5.80645,68,5,19,3,15
3.80645,68,5,12,1
5.87097,66,5,16,14,17
3.93548,64,5,20,2
5.16129,88,5,15,8,4
7.74194,70,5,16,14,1,14,3
7.87097,66,5,9,11,21,4
2,62,5,13
5.67742,72,5,19,5,10,19,19,1
7.48387,78,5,10,1,9,1,13
4,62,5,21,19
5.54839,76,5,19,2,12
5.54839,76,5,19,11,2
7.41935,80,5,9,8,15,11
3.87097,66,5,4,13
5.87097,66,5,1,9,22
2,62,5,13
3.67742,72,5,17,11
2,62,5,13
5.67742,72,5,14,19,17
7.87097,66,5,8,3,8,11,12
5.41935,80,5,1,15,10
3.22581,86,5,2,18
5.74194,70,5,18,3,21
5.29032,84,5,12,14,14,17
3.41935,80,5,12,6
5.41935,80,5,16,6,14
3.03226,92,5,4,18
2,62,5,13
2,62,5,13
6,62,5,5,9,1,4
5.03226,92,5,10,20,19
5.93548,64,5,15,14,1
5.48387,78,5,3,8,13
3.80645,68,5,22,1
5.80645,68,5,11,11,9,18
3.6129,74,5,7,16
2.77419,100,5,6,6,9
5.87097,66,5,18,7,12
5.54839,76,5,10,20,20,21
2.70968,102,5,4,1
3.87097,66,5,18,13
5.6129,74,5,3,8,6
2.25806,116,5,4,9
3.87097,66,5,21,13
4.96774,94,5,1,5,7,16
4,62,5,1,4
3.16129,88,5,6,12
3.74194,70,5,12,22
7.67742,72,5,10,7,21,6
2,62,5,5,13
3.74194,70,5,22,10
8,62,5,15,22,19,19,8
3.29032,84,5,4,20
2.83871,98,5,6,16
5.41935,80,5,21,7,8
2.90323,96,5,4,17
3.80645,68,5,22,11
4,62,5,19,4
5.09677,90,5,16,2,18
6,62,5,9,15,16
3.16129,88,5,20,11
3.35484,82,5,12,9
9.35484,82,5,10,11,14,1,18
2.90323,96,5,20,6
3.93548,64,5,11,11,4
2.77419,100,5,21,5,2
5.48387,78,5,19,9,18
5.80645,68,5,17,7,12
5.87097,66,5,1,21,6
3.74194,70,5,17,20
6,62,5,1,21,8
3.41935,80,5,2,22
5.29032,84,5,14,11,2
7.29032,84,5,9,15,19,14,9
3.80645,68,5,7,20
5.48387,78,5,7,22,10
3.16129,88,5,20,8
2.77419,100,5,6,9
3.41935,80,5,6,18
5.22581,86,5,1,12,12,10
3.09677,90,5,4,3
3.87097,66,5,14,9
3.93548,64,5,3,22
3.29032,84,5,4,20
4,62,5,3,7
3.87097,66,5,14,9
6,62,5,10,22,10,17
4.83871,98,5,15,12,12,10
3.93548,64,5,12,11
4,62,5,1,4
4,62,5,22,2
3.29032,84,5,20,15
5.80645,68,5,22,15,9
3.93548,64,5,7,2
2.90323,96,5,6,5,5,12
3.87097,66,5,4,13
4,62,5,15,16
7.87097,66,5,10,19,14,13
4,62,5,15,2
2,62,5,13
7.67742,72,5,7,15,19,11
2,62,5,13
5.67742,72,5,3,15,14
3.93548,64,5,14,17
3.22581,86,5,21,5,7
4,62,5,19,4
3.93548,64,5,3,9
5.93548,64,5,16,3,15
5.35484,82,5,11,10,14
2.70968,102,5,6,10
3.16129,88,5,20,18
3.87097,66,5,15,13
4.83871,98,5,12,18,12,9
3.48387,78,5,2,14
3.87097,66,5,18,13
4,62,5,3,7
3.74194,70,5,7,1
2,62,5,13
3.93548,64,5,7,4
5.6129,74,5,12,3,21
3.93548,64,5,22,16
4.77419,100,5,9,6,16
4.83871,98,5,11,10,6
3.03226,92,5,2,17
3.41935,80,5,5,2,22
7.67742,72,5,8,18,19,7
7.67742,72,5,15,22,18,11
5.80645,68,5,16,18,13
9.22581,86,5,11,3,14,18,20
3.22581,86,5,6,2
3.93548,64,5,19,5,14
3.09677,90,5,20,19
7.74194,70,5,19,8,14,8,9
2,62,5,13
2,62,5,13
5.09677,90,5,16,2,11
3.87097,66,5,21,3
5.41935,80,5,18,3,9
5.6129,74,5,22,7,16
7.16129,88,5,14,19,22,16
5.67742,72,5,17,21,3
4.83871,98,5,21,12,17
2,62,5,13
6,62,5,18,18,12,20
5.29032,84,5,15,5,11,21
5.67742,72,5,1,9,12
2.70968,102,5,4,1
3.87097,66,5,2,13
5.16129,88,5,18,9,22
7.67742,72,5,10,18,22,13
5.54839,76,5,18,3,15
3.93548,64,5,17,4
3.35484,82,5,4,12
5.80645,68,5,19,15,9
3.87097,66,5,4,13
3.80645,68,5,6,7
3.03226,92,5,6,20
5.22581,86,5,22,14,10
5.48387,78,5,5,10,5,20,13
6.58065,106,5,16,8,9,6
7.29032,84,5,19,3,11,2
9.48387,78,5,1,18,14,19,16
4.51613,108,5,16,2,9
3.93548,64,5,7,12
5.22581,86,5,5,18,10,8
7.54839,76,5,16,18,15,18,13
3.54839,76,5,4,21
5.67742,72,5,16,10,2
5.48387,78,5,16,20,13
5.41935,80,5,21,14,20
7.48387,78,5,18,19,14,16
3.87097,66,5,12,15
3.93548,64,5,5,3,22
5.74194,70,5,7,21,20
4.90323,96,5,17,16,12
5.67742,72,5,17,19,22
2,62,5,13
2.58065,106,5,20,16
3.87097,66,5,18,13
4,62,5,5,12,13
7.80645,68,5,8,19,7,18
2.25806,116,5,20,5,4
7.35484,82,5,5,11,12,14,6
4.70968,102,5,21,12,10
3.09677,90,5,1,7,5
5.16129,88,5,1,5,22,11
3.87097,66,5,12,15
3.74194,70,5,22,10
5.80645,68,5,3,8,10
3.87097,66,5,12,15
4.51613,108,5,8,16,4
4.64516,104,5,11,10,20
4,62,5,22,12
4.58065,106,5,11,10,4
7.09677,90,5,15,8,3,3,4
5.54839,76,5,11,10,8
5.16129,88,5,12,18,10
2.96774,94,5,7,5,2
3.16129,88,5,2,6
6,62,5,18,21,21,4
3.74194,70,5,17,3
7.67742,72,5,8,12,3,19
3.74194,70,5,7,5,8
4.90323,96,5,15,5,11,13
3.16129,88,5,2,6
5.22581,86,5,22,19,20
5.6129,74,5,17,22,10
3.87097,66,5,21,3
2.64516,104,5,2,9
3.93548,64,5,8,6
3.74194,70,5,6,22
3.93548,64,5,11,4
4,62,5,14,6
6,62,5,15,7,2
2.19355,118,5,20,5,13
4.70968,102,5,17,16,6
2.96774,94,5,4,19
2,62,5,13
7.6129,74,5,19,11,3,21
4,62,5,15,9
4,62,5,22,4
3.22581,86,5,12,10
5.29032,84,5,18,10,5,11
8,62,5,9,14,8,12
4,62,5,21,18
3.93548,64,5,3,9
2.96774,94,5,6,1
7.41935,80,5,19,8,12,22
3.93548,64,5,17,4
2,62,5,5,13
3.80645,68,5,6,4
7.16129,88,5,9,3,11,3,17
6,62,5,1,21,18
5.16129,88,5,15,8,6
3.80645,68,5,22,9
5.80645,68,5,16,11,4
3.54839,76,5,4,6
5.87097,66,5,15,18,17
5.74194,70,5,12,18,19
3.87097,66,5,21,3
5.09677,90,5,3,20,22
3.80645,68,5,7,20
5.54839,76,5,22,17,16
3.35484,82,5,2,5,17
3.35484,82,5,2,15
4,62,5,15,20
5.87097,66,5,16,5,16,11,13
3.35484,82,5,12,9
5.80645,68,5,19,3,19,10
7.54839,76,5,7,7,15,22,16
2.96774,94,5,4,8
5.48387,78,5,18,18,6,13
5.41935,80,5,9,2,14
3.6129,74,5,20,21
5.93548,64,5,22,21,15,22
6,62,5,19,5,1,9
4,62,5,14,6
5.54839,76,5,14,15,11
3.48387,78,5,7,10
5.93548,64,5,16,15,15,11
2.90323,96,5,4,17
7.54839,76,5,1,14,18,20
3.22581,86,5,2,11
5.80645,68,5,5,12,12,21,15
4,62,5,18,20
5.74194,70,5,19,7,2
3.67742,72,5,20,12
3.93548,64,5,10,13
5.80645,68,5,22,19,11
5.87097,66,5,10,4,13
3.93548,64,5,7,12
4.45161,110,5,19,2,9
2.96774,94,5,6,11
4.96774,94,5,12,12,3,6
5.74194,70,5,14,21,1
4,62,5,15,2
3.80645,68,5,17,13
5.48387,78,5,14,1,12
5.93548,64,5,17,14,21
3.35484,82,5,2,15
3.93548,64,5,1,13
5.09677,90,5,1,21,1,1,13
3.93548,64,5,10,13
5.29032,84,5,19,15,17,5
5.22581,86,5,1,7,9
6.51613,108,5,10,19,9,4
2.19355,118,5,4,10
5.35484,82,5,10,21,10,7
3.87097,66,5,19,13
4,62,5,15,20
5.93548,64,5,16,18,4
5.87097,66,5,22,14,7
5.41935,80,5,19,7,16
3.74194,70,5,21,17
5.6129,74,5,17,22,10
3.93548,64,5,7,4
3.54839,76,5,4,6
3.09677,90,5,18,5,4
2.96774,94,5,6,1
6,62,5,1,11,13
3.54839,76,5,4,21
3.35484,82,5,12,9
3.74194,70,5,22,10
4,62,5,22,2
3.93548,64,5,11,4
5.41935,80,5,17,16,8
3.87097,66,5,2,13
5.35484,82,5,3,2,7
3.87097,66,5,8,17
5.93548,64,5,1,7,14
5.87097,66,5,14,19,19,16
5.93548,64,5,1,19,1,15
5.16129,88,5,1,1,7,10
3.6129,74,5,20,21
4,62,5,21,18
5.80645,68,5,16,5,15,3
5.54839,76,5,12,2,4
5.87097,66,5,1,1,7,17
4.45161,110,5,17,10,2
5.80645,68,5,9,2,13
5.87097,66,5,9,14,13
3.80645,68,5,22,1
3.80645,68,5,17,13
5.54839,76,5,8,16,19
5.54839,76,5,14,15,1
3.29032,84,5,12,16
5.22581,86,5,12,14,16
3.54839,76,5,4,21
3.41935,80,5,6,17
5.41935,80,5,7,19,16
5.67742,72,5,19,1,15
2.25806,116,5,5,4,4,9
7.87097,66,5,14,7,22,22,18
4.25806,116,5,12,2,10
6,62,5,9,15,4
3.87097,66,5,8,17
5.93548,64,5,18,18,3,14
3.87097,66,5,15,10
3.93548,64,5,10,13
4,62,5,16,4
5.48387,78,5,18,6,6,15
4.83871,98,5,18,17,11
4,62,5,9,4
3.87097,66,5,14,16
4.70968,102,5,22,6,9
5.74194,70,5,9,6,4
3.29032,84,5,4,7
4,62,5,5,19,20
6.45161,110,5,19,21,2,9
4.90323,96,5,7,22,14,5
5.09677,90,5,3,1,6
5.41935,80,5,15,6,14
2.70968,102,5,4,1
4,62,5,9,9,4
3.48387,78,5,7,10
5.48387,78,5,12,21,6
2.58065,106,5,22,6,5
3.22581,86,5,2,19
3.74194,70,5,7,5,8
4.51613,108,5,5,3,2,16
4,62,5,5,22,2
3.87097,66,5,22,13
4,62,5,22,4
4,62,5,14,20
2,62,5,13
3.80645,68,5,3,10
7.09677,90,5,19,9,10,22
5.29032,84,5,14,14,11,20
5.54839,76,5,19,2,21
2.96774,94,5,4,8
4,62,5,1,6
5.41935,80,5,17,18,6
3.54839,76,5,20,13
2.96774,94,5,6,1
9.48387,78,5,16,11,11,3,19,10
2.58065,106,5,20,16
4.90323,96,5,17,6,3
3.35484,82,5,12,9
2.58065,106,5,20,16
3.93548,64,5,7,5,11
2,62,5,13
5.87097,66,5,9,21,3
9.16129,88,5,11,1,14,3,7
3.03226,92,5,5,20,1
5.93548,64,5,17,19,8
8,62,5,5,15,22,19,14
5.48387,78,5,1,18,13
2.83871,98,5,6,16
3.93548,64,5,3,22
3.54839,76,5,7,9
2.32258,114,5,4,16
3.74194,70,5,12,22
5.48387,78,5,18,3,3,18,10
5.80645,68,5,18,11,14
4,62,5,17,5,3
5.87097,66,5,21,14,12
7.6129,74,5,5,17,15,14,1
3.74194,70,5,7,1
4,62,5,21,2
2.90323,96,5,20,6
3.93548,64,5,5,10,13
4.90323,96,5,9,6,11
5.22581,86,5,17,14,9
4.45161,110,5,1,2,10
2,62,5,13
5.22581,86,5,1,8,22,1
6,62,5,16,21,8
5.67742,72,5,11,15,6
2,62,5,13
5.67742,72,5,16,3,10
3.93548,64,5,14,14,17
3.87097,66,5,22,3
6.96774,94,5,19,1,9,7
3.93548,64,5,3,4
5.67742,72,5,17,21,3
9.87097,66,5,10,10,18,8,14,3
5.80645,68,5,8,7,6
4,62,5,21,2
4,62,5,14,6
7.87097,66,5,3,8,11,19
3.29032,84,5,12,16
3.29032,84,5,4,20
5.22581,86,5,14,2,22
2.96774,94,5,6,11
5.09677,90,5,10,20,8
6,62,5,7,14,21
3.41935,80,5,20,4
5.80645,68,5,19,19,12,4
4,62,5,1,6
3.87097,66,5,17,12
5.54839,76,5,7,6,13
3.67742,72,5,21,1
5.41935,80,5,12,3,20
7.54839,76,5,8,14,12,22
5.09677,90,5,8,21,15,5
3.35484,82,5,12,17
3.22581,86,5,5,2,11
4,62,5,18,2
4.3871,112,5,1,1,20,10
5.6129,74,5,15,12,19
7.67742,72,5,22,7,7,21,6
5.80645,68,5,14,1,3
3.80645,68,5,11,5,12
3.93548,64,5,3,22
2.45161,110,5,2,10
5.6129,74,5,19,3,13
3.74194,70,5,21,17
3.22581,86,5,6,2
4.83871,98,5,5,7,6,11
3.93548,64,5,21,20
3.54839,76,5,20,13
6.83871,98,5,10,12,21,9
5.74194,70,5,9,22,11
5.35484,82,5,9,5,7,22,9
5.6129,74,5,19,7,20
6.64516,104,5,10,9,6,9,20
2.32258,114,5,4,16
4,62,5,21,8
3.29032,84,5,20,15
7.22581,86,5,1,16,19,10
4.3871,112,5,11,20,10
3.80645,68,5,7,20
3.35484,82,5,20,3
4,62,5,21,21,2
7.93548,64,5,9,1,3,16
3.87097,66,5,19,19,13
5.29032,84,5,7,7,17,7,3
3.80645,68,5,6,4
3.03226,92,5,20,1
7.80645,68,5,14,1,11,3
5.41935,80,5,22,18,4
3.67742,72,5,21,1
5.74194,70,5,11,21,13
2,62,5,13
5.6129,74,5,12,14,1
5.35484,82,5,8,15,13
5.6129,74,5,1,19,13
7.67742,72,5,9,10,8,6
5.16129,88,5,8,9,22
2,62,5,5,13
3.87097,66,5,21,6
2,62,5,13
3.87097,66,5,3,3,13
3.80645,68,5,6,6,6,4
3.03226,92,5,2,17
5.41935,80,5,19,17,21
5.35484,82,5,14,22,3
3.93548,64,5,3,4
5.87097,66,5,8,14,17
5.6129,74,5,16,2,21
3.93548,64,5,14,17
4,62,5,19,4
5.80645,68,5,11,22,18
3.93548,64,5,22,22,22,16
3.87097,66,5,17,12
5.35484,82,5,1,9,6
9.67742,72,5,8,21,15,7,18
7.67742,72,5,10,17,7,20
5.48387,78,5,7,18,9
3.80645,68,5,7,20
3.16129,88,5,21,10
3.74194,70,5,21,17
7.6129,74,5,18,7,22,16
5.35484,82,5,12,14,4
3.41935,80,5,6,17
3.29032,84,5,2,8
2.25806,116,5,12,20,5
6.83871,98,5,22,7,17,20
3.22581,86,5,15,5,6
3.09677,90,5,19,21,5
3.16129,88,5,1,22,5
5.35484,82,5,17,7,10
3.29032,84,5,5,2,8
5.35484,82,5,12,18,11
3.29032,84,5,6,19
6,62,5,10,9,4
2.77419,100,5,6,9
3.74194,70,5,7,5,18
5.48387,78,5,9,3,17
3.74194,70,5,2,12
3.87097,66,5,12,4
5.48387,78,5,19,1,2
4,62,5,12,13
4,62,5,18,4
9.09677,90,5,9,15,21,7,16
3.6129,74,5,15,22,5
6,62,5,9,15,1
3.41935,80,5,12,6
3.74194,70,5,12,22
2.3871,112,5,20,10
3.93548,64,5,1,17
4,62,5,15,4
3.6129,74,5,1,14,5
2,62,5,13
5.74194,70,5,16,21,17
5.80645,68,5,1,7,19
5.87097,66,5,18,5,19,14
5.22581,86,5,16,20,7
2,62,5,13
2.25806,116,5,12,20,20,5
5.67742,72,5,17,10,1
7.41935,80,5,8,19,22,2
7.74194,70,5,8,12,8,19,3
4,62,5,18,4
3.03226,92,5,6,20
3.80645,68,5,11,17
3.67742,72,5,6,13
4,62,5,16,4
7.87097,66,5,18,14,8,7
3.74194,70,5,12,22
2,62,5,13
4,62,5,18,20
5.35484,82,5,8,7,11
3.80645,68,5,22,9
3.16129,88,5,6,5,22
3.93548,64,5,22,16
3.87097,66,5,12,4
5.80645,68,5,8,11,15
7.54839,76,5,15,14,7,17
5.54839,76,5,19,7,11
3.35484,82,5,20,3
4.3871,112,5,8,9,4
5.67742,72,5,1,10,3
2,62,5,13
3.80645,68,5,22,11
4,62,5,21,8
5.80645,68,5,14,12,12,11
7.29032,84,5,7,22,14,2
3.03226,92,5,16,21,5
3.93548,64,5,12,11
5.80645,68,5,15,12,14
3.41935,80,5,12,6
3.16129,88,5,20,8
3.74194,70,5,12,22
2,62,5,13
3.93548,64,5,3,9
6,62,5,8,1,18
7.48387,78,5,8,11,3,7
2.96774,94,5,4,8
4.77419,100,5,19,19,17,11
4,62,5,1,4
9.80645,68,5,9,11,1,12,20
3.87097,66,5,21,3
7.29032,84,5,10,12,3,16
5.29032,84,5,7,18,4
3.67742,72,5,21,1
6,62,5,10,15,1
7.74194,70,5,10,8,22,14
5.22581,86,5,8,9,3
5.22581,86,5,16,20,7
3.87097,66,5,5,11,6
3.87097,66,5,14,9
4.96774,94,5,15,6,3
4,62,5,15,2
3.67742,72,5,17,1
3.67742,72,5,6,21
5.67742,72,5,3,14,2
4,62,5,15,1
3.80645,68,5,5,7,3
5.48387,78,5,18,21,18,2
3.67742,72,5,6,13
3.67742,72,5,22,5,5,16,22
3.87097,66,5,15,10
5.67742,72,5,17,19,11
2,62,5,13
4,62,5,15,4
3.93548,64,5,7,5,7,2
4,62,5,5,14,4
3.54839,76,5,7,9
2,62,5,13
3.87097,66,5,15,10
5.93548,64,5,1,14,20
5.67742,72,5,8,11,20
5.6129,74,5,16,20,12
5.74194,70,5,16,11,6
5.87097,66,5,3,2,20
3.6129,74,5,20,21
6,62,5,8,15,14
4,62,5,22,2
3.16129,88,5,4,15
3.67742,72,5,17,17,11
5.74194,70,5,7,22,4
5.03226,92,5,8,10,14
3.87097,66,5,22,3
3.80645,68,5,7,3
4,62,5,15,11
5.35484,82,5,5,10,12,12,17
3.74194,70,5,2,12
3.93548,64,5,12,11
5.74194,70,5,15,18,10
4.58065,106,5,7,6,10
3.93548,64,5,14,5,17
3.35484,82,5,14,15,5
2.77419,100,5,6,9
3.87097,66,5,14,9
5.67742,72,5,5,1,9,12
3.54839,76,5,4,6
4.58065,106,5,11,20,9
4,62,5,21,18
7.87097,66,5,16,10,21,14
4.83871,98,5,7,17,3
6,62,5,1,21,21,8
4,62,5,2,20
5.16129,88,5,17,10,3
3.74194,70,5,22,10
5.54839,76,5,19,2,4
3.41935,80,5,2,22
5.80645,68,5,14,8,16
5.93548,64,5,5,16,5,15,12
3.80645,68,5,6,7
3.74194,70,5,14,10
5.67742,72,5,1,14,10
3.54839,76,5,4,6
5.16129,88,5,16,3,18,5
3.93548,64,5,12,11
3.22581,86,5,2,19
3.22581,86,5,2,18
3.22581,86,5,4,22
2.77419,100,5,4,11
5.48387,78,5,12,21,3
5.67742,72,5,18,19,18,2
5.22581,86,5,11,10,7
2.45161,110,5,2,10
4.3871,112,5,19,10,4
4,62,5,15,4
3.35484,82,5,2,15
5.35484,82,5,10,15,14,5
4.96774,94,5,22,6,20
5.80645,68,5,21,15,14
2.83871,98,5,20,17
3.35484,82,5,12,9
7.54839,76,5,18,14,3,20
2,62,5,13
5.41935,80,5,1,18,19,5
6,62,5,11,19,16
3.41935,80,5,6,5,19
3.48387,78,5,7,10
2,62,5,13
3.87097,66,5,17,2
5.80645,68,5,11,8,4
5.54839,76,5,21,12,18
4,62,5,18,2
7.03226,92,5,19,1,11,1,13
3.74194,70,5,17,20
3.41935,80,5,6,18
3.93548,64,5,12,11
3.87097,66,5,12,4
5.6129,74,5,15,12,19
5.87097,66,5,8,15,17
5.67742,72,5,12,14,14,22
2.19355,118,5,4,10
3.22581,86,5,2,18
2,62,5,13
7.6129,74,5,10,16,21,1
3.74194,70,5,8,3,5
3.87097,66,5,8,17
7.35484,82,5,10,9,12,17
5.16129,88,5,16,6,8
5.80645,68,5,1,14,13
2,62,5,13
3.87097,66,5,1,5,5,21
3.93548,64,5,11,4
5.29032,84,5,21,15,1
3.93548,64,5,3,16
3.22581,86,5,2,2,19
3.54839,76,5,4,21
7.93548,64,5,16,11,12,2
3.67742,72,5,17,1
2.45161,110,5,2,10
7.67742,72,5,3,14,14,19,22
4,62,5,22,2
5.54839,76,5,10,4,2
2.96774,94,5,6,6,1
3.29032,84,5,12,16
3.87097,66,5,18,13
5.48387,78,5,21,12,8
5.93548,64,5,5,16,17,14
8,62,5,19,16,10,9
5.67742,72,5,18,11,16
4,62,5,17,5,3
7.09677,90,5,16,9,12,10
3.6129,74,5,7,16
3.87097,66,5,14,16
2,62,5,13
5.80645,68,5,1,14,9
4,62,5,21,2
3.80645,68,5,12,7
5.16129,88,5,3,20,15
3.16129,88,5,20,11
2,62,5,13
2.51613,108,5,7,7,6,5
5.74194,70,5,9,7,20
5.22581,86,5,21,7,3
3.41935,80,5,2,22
5.54839,76,5,11,20,13
3.48387,78,5,2,3
4,62,5,12,13
2.64516,104,5,2,9
3.87097,66,5,22,3
5.09677,90,5,9,2,1
2.64516,104,5,21,12,5
5.48387,78,5,17,10,11
5.74194,70,5,14,18,6
3.74194,70,5,7,1
3.80645,68,5,3,10
5.6129,74,5,15,18,18,4
3.93548,64,5,10,13
5.67742,72,5,17,7,20
3.03226,92,5,20,1
3.87097,66,5,22,13
3.35484,82,5,20,3
5.74194,70,5,16,6,6,7
5.54839,76,5,14,2,12
5.54839,76,5,22,8,22,14
3.87097,66,5,5,17,2
5.16129,88,5,9,2,11
5.87097,66,5,3,12,15
5.80645,68,5,8,14,13
5.35484,82,5,5,14,22,14,16
2.3871,112,5,20,10
3.48387,78,5,2,3
3.48387,78,5,7,10
5.54839,76,5,8,2,4
3.22581,86,5,6,8
5.6129,74,5,11,16,3
3.29032,84,5,19,5,20
3.48387,78,5,7,10
3.80645,68,5,17,13
2.96774,94,5,4,19
3.74194,70,5,17,3
7.93548,64,5,1,3,14,22
2,62,5,13
3.80645,68,5,6,4
3.54839,76,5,4,6
4,62,5,16,4
3.67742,72,5,17,5,12
3.09677,90,5,20,19
3.48387,78,5,2,14
5.6129,74,5,17,19,7
3.74194,70,5,14,10
5.67742,72,5,16,12,7
2,62,5,13
3.74194,70,5,2,4
3.80645,68,5,22,9
7.03226,92,5,16,9,8,12,9
3.03226,92,5,6,3
7.6129,74,5,19,18,21,13
5.74194,70,5,11,14,16
4.77419,100,5,18,6,11
3.22581,86,5,6,2
3.6129,74,5,12,5,8
7.93548,64,5,14,15,22,17
4,62,5,14,20
3.87097,66,5,14,13
6.51613,108,5,11,10,9,13
5.35484,82,5,3,1,2
4,62,5,15,20
5.80645,68,5,16,15,10
3.35484,82,5,1,15,5
3.74194,70,5,5,7,1
4,62,5,15,9
2,62,5,13
4,62,5,21,18
3.6129,74,5,20,21
5.93548,64,5,1,9,14
4.96774,94,5,15,6,3
3.74194,70,5,7,1
5.67742,72,5,16,3,16,7
3.93548,64,5,1,17
7.6129,74,5,9,14,18,20
2,62,5,13
5.74194,70,5,8,8,22,14
3.93548,64,5,3,16
3.6129,74,5,3,6
4,62,5,21,2
3.80645,68,5,6,7
3.6129,74,5,7,16
3.74194,70,5,17,3
3.74194,70,5,17,20
7.09677,90,5,19,8,11,17
6.45161,110,5,8,19,16,2
3.87097,66,5,18,5,22
3.22581,86,5,6,8
5.16129,88,5,11,21,16
7.54839,76,5,8,21,12,2
2,62,5,13
5.74194,70,5,17,22,3
3.22581,86,5,21,9
5.6129,74,5,9,12,12,9,17
5.16129,88,5,15,17,12
6,62,5,9,22,8
3.03226,92,5,8,5,13
4,62,5,21,19
4.90323,96,5,17,21,17,1
5.67742,72,5,7,21,3
5.6129,74,5,5,14,8,2
4,62,5,5,11,13
5.74194,70,5,12,21,7
7.80645,68,5,3,8,11,9
4,62,5,14,14,6
2.70968,102,5,4,1
4,62,5,11,13
3.93548,64,5,7,12
5.93548,64,5,3,19,1
5.35484,82,5,18,10,11
4,62,5,21,8
3.03226,92,5,20,1
2.3871,112,5,10,2,5
3.80645,68,5,7,3
4.83871,98,5,11,16,4
3.03226,92,5,20,1
7.6129,74,5,16,18,7,11
3.48387,78,5,2,2,7
4.90323,96,5,10,5,6,1
4,62,5,22,2
2.25806,116,5,20,5,4
8,62,5,19,14,1,14,8
2.96774,94,5,4,8
4,62,5,15,4
5.35484,82,5,14,15,14,14,14,10
6,62,5,18,8,12
4,62,5,14,4
5.09677,90,5,8,7,10
3.29032,84,5,4,7
6.32258,114,5,15,21,4,16
5.80645,68,5,8,7,6
