5.80645,68,15,19,9,22
5.67742,72,15,22,14,14,2,15
3.03226,92,15,13,16
5.22581,86,15,4,21,10
2.96774,94,15,13,5
6.45161,110,15,6,15,10,16,2
5.74194,70,15,4,18,19
5.35484,82,15,19,13,19,2
4.90323,96,15,6,12,6,20
4.83871,98,15,3,3,10,7
5.09677,90,15,9,16,13
3.41935,80,15,20,4,15
3.35484,82,15,17,2,15
5.16129,88,15,10,15,16,22
7.35484,82,15,7,2,2,12,9
5.93548,64,15,16,10,18
5.6129,74,15,16,10,16,21
5.03226,92,15,9,14,10
7.29032,84,15,21,21,3,2,3,9
3.6129,74,15,12,1,15
5.6129,74,15,16,15,17,9
5.87097,66,15,10,11,3
3.35484,82,15,10,6
5.22581,86,15,17,4,8
5.6129,74,15,15,16,18,1
3.29032,84,15,21,10,15
7.93548,64,15,22,8,10,16
5.54839,76,15,15,6,14,13
5.80645,68,15,12,7,8
5.67742,72,15,3,19,2
3.03226,92,15,13,16
5.16129,88,15,10,17,9
6.3871,112,15,21,6,6,13,10
7.29032,84,15,15,1,9,5,5,22
4.83871,98,15,18,4,10
4.70968,102,15,11,9,13
5.54839,76,15,18,20,1
5.93548,64,15,9,8,1
4.96774,94,15,15,11,22,22,10
4.96774,94,15,17,17,1,2
5.80645,68,15,3,15,17,10
5.67742,72,15,10,19,3
3.67742,72,15,2,4,15
3.16129,88,15,5,2
3.35484,82,15,16,4
3.16129,88,15,13,9
5.29032,84,15,14,17,11
4,62,15,5,19
5.03226,92,15,2,8,4
6,62,15,2,20,3
5.41935,80,15,21,10,8
3.16129,88,15,10,2
7.6129,74,15,19,7,14,16
5.54839,76,15,12,15,12,12,7,11
4,62,15,13,22
4.3871,112,15,4,15,9,13
3.54839,76,15,13,1
3.29032,84,15,20,5
5.6129,74,15,11,7,6
5.41935,80,15,19,10,12
5.80645,68,15,6,19,1
8.64516,104,15,18,15,16,5,9,5,2
4.19355,118,15,8,13,16
3.48387,78,15,9,20
7.22581,86,15,8,5,16,16,17
4.90323,96,15,5,9,4
7.6129,74,15,19,19,1,18,14,1
7.16129,88,15,22,22,12,21,15,5
7.48387,78,15,12,21,18,9
5.80645,68,15,19,3,17
3.74194,70,15,10,7
5.74194,70,15,14,20,11
3.80645,68,15,6,9
7.03226,92,15,22,12,13,12,5
5.67742,72,15,20,7,6
5.22581,86,15,4,4,22,4,4,15,22,16
5.87097,66,15,2,3,14
5.67742,72,15,17,18,4
5.74194,70,15,5,10,14
9.35484,82,15,18,21,14,20,4
5.67742,72,15,18,15,5,8
6.58065,106,15,8,3,2,10
5.16129,88,15,15,10,18,6
4,62,15,2,1
3.48387,78,15,16,2
5.41935,80,15,22,19,4,22
7.35484,82,15,22,13,4,1
7.09677,90,15,17,21,19,4
7.80645,68,15,14,12,11,10
4.83871,98,15,1,7,5
3.74194,70,15,6,10
5.22581,86,15,17,13,14
4.90323,96,15,8,6,1
6,62,15,21,3,13
3.6129,74,15,5,7
3.29032,84,15,9,13
5.80645,68,15,21,13,11
7.29032,84,15,19,7,4,3
3.93548,64,15,13,3
5.41935,80,15,3,5,1
7.35484,82,15,14,1,18,5
5.67742,72,15,8,20,13
5.03226,92,15,15,12,2,5
5.87097,66,15,5,9,8
3.48387,78,15,2,9
5.93548,64,15,15,5,10,18
5.41935,80,15,19,10,12
5.80645,68,15,20,8,14
3.87097,66,15,10,3
5.48387,78,15,22,1,6
3.48387,78,15,20,16
5.03226,92,15,1,9,9,20
7.87097,66,15,14,11,1,2
3.87097,66,15,12,5
5.16129,88,15,16,14,9
3.48387,78,15,16,20
5.93548,64,15,8,1,2
3.29032,84,15,20,5
7.35484,82,15,14,10,16,22
5.22581,86,15,8,13,7
3.80645,68,15,6,9
5.67742,72,15,9,18,9,11
7.41935,80,15,7,15,1,15,16,11
3.29032,84,15,2,10
5.03226,92,15,14,2,10
3.74194,70,15,13,19
5.48387,78,15,3,10,1
5.87097,66,15,22,20,8
7.35484,82,15,18,1,10,22
5.35484,82,15,19,17,3
7.16129,88,15,21,11,10,8
5.35484,82,15,18,18,16,20
6.96774,94,15,7,4,13,16
6.90323,96,15,19,17,7,5
9.48387,78,15,18,7,3,8,22
6.77419,100,15,22,1,12,16
7.67742,72,15,22,11,12,11,19
5.09677,90,15,17,11,7
5.09677,90,15,16,11,6
5.54839,76,15,20,13,7
3.93548,64,15,13,3
5.80645,68,15,22,12,8,15
3.54839,76,15,9,9,6
3.74194,70,15,15,5,14
5.80645,68,15,19,17,5
7.6129,74,15,14,6,14,11,16
6.90323,96,15,3,18,3,14,5
7.35484,82,15,14,1,19,14,17
4,62,15,1,2
3.6129,74,15,16,6
7.29032,84,15,8,14,3,17
5.48387,78,15,12,4,4,19
5.93548,64,15,2,15,22,9
4.70968,102,15,6,13,5
3.41935,80,15,5,21
5.48387,78,15,2,19,7
7.54839,76,15,6,7,12,20
4.70968,102,15,17,9,4
3.35484,82,15,2,5
4.83871,98,15,16,10,10,13
5.67742,72,15,12,19,6
3.74194,70,15,20,17
5.93548,64,15,15,13,4,14
5.09677,90,15,20,20,8,2
5.35484,82,15,6,14,5
5.74194,70,15,3,14,13
7.93548,64,15,21,12,14,17
5.80645,68,15,10,1,16
7.74194,70,15,19,1,7,18
5.67742,72,15,14,14,1,6
6.64516,104,15,8,1,10,20
3.48387,78,15,2,2,16
5.54839,76,15,15,20,4,7
7.09677,90,15,6,4,21,21,16
5.67742,72,15,18,1,6
6,62,15,21,17,14
5.67742,72,15,1,5,11
5.87097,66,15,17,19,16
5.29032,84,15,7,2,2,10
4,62,15,13,22
5.80645,68,15,16,1,18
4.90323,96,15,11,9,2
5.93548,64,15,17,1,11
5.35484,82,15,21,15,15,1,13
7.48387,78,15,17,8,8,3,21
5.74194,70,15,11,7,18
6.64516,104,15,12,15,7,7,20,9
7.54839,76,15,8,3,11,4
7.74194,70,15,21,13,7,18
4,62,15,5,19
4.32258,114,15,21,10,13
6,62,15,4,14,19
5.48387,78,15,3,10,1
6,62,15,3,2,13
3.16129,88,15,5,5,2
7.6129,74,15,8,1,19,5
6,62,15,17,13,4
7.67742,72,15,7,15,20,15,14,17
3.93548,64,15,9,7
5.93548,64,15,18,2,7
3.80645,68,15,4,18,15
8,62,15,21,2,12,11
3.54839,76,15,9,6
5.67742,72,15,8,1,6
4.96774,94,15,17,1,2
3.80645,68,15,16,12
5.80645,68,15,15,14,17,5
7.41935,80,15,7,15,4,2,11
3.74194,70,15,5,14
5.29032,84,15,8,17,5
5.22581,86,15,17,17,6,11
4,62,15,4,19
7.41935,80,15,18,7,3,13
5.80645,68,15,14,12,12,5
3.87097,66,15,9,12
3.74194,70,15,5,14
7.67742,72,15,21,15,17,18,1
5.22581,86,15,20,22,16
5.93548,64,15,3,19,9
4,62,15,4,19
5.74194,70,15,14,17,9
3.74194,70,15,13,19
3.48387,78,15,20,20,9
5.93548,64,15,1,18,1,3
5.35484,82,15,4,3,2
3.74194,70,15,13,11
5.67742,72,15,18,2,19
5.6129,74,15,1,21,3
7.09677,90,15,22,16,9,13
4,62,15,6,11
5.03226,92,15,6,20,11
3.29032,84,15,9,4
9.87097,66,15,7,19,11,8,12
5.03226,92,15,22,9,13
3.29032,84,15,9,13
3.74194,70,15,11,6
3.87097,66,15,10,3
8,62,15,18,21,14,9
3.74194,70,15,5,14
8.96774,94,15,19,21,19,3,11,6
7.29032,84,15,3,8,1,4
5.41935,80,15,6,19,5
7.80645,68,15,19,12,18,11
4.77419,100,15,2,4,9
7.67742,72,15,18,19,8,18,4
7.87097,66,15,1,19,8,18
5.93548,64,15,12,19,9
5.22581,86,15,10,10,10,18,10,19
5.22581,86,15,19,9,2
5.41935,80,15,22,1,17
3.67742,72,15,6,6,5
6,62,15,20,15,7,11
3.16129,88,15,10,2
3.74194,70,15,11,6
3.87097,66,15,15,9,12
5.87097,66,15,16,14,21
5.22581,86,15,2,2,14,10
3.80645,68,15,5,3
3.35484,82,15,4,16
4.77419,100,15,19,10,13
3.93548,64,15,9,7
3.29032,84,15,4,4,9
3.16129,88,15,11,20,15
5.29032,84,15,20,3,9
3.09677,90,15,10,4
5.54839,76,15,19,10,7
6,62,15,14,21,10
5.16129,88,15,16,11,4
5.29032,84,15,8,2,6
3.93548,64,15,20,1
4.77419,100,15,8,2,16
4.90323,96,15,9,17,12
7.22581,86,15,8,3,9,14
7.67742,72,15,18,4,4,2,12
7.67742,72,15,22,18,9,3
3.67742,72,15,1,13
5.16129,88,15,3,20,1
3.48387,78,15,20,16
5.48387,78,15,13,20,3
5.48387,78,15,17,2,7
5.93548,64,15,22,6,1
5.74194,70,15,8,22,4
3.67742,72,15,6,5
5.93548,64,15,8,1,2
3.48387,78,15,16,2
7.16129,88,15,22,8,5,18
5.35484,82,15,4,7,11
7.74194,70,15,22,20,22,12,3
4,62,15,1,2
5.48387,78,15,7,5,3
5.87097,66,15,19,9,17
5.35484,82,15,15,11,7,12
5.54839,76,15,16,5,7
6.51613,108,15,8,18,9,6
9.22581,86,15,7,12,8,19,6
4.3871,112,15,15,13,12,13,10
7.74194,70,15,8,1,3,20
5.80645,68,15,3,19,5
3.48387,78,15,16,20
5.6129,74,15,8,2,7
3.93548,64,15,4,17
3.74194,70,15,13,19
5.22581,86,15,10,5,6
7.35484,82,15,22,12,4,3
9.67742,72,15,18,19,11,21,7
3.87097,66,15,3,6
6.96774,94,15,6,19,8,4
7.87097,66,15,14,18,19,19,14,13
5.54839,76,15,20,22,6
5.6129,74,15,18,13,13,22
5.41935,80,15,21,6,10
5.67742,72,15,9,8,12
5.93548,64,15,21,5,16
3.93548,64,15,21,11,15
7.74194,70,15,18,3,11,22
7.03226,92,15,19,7,2,17
5.22581,86,15,3,22,13
4.83871,98,15,21,16,20
5.29032,84,15,9,19,6
8.58064,106,15,22,21,14,9,20
5.16129,88,15,17,6,17,11
3.87097,66,15,10,3
5.22581,86,15,9,1,13
5.80645,68,15,6,12,14
7.54839,76,15,11,14,18,9
5.74194,70,15,20,21,17
3.22581,86,15,6,3,15
7.29032,84,15,22,2,12,17
5.22581,86,15,9,16,3,15
5.09677,90,15,16,5,2
5.87097,66,15,9,1,12
5.54839,76,15,16,19,10
3.74194,70,15,10,7
9.22581,86,15,12,8,14,18,4
5.80645,68,15,20,20,3,1
7.54839,76,15,19,21,7,9
7.16129,88,15,8,9,16,12
7.29032,84,15,11,1,9,12
3.16129,88,15,6,20,15
7.09677,90,15,19,3,7,9
5.29032,84,15,7,2,10
5.09677,90,15,17,11,7
5.35484,82,15,20,12,9
7.22581,86,15,14,11,10,9,14
5.35484,82,15,8,6,18
6.45161,110,15,14,5,9,4
5.54839,76,15,19,10,7
5.93548,64,15,8,1,2
5.09677,90,15,17,6,16
5.54839,76,15,1,14,13
5.22581,86,15,10,17,6
5.54839,76,15,15,15,6,18,10
5.29032,84,15,3,5,11
5.6129,74,15,17,12,11
7.80645,68,15,22,8,21,21,17
5.09677,90,15,16,22,10
5.41935,80,15,3,20,20,7
3.35484,82,15,14,5,15
5.41935,80,15,18,4,11
5.41935,80,15,22,3,15,8
7.54839,76,15,2,12,21,20
5.22581,86,15,10,19,19,5
3.74194,70,15,1,4
3.6129,74,15,16,16,16,6
5.22581,86,15,3,16,14
3.87097,66,15,10,3
5.29032,84,15,9,14,6
3.48387,78,15,2,9
5.93548,64,15,22,4,19
5.67742,72,15,15,3,19,2
5.6129,74,15,6,3,14
4.90323,96,15,2,13,9
5.48387,78,15,14,9,7
5.22581,86,15,10,11,7
7.93548,64,15,7,4,21,6
5.74194,70,15,7,1,20
7.35484,82,15,22,16,16,22,4,20
3.87097,66,15,3,6
7.87097,66,15,21,21,7,17,5
5.41935,80,15,14,10,9,14
7.16129,88,15,21,15,4,6,2
4.90323,96,15,15,4,18,13
3.80645,68,15,6,9
7.22581,86,15,7,2,22,9
3.80645,68,15,4,11
3.74194,70,15,20,17
5.74194,70,15,3,4,3,1
4,62,15,4,19
5.16129,88,15,13,12,17
4,62,15,12,16
3.93548,64,15,12,10
5.41935,80,15,10,19,16
7.74194,70,15,18,21,22,22,9
5.87097,66,15,16,15,1,8
4,62,15,12,16
5.48387,78,15,13,6,14
5.48387,78,15,11,16,14
5.29032,84,15,22,4,16
5.35484,82,15,2,8,2,3
5.29032,84,15,6,3,2
6.96774,94,15,8,12,13,11
5.41935,80,15,22,2,9
5.80645,68,15,17,16,8
5.35484,82,15,4,18,11
7.6129,74,15,18,21,11,5
7.6129,74,15,7,22,4,11
5.22581,86,15,4,15,1,7
6.45161,110,15,21,18,10,2
4.70968,102,15,14,13,16
5.54839,76,15,12,17,7
7.74194,70,15,22,1,11,7
5.22581,86,15,6,15,10,14
9.74194,70,15,14,22,17,17,22,14,12,13
5.09677,90,15,20,7,16
4.58065,106,15,6,20,6,16
6,62,15,15,11,11,18,22
3.54839,76,15,13,1
5.93548,64,15,12,8,22
7.48387,78,15,8,16,8,8,19,10
5.6129,74,15,11,8,17
3.35484,82,15,2,5
7.41935,80,15,21,11,19,5
3.48387,78,15,20,16
3.67742,72,15,1,17
7.22581,86,15,21,11,9,22
5.29032,84,15,2,22,13
5.29032,84,15,19,9,9,6
5.6129,74,15,17,13,12
5.67742,72,15,19,3,15,6
7.80645,68,15,15,6,7,18,3
6.96774,94,15,15,15,2,21,8,6
5.74194,70,15,18,17,12
4,62,15,1,2
4,62,15,13,22
5.80645,68,15,15,15,17,16,18
7.6129,74,15,12,4,21,22
4,62,15,4,8
5.22581,86,15,2,3,10
7.48387,78,15,22,18,6,8
3.93548,64,15,13,3
3.41935,80,15,20,3,15
4,62,15,20,19
5.35484,82,15,17,1,18
3.87097,66,15,3,6
3.67742,72,15,1,13
5.74194,70,15,22,12,16
7.6129,74,15,18,2,20,3
7.6129,74,15,21,11,3,7
4.90323,96,15,5,5,1,1,6
7.54839,76,15,6,13,21,2
5.67742,72,15,19,1,17
6,62,15,8,16,1
6.83871,98,15,19,16,5,20
5.09677,90,15,20,11,7
3.48387,78,15,9,2
4.51613,108,15,12,6,10
6.77419,100,15,22,7,9,4
5.87097,66,15,13,12,20
5.48387,78,15,17,1,16
8.3871,112,15,14,15,8,1,9,9,4
5.67742,72,15,18,11,6
5.67742,72,15,17,12,13
7.09677,90,15,15,19,8,4,17
5.80645,68,15,6,22,3
5.41935,80,15,18,1,5,18
2.96774,94,15,13,10
5.93548,64,15,11,12,2
7.6129,74,15,14,7,2,3
5.67742,72,15,14,1,6
3.74194,70,15,5,22
7.87097,66,15,8,22,14,18
5.41935,80,15,3,15,6,8
6.70968,102,15,11,9,16,4
5.22581,86,15,6,17,2
5.6129,74,15,9,19,16
4.90323,96,15,10,11,4
4,62,15,12,16
7.87097,66,15,19,9,16,17
5.09677,90,15,9,22,20
4,62,15,5,19
6,62,15,14,4,7
4,62,15,2,1
7.80645,68,15,19,12,14,20
5.87097,66,15,20,21,13
4.3871,112,15,16,15,20,10
4.83871,98,15,21,9,6
7.67742,72,15,15,18,19,20,13
4.64516,104,15,17,2,9
3.48387,78,15,2,9
5.67742,72,15,22,15,6,15,15,6,9
5.6129,74,15,1,21,6
3.80645,68,15,9,21
3.35484,82,15,4,16
3.54839,76,15,12,17,15
5.22581,86,15,8,20,19
4.25806,116,15,12,15,13,10
4,62,15,6,11
7.80645,68,15,7,21,3,13
6.12903,120,15,17,22,13,5
5.29032,84,15,19,17,1
7.09677,90,15,9,10,16,20
7.29032,84,15,14,7,4,19
3.67742,72,15,13,2,15
4.45161,110,15,17,4,4,10
3.35484,82,15,4,16
6,62,15,19,3,21,19
5.67742,72,15,20,14,1
5.74194,70,15,1,15,7,10
5.41935,80,15,3,14,15,20
7.54839,76,15,2,14,21,19
6.83871,98,15,18,8,6,1
9.93548,64,15,19,14,8,3,22
5.16129,88,15,7,20,10
7.80645,68,15,15,12,14,19,8,12
6.90323,96,15,7,19,4,4,11
7.67742,72,15,7,22,19,6,7
3.16129,88,15,16,13
5.93548,64,15,3,13,4
5.09677,90,15,17,16,6
4,62,15,4,19
7.93548,64,15,7,21,2,11
6.12903,120,15,19,7,13,13,10
5.09677,90,15,17,5,21
5.74194,70,15,11,7,21
2.96774,94,15,13,10
5.35484,82,15,20,22,8
3.48387,78,15,16,20
4.96774,94,15,9,9,17,8
3.74194,70,15,20,17
6,62,15,12,12,3,9
9.16129,88,15,14,19,3,8,15,20
8,62,15,22,12,2,4
5.41935,80,15,9,19,5
3.16129,88,15,5,2
3.22581,86,15,4,10
5.67742,72,15,18,5,3
6.70968,102,15,19,14,20,5
7.93548,64,15,22,8,19,17
4.25806,116,15,21,5,4
5.93548,64,15,6,7,13
7.6129,74,15,19,3,2,14
6,62,15,21,6,19
4.90323,96,15,5,15,6,11
5.41935,80,15,9,5,21
3.16129,88,15,10,20
6,62,15,19,6,19,7
4.77419,100,15,16,3,17
3.74194,70,15,1,4
3.09677,90,15,10,4
5.54839,76,15,17,8,22
4.64516,104,15,3,9,6
7.03226,92,15,19,18,2,17
2.96774,94,15,13,10
6.70968,102,15,21,8,9,2
3.74194,70,15,1,6
3.09677,90,15,10,4
6,62,15,7,16,18
5.41935,80,15,21,9,14
5.16129,88,15,3,22,9
5.29032,84,15,19,16,20
4.19355,118,15,17,13,10
4.70968,102,15,2,2,11,6
6.70968,102,15,22,17,20,17,11
7.6129,74,15,7,21,12,5
4,62,15,1,1,2
5.03226,92,15,15,17,13,18
9.93548,64,15,18,12,14,21,6
7.6129,74,15,14,18,12,16
5.87097,66,15,1,18,12
5.67742,72,15,12,19,2
3.93548,64,15,12,10
3.74194,70,15,10,19,15
7.93548,64,15,14,21,20,3
7.22581,86,15,18,7,15,2,6
7.74194,70,15,21,7,14,10
5.93548,64,15,19,17,18
5.03226,92,15,16,11,17
7.54839,76,15,5,1,11,9
5.93548,64,15,12,14,9
7.6129,74,15,8,1,3,9
6,62,15,12,18,17
4.58065,106,15,3,15,3,9,20
4.77419,100,15,17,13,1
5.87097,66,15,7,10,11
3.74194,70,15,5,14
5.80645,68,15,16,19,7
5.09677,90,15,14,6,5
5.03226,92,15,10,18,18,10,18,4
5.29032,84,15,14,17,17,1
5.54839,76,15,3,12,3,6
4,62,15,13,14
5.41935,80,15,14,10,3
6.70968,102,15,17,19,1,6
8.19355,118,15,19,18,22,4,10
5.74194,70,15,2,20,19
5.87097,66,15,19,10,18
5.87097,66,15,12,22,6
10.4516,110,15,8,19,10,10,9,16,2
7.54839,76,15,22,15,19,3,1,22
5.87097,66,15,19,9,3
5.48387,78,15,4,22,15,6
7.80645,68,15,21,3,16,10
5.54839,76,15,5,1,18
5.41935,80,15,11,10,10,18
3.87097,66,15,16,21
5.6129,74,15,3,12,17
5.22581,86,15,6,15,9,12
5.48387,78,15,2,20,17
5.67742,72,15,18,1,4
3.74194,70,15,20,17
5.29032,84,15,3,3,20,18
4.3871,112,15,9,15,2,10
3.35484,82,15,16,4
5.93548,64,15,18,3,1,18
5.93548,64,15,8,16,11
8,62,15,17,18,14,22
8.96774,94,15,14,9,5,16,21
4,62,15,21,13,15
5.87097,66,15,9,10,22
5.74194,70,15,17,14,20
6.70968,102,15,22,10,5,13
7.54839,76,15,11,1,8,4
8,62,15,14,3,18,21
3.35484,82,15,10,6
9.29032,84,15,14,19,2,20,2,7
5.22581,86,15,10,5,6
7.48387,78,15,18,17,19,7
6.83871,98,15,1,18,19,13
5.74194,70,15,12,2,11
6,62,15,5,10,19
5.35484,82,15,17,21,10
5.6129,74,15,8,2,14
7.48387,78,15,17,14,22,6
4.77419,100,15,22,5,4
3.16129,88,15,10,20
4,62,15,5,19
3.74194,70,15,1,6
4,62,15,6,1
6,62,15,18,15,4,22
4,62,15,20,19
5.35484,82,15,12,1,20
4,62,15,1,2
3.16129,88,15,16,13
6.58065,106,15,19,6,19,21,5
5.03226,92,15,4,18,2
5.74194,70,15,6,19,7
7.54839,76,15,15,18,3,16,1
2.90323,96,15,5,13
4.90323,96,15,22,13,5
5.67742,72,15,11,22,18
5.93548,64,15,21,5,16
5.29032,84,15,4,7,15,9
5.41935,80,15,1,18,5
5.29032,84,15,1,16,21
3.93548,64,15,20,1
5.22581,86,15,20,3,13
5.09677,90,15,15,8,13,3
6.83871,98,15,19,21,4,16
5.35484,82,15,21,4,9
5.74194,70,15,19,2,22
3.48387,78,15,20,9
3.74194,70,15,4,1
3.74194,70,15,10,7
5.67742,72,15,3,12,6
5.74194,70,15,1,21,18
4.64516,104,15,14,10,4
3.80645,68,15,3,17
5.67742,72,15,1,22,18
4,62,15,16,19,15
5.35484,82,15,18,16,16,20
9.09677,90,15,12,19,1,11,7
5.67742,72,15,13,4,8
3.22581,86,15,4,10
5.41935,80,15,21,10,18
3.35484,82,15,16,4
3.80645,68,15,16,12
7.29032,84,15,21,8,9,22
7.54839,76,15,15,19,21,2,11
7.22581,86,15,21,14,13,19
3.6129,74,15,5,7
3.67742,72,15,1,13
8.45161,110,15,21,19,11,9,20
3.6129,74,15,22,5,15
4.51613,108,15,13,20,5
4.70968,102,15,11,20,17
5.35484,82,15,13,20,22
5.54839,76,15,1,12,7
6,62,15,21,17,19
7.6129,74,15,19,7,6,17
5.80645,68,15,13,15,20,2
5.87097,66,15,8,10,1
4,62,15,2,6
4.77419,100,15,6,21,3,6
3.22581,86,15,4,10
4.70968,102,15,17,9,4
3.48387,78,15,2,9
4,62,15,5,19
5.41935,80,15,4,15,21,10
7.6129,74,15,11,19,22,21
4.51613,108,15,6,2,5
7.6129,74,15,1,8,3,9
5.41935,80,15,17,17,17,14,5
3.74194,70,15,6,10
4.96774,94,15,16,10,4
3.54839,76,15,13,1
6,62,15,3,8,2
3.80645,68,15,16,12
6.90323,96,15,19,1,22,5
6.83871,98,15,16,10,1,17
9.16129,88,15,14,18,10,5,7
5.35484,82,15,18,6,16
3.67742,72,15,13,12,12,15
5.6129,74,15,8,11,17
4.19355,118,15,21,5,13
9.35484,82,15,22,13,2,20,7
5.54839,76,15,14,4,13,15
5.80645,68,15,11,20,2
4.90323,96,15,12,9,7
5.80645,68,15,17,19,9
7.54839,76,15,14,22,16,11
7.54839,76,15,3,16,9,16,9,11
7.6129,74,15,3,1,3,21,12
6.25806,116,15,12,14,4,9
7.03226,92,15,8,9,10,21
5.87097,66,15,3,14,4
6,62,15,2,21,20
9.41936,80,15,7,22,10,16,14
5.67742,72,15,1,8,6
3.80645,68,15,11,4
2.96774,94,15,10,13
3.93548,64,15,13,3
5.16129,88,15,5,1,2
5.54839,76,15,11,2,12
4,62,15,6,11
3.16129,88,15,10,20
4.58065,106,15,5,1,5,6
5.93548,64,15,18,20,4
5.29032,84,15,4,6,20
7.29032,84,15,15,21,14,20,6
3.67742,72,15,6,5
9.54839,76,15,22,7,17,5,17,21
6,62,15,9,8,19
3.87097,66,15,12,12,5
3.16129,88,15,10,20
3.74194,70,15,13,19
5.80645,68,15,5,1,9
5.80645,68,15,17,4,2
5.93548,64,15,12,20,14
7.80645,68,15,14,14,14,17,7,18
5.22581,86,15,12,14,2,15
3.87097,66,15,10,14
3.87097,66,15,10,3
9.54839,76,15,18,7,17,21,4
4.70968,102,15,6,20,6,1
4.90323,96,15,7,5,6
5.48387,78,15,7,2,16
5.80645,68,15,20,3,14
3.87097,66,15,3,6
3.87097,66,15,12,5
3.6129,74,15,10,12
5.41935,80,15,12,20,17
5.35484,82,15,14,13,17
3.16129,88,15,5,2
4,62,15,4,8
7.48387,78,15,8,21,4,14
7.54839,76,15,18,8,18,18,11,2
3.67742,72,15,13,6,15
3.87097,66,15,11,13
5.16129,88,15,21,16,12
5.67742,72,15,17,18,2
3.48387,78,15,20,9
5.54839,76,15,4,15,11,15,8
5.35484,82,15,3,2,18
9.87097,66,15,15,7,7,19,19,14,11,16
7.22581,86,15,4,2,12,22
5.6129,74,15,2,19,3
3.29032,84,15,20,20,5
3.74194,70,15,13,19
5.54839,76,15,8,9,14
7.54839,76,15,22,7,13,17
3.93548,64,15,5,8
7.54839,76,15,14,22,6,22,20
3.48387,78,15,2,16
5.74194,70,15,22,7,16,22
5.16129,88,15,3,22,1
3.93548,64,15,13,3
3.48387,78,15,16,2
7.87097,66,15,7,19,3,16
7.74194,70,15,8,19,12,1
5.74194,70,15,17,17,10,8
7.93548,64,15,12,12,3,2,20
7.29032,84,15,8,3,2,6
5.80645,68,15,9,5,10,15
4.90323,96,15,8,17,13
5.67742,72,15,12,20,19
5.54839,76,15,1,12,7
5.80645,68,15,5,5,1,9
5.54839,76,15,19,4,4,3
5.87097,66,15,2,14,7
7.22581,86,15,15,18,1,3,17
7.80645,68,15,18,7,14,10
7.48387,78,15,22,16,10,7
7.93548,64,15,22,8,18,11
7.67742,72,15,15,22,7,5,11
3.48387,78,15,5,12
5.16129,88,15,9,10,2
7.80645,68,15,19,14,11,22
11.2903,84,15,14,21,11,1,8,16
3.80645,68,15,13,18
5.03226,92,15,10,19,20
5.80645,68,15,17,10,19
7.16129,88,15,7,5,9,12
5.80645,68,15,21,10,21,18
5.35484,82,15,8,10,10,22
5.74194,70,15,10,5,22
5.41935,80,15,20,11,12
3.09677,90,15,10,4
7.87097,66,15,18,12,14,9
3.16129,88,15,10,20
7.29032,84,15,11,14,3,3,20
7.09677,90,15,12,1,3,9
4.90323,96,15,11,21,10
7.35484,82,15,19,1,3,6
3.67742,72,15,1,13
5.16129,88,15,19,13,11
6,62,15,21,6,19
3.74194,70,15,14,16,15
5.16129,88,15,10,5,2
7.16129,88,15,7,20,3,16
5.35484,82,15,2,18,11
3.41935,80,15,5,21
5.67742,72,15,9,22,17
9.48387,78,15,21,12,21,18,18,8,16
3.87097,66,15,4,13,15
6.90323,96,15,12,3,7,9
5.03226,92,15,6,4,9
5.03226,92,15,17,12,9
7.6129,74,15,22,7,9,9,3
5.16129,88,15,3,5,19
7.22581,86,15,15,12,19,22,3
7.80645,68,15,18,11,12,13
5.80645,68,15,14,12,5
6,62,15,6,8,19
5.67742,72,15,7,5,19
7.80645,68,15,16,15,18,14,6
3.80645,68,15,4,11
3.16129,88,15,16,16,13
4.83871,98,15,21,16,2
6.51613,108,15,11,9,10,4
5.74194,70,15,10,8,1
5.22581,86,15,6,6,22,6,9
4,62,15,13,22
3.74194,70,15,6,10
3.67742,72,15,8,16,15
6.77419,100,15,16,22,7,5
4.96774,94,15,6,12,17
6.77419,100,15,7,16,11,6
5.16129,88,15,9,10,2
6,62,15,22,11,21
5.54839,76,15,6,17,16
4,62,15,1,2
3.80645,68,15,13,18
7.74194,70,15,22,18,14,22,11
7.35484,82,15,3,1,19,10
5.74194,70,15,10,5,22
5.35484,82,15,14,9,21
3.09677,90,15,5,20
7.74194,70,15,19,22,4,21
5.93548,64,15,22,10,19
5.67742,72,15,17,18,2
5.80645,68,15,11,11,3,22
7.54839,76,15,17,15,9,1,16
3.93548,64,15,5,18
4,62,15,21,13,15
2.96774,94,15,13,5
5.48387,78,15,12,22,20
5.16129,88,15,7,5,12
5.87097,66,15,13,15,12,14
4.90323,96,15,10,8,17
7.6129,74,15,8,5,9,11
5.74194,70,15,6,6,22,9
3.80645,68,15,13,18
3.93548,64,15,5,8
5.6129,74,15,8,22,3
9.48387,78,15,19,1,3,8,2
5.67742,72,15,20,15,15,12,4
5.93548,64,15,15,17,7,15,20
5.29032,84,15,18,9,20
5.35484,82,15,3,22,12
5.16129,88,15,13,15,3,9
6,62,15,12,2,3
6,62,15,16,9,22
3.29032,84,15,9,13
5.48387,78,15,11,20,21
7.16129,88,15,18,4,2,19
3.93548,64,15,19,9,15
5.16129,88,15,20,3,10
7.93548,64,15,22,7,7,17,13
3.48387,78,15,5,12
5.74194,70,15,10,17,22
6.25806,116,15,12,14,20,10
7.48387,78,15,1,9,5,8
3.80645,68,15,15,16,12
3.09677,90,15,5,20
4,62,15,5,19
6.64516,104,15,14,8,16,13
5.41935,80,15,14,13,8
7.93548,64,15,8,3,1,12
7.48387,78,15,22,15,8,16,3
5.03226,92,15,10,1,6
3.87097,66,15,9,12
4,62,15,13,14
7.54839,76,15,22,16,5,14
3.80645,68,15,20,6
3.67742,72,15,17,8,15
5.16129,88,15,12,12,17,14
6.90323,96,15,22,17,9,2
5.29032,84,15,2,11,5
7.6129,74,15,6,21,14,4
5.74194,70,15,9,16,12
6,62,15,16,8,11
6,62,15,11,3,2
6,62,15,7,3,16
5.80645,68,15,22,5,19
5.35484,82,15,16,17,10
7.54839,76,15,14,18,9,22
3.6129,74,15,12,1,15
8,62,15,21,2,7,18
5.29032,84,15,10,8,16
5.93548,64,15,12,14,13
3.54839,76,15,9,6
7.29032,84,15,14,22,17,1
7.16129,88,15,21,22,12,9
3.41935,80,15,5,21
6.96774,94,15,15,10,16,10,9,9,2
7.93548,64,15,21,12,19,16
5.48387,78,15,3,13,6
4,62,15,5,19
3.87097,66,15,6,16
3.87097,66,15,11,13
7.54839,76,15,22,20,21,17
7.29032,84,15,21,1,16,3
8.25806,116,15,7,8,12,2,10
5.67742,72,15,13,7,21
7.67742,72,15,19,16,5,18
5.67742,72,15,4,18,22
6,62,15,11,14,1
5.87097,66,15,21,11,7
3.74194,70,15,13,8
3.48387,78,15,2,16
5.80645,68,15,12,19,17
5.67742,72,15,21,15,13,14
3.67742,72,15,13,17
5.41935,80,15,6,18,2
4.83871,98,15,4,2,5
5.74194,70,15,1,21,2
4.70968,102,15,8,20,9
5.93548,64,15,14,20,20,3
3.87097,66,15,10,3
9.41936,80,15,11,8,19,3,21
5.22581,86,15,20,7,1
5.16129,88,15,13,6,12
4,62,15,6,1
5.54839,76,15,20,15,12,22
3.29032,84,15,20,10
5.35484,82,15,18,16,20
5.80645,68,15,1,12,18
2.96774,94,15,5,4
5.29032,84,15,20,8,16
7.03226,92,15,18,2,13,17
3.93548,64,15,12,10
3.67742,72,15,1,17
7.48387,78,15,22,1,14,2
7.6129,74,15,22,18,5,17
5.67742,72,15,18,1,16,18
7.93548,64,15,19,8,9,11
5.6129,74,15,8,10,19
5.35484,82,15,8,10,22
5.29032,84,15,16,19,4
7.93548,64,15,3,14,21,18
4.70968,102,15,8,13,1
5.22581,86,15,11,16,21
7.80645,68,15,7,12,19,16
9.80645,68,15,7,19,1,1,11,21
7.93548,64,15,14,12,22,21
4.96774,94,15,15,17,1,2
5.87097,66,15,10,10,10,11,8
2.96774,94,15,13,10
5.16129,88,15,16,16,22,15,1
5.74194,70,15,17,2,21
4.90323,96,15,4,6,5
11.5484,76,15,18,22,14,3,11,19
5.54839,76,15,17,13,21
7.67742,72,15,18,21,21,19,2
7.87097,66,15,15,7,3,21,21,3,19
5.54839,76,15,10,19,7
5.41935,80,15,15,12,4,17
5.48387,78,15,8,16,7
7.16129,88,15,22,6,17,12
5.74194,70,15,19,2,22
