5.6129,74,21,11,9,3
3.74194,70,21,2,6,21
3.09677,90,21,5,12
5.93548,64,21,19,22,9
5.6129,74,21,1,14,9
5.87097,66,21,22,21,3,13
3.09677,90,21,9,2
7.48387,78,21,15,11,3,9
5.6129,74,21,10,5,8
7.16129,88,21,4,3,14,17
5.6129,74,21,20,15,20,7
5.87097,66,21,6,14,21,7
5.03226,92,21,8,3,13,8
5.6129,74,21,22,3,9
2.83871,98,21,16,13
3.6129,74,21,20,10
7.6129,74,21,19,15,14,10
9.41935,80,21,1,8,14,11,16
5.6129,74,21,11,15,6
5.22581,86,21,11,16,12
5.41935,80,21,20,11,7
3.09677,90,21,9,2
6.77419,100,21,14,10,16,20
5.80645,68,21,7,6,6,7,5
5.6129,74,21,6,12,13
7.35484,82,21,15,14,1,4
4.77419,100,21,11,9,13
4,62,21,3,17
8.90323,96,21,8,11,18,19,13
3.6129,74,21,10,15
7.54839,76,21,3,14,8,4
7.16129,88,21,18,19,21,7,16
5.03226,92,21,8,17,13
5.67742,72,21,1,7,6
5.67742,72,21,4,6,3
7.22581,86,21,22,3,3,11,20
3.35484,82,21,13,5
4,62,21,6,1
7.80645,68,21,19,18,19,19,20,19,8
3.67742,72,21,16,7
3.29032,84,21,16,6
3.74194,70,21,2,5
7.48387,78,21,18,14,17,19
5.09677,90,21,9,11,22
5.29032,84,21,1,7,7,20
7.74194,70,21,15,2,12,2,4
6.96774,94,21,4,20,12,17
4.90323,96,21,13,15,13,1
5.80645,68,21,11,10,1
4,62,21,16,18
4.77419,100,21,7,10,6
4.96774,94,21,12,20,21,5
4.64516,104,21,20,17,1
5.93548,64,21,18,6,13
7.48387,78,21,14,7,20,15
5.35484,82,21,17,14,9
4.64516,104,21,4,13,21,13,10
3.74194,70,21,1,13
5.35484,82,21,18,5,5,14
5.03226,92,21,11,20,19
6.96774,94,21,7,1,7,17,8
5.54839,76,21,22,13,15
5.87097,66,21,15,3,4
5.67742,72,21,19,9,22
10.2581,116,21,18,14,11,16,9,9,13
5.48387,78,21,6,12,4
5.74194,70,21,20,14,7,21
2.70968,102,21,5,20
3.54839,76,21,13,9
3.80645,68,21,1,6
6,62,21,7,2,22
2.77419,100,21,10,4
5.74194,70,21,11,11,22,18
3.74194,70,21,11,17
5.09677,90,21,22,11,17
5.80645,68,21,18,14,21,16
3.6129,74,21,5,19
5.87097,66,21,3,1,3,13
3.35484,82,21,21,5,22
7.48387,78,21,19,9,10,14
3.54839,76,21,1,2,21
5.35484,82,21,3,13,22
5.74194,70,21,12,6,15
5.54839,76,21,9,16,7
7.29032,84,21,6,15,19,2
4.90323,96,21,22,4,9
7.29032,84,21,18,21,8,15,13
3.74194,70,21,9,14
6.90323,96,21,14,22,14,17,11
6,62,21,8,18,20
5.6129,74,21,11,2,12
7.35484,82,21,1,8,3,6
3.6129,74,21,5,19
5.80645,68,21,7,19,13
5.54839,76,21,12,7,10
3.87097,66,21,9,18
7.87097,66,21,3,1,8,7
2.83871,98,21,16,13
5.80645,68,21,15,20,22
4.83871,98,21,8,9,4
4.90323,96,21,22,2,10
5.6129,74,21,1,1,15,6
7.80645,68,21,13,13,2,7,18
3.03226,92,21,16,16,4
3.87097,66,21,10,21,17
3.87097,66,21,2,16
5.35484,82,21,2,21,4,14,2
7.67742,72,21,18,14,12,9
9.09678,90,21,14,19,18,12,20,18
7.16129,88,21,7,3,14,3,10
5.41935,80,21,14,5,22
5.93548,64,21,13,18,15
3.80645,68,21,6,9
5.41935,80,21,12,17,19
5.41935,80,21,17,9,18
3.93548,64,21,9,19
7.48387,78,21,15,7,13,7,9
4.96774,94,21,2,1,13
5.22581,86,21,6,2,18
7.41935,80,21,12,20,4,4,22
3.80645,68,21,20,16
5.35484,82,21,17,5,18
4.45161,110,21,17,9,4
5.41935,80,21,13,15,9
5.41935,80,21,18,2,19
4.83871,98,21,19,16,13
6,62,21,17,7,7,8
5.74194,70,21,6,13,22
5.29032,84,21,20,21,16,17
6,62,21,14,20,7
3.03226,92,21,1,5,21
7.48387,78,21,19,15,4,12
7.6129,74,21,14,19,5,18
3.80645,68,21,16,14
6,62,21,18,11,8,18
3.87097,66,21,21,11,4
4.83871,98,21,8,5,6
5.22581,86,21,13,3,10
5.74194,70,21,4,22,16
7.41935,80,21,3,18,14,10
5.09677,90,21,21,4,17,12
3.80645,68,21,11,6
2.90323,96,21,9,9,13
8.96774,94,21,7,14,20,2,6
7.54839,76,21,2,4,13,8
4.77419,100,21,7,15,21,15,10,21
6.96774,94,21,7,15,5,12
5.67742,72,21,19,17,16
7.48387,78,21,11,3,11,9,19
3.87097,66,21,6,6,16
5.35484,82,21,12,16,17
5.93548,64,21,18,7,9
3.09677,90,21,5,12
5.35484,82,21,20,20,20,11,22
3.80645,68,21,20,16
6,62,21,15,11,10
6,62,21,6,15,12
5.6129,74,21,21,14,5,18
3.80645,68,21,20,16
5.87097,66,21,18,17,10
5.74194,70,21,1,15,17
9.29032,84,21,2,12,14,8,20
5.80645,68,21,7,2,19
2.83871,98,21,16,13
3.80645,68,21,1,7,21
3.09677,90,21,9,2
3.93548,64,21,18,6,21
5.09677,90,21,18,13,11
5.48387,78,21,4,19,5
7.87097,66,21,17,9,10,16
3.16129,88,21,16,20
5.09677,90,21,2,6,3
3.54839,76,21,10,22
5.74194,70,21,4,2,17
5.67742,72,21,22,13,7
3.74194,70,21,9,17
7.29032,84,21,2,8,1,8,10
5.54839,76,21,17,16,8
3.41935,80,21,5,3
5.6129,74,21,17,16,19
9.41936,80,21,14,11,8,19,13
7.54839,76,21,7,11,8,22
5.35484,82,21,20,11,22
4.70968,102,21,18,4,16
5.87097,66,21,15,16,17
8.3871,112,21,19,18,14,4,16
3.54839,76,21,5,8
6.45161,110,21,8,21,15,20,10
5.67742,72,21,4,18,18,18,16
5.29032,84,21,22,20,6
4,62,21,15,13,21
3.48387,78,21,16,12
4.70968,102,21,13,17,20
5.67742,72,21,19,13,12
4.51613,108,21,16,5,13
7.03226,92,21,12,14,6,3
3.54839,76,21,20,11,21
3.54839,76,21,10,14
7.09677,90,21,19,11,5,3
4.45161,110,21,3,4,5
3.41935,80,21,21,10,7
5.54839,76,21,1,2,12
5.74194,70,21,12,22,3
5.87097,66,21,3,12,7,21
4.77419,100,21,12,9,6
5.29032,84,21,10,9,12
5.41935,80,21,21,16,10,3
5.93548,64,21,3,21,22,20
3.87097,66,21,2,9
2.90323,96,21,9,4
3.67742,72,21,6,5
5.87097,66,21,1,16,19
4.77419,100,21,19,10,4
7.29032,84,21,11,1,18,20
7.41935,80,21,18,21,15,20,14
5.74194,70,21,9,5,11
5.67742,72,21,11,7,6
8,62,21,15,11,19,14
7.54839,76,21,7,3,18,12
7.74194,70,21,17,7,22,12
4,62,21,6,1
4.51613,108,21,18,5,13
5.29032,84,21,22,6,5
3.6129,74,21,10,15
5.87097,66,21,8,11,4
4.96774,94,21,12,13,5
5.48387,78,21,22,2,17
3.41935,80,21,13,16
3.74194,70,21,6,10
3.74194,70,21,1,13
5.41935,80,21,6,21,17,8
7.54839,76,21,3,3,18,22,8
5.29032,84,21,4,4,18,13
7.67742,72,21,2,3,1,14
5.09677,90,21,17,4,3
7.74194,70,21,12,14,14,3,9
5.67742,72,21,22,21,11,2
8,62,21,21,18,15,7,16
4.58065,106,21,3,5,6
4.45161,110,21,3,5,5,20
6.45161,110,21,15,10,16,13
5.41935,80,21,19,21,9,16,19
3.54839,76,21,5,18
7.29032,84,21,19,15,15,11,15,2
4.77419,100,21,22,4,5
4.96774,94,21,21,16,19,4
5.87097,66,21,14,16,22
3.6129,74,21,20,10
3.80645,68,21,17,1
6,62,21,3,3,20,12
3.6129,74,21,20,5
5.6129,74,21,1,14,13
2.83871,98,21,10,2
3.87097,66,21,20,18,21
5.03226,92,21,18,9,20
5.16129,88,21,2,4,9
3.67742,72,21,2,2,10
6.45161,110,21,12,10,5,6
5.03226,92,21,21,11,9,6
3.41935,80,21,13,16
9.29032,84,21,8,8,3,18,7,1
5.6129,74,21,6,12,13
7.6129,74,21,12,20,7,6
7.35484,82,21,5,10,9,14
7.09677,90,21,18,21,2,22,1
7.16129,88,21,19,8,4,3
5.09677,90,21,14,4,4,4,9
5.35484,82,21,18,4,19
4.77419,100,21,11,9,4
3.93548,64,21,9,19
7.29032,84,21,7,16,5,16,3
3.35484,82,21,16,1,21
4.70968,102,21,2,6,5
5.80645,68,21,15,21,15,5,11
5.67742,72,21,13,20,8
5.29032,84,21,11,22,4
3.54839,76,21,10,22
7.74194,70,21,6,15,22,2
5.48387,78,21,2,17,18
5.09677,90,21,8,20,17
6,62,21,9,11,9,10
4.77419,100,21,3,16,20
3.87097,66,21,9,8
7.48387,78,21,8,21,13,4,17
7.93548,64,21,8,7,8,14,1
2.58065,106,21,5,4
5.67742,72,21,1,1,8,21,3
2.90323,96,21,9,4
6,62,21,21,13,3,11
9.35484,82,21,8,18,14,22,13
7.67742,72,21,21,19,8,15,11
5.87097,66,21,15,16,17
5.93548,64,21,7,20,4
4.96774,94,21,16,19,20
3.87097,66,21,17,3
5.74194,70,21,21,1,9,17
7.93548,64,21,7,1,10,9
5.67742,72,21,20,12,17
4.83871,98,21,18,2,9
2.51613,108,21,5,5,13
5.93548,64,21,7,3,2
3.09677,90,21,9,2
5.93548,64,21,19,19,12,3,21
5.87097,66,21,4,7,4,14
7.67742,72,21,14,11,2,2,4
3.67742,72,21,4,9
3.74194,70,21,10,8
3.74194,70,21,21,4,16
5.54839,76,21,1,5,8
5.29032,84,21,18,13,3
7.22581,86,21,5,21,15,22,12
5.6129,74,21,14,13,18
5.6129,74,21,2,18,2,22
3.87097,66,21,21,10,11
5.41935,80,21,12,17,14
5.22581,86,21,6,6,2,18
5.09677,90,21,14,20,10
5.03226,92,21,4,4,1,4,19
5.74194,70,21,7,13,22
6.70968,102,21,8,11,3,21,5
5.22581,86,21,11,20,7
6.83871,98,21,22,3,12,5
7.93548,64,21,21,8,14,15,16
5.41935,80,21,6,19,5
5.67742,72,21,22,20,15
5.80645,68,21,14,4,8
3.41935,80,21,13,16
5.87097,66,21,18,9,19
9.48387,78,21,7,17,15,19,16
4,62,21,15,13,21
5.80645,68,21,18,1,7
4,62,21,3,17
7.6129,74,21,8,12,18,17
7.41935,80,21,12,3,14,11,21
5.54839,76,21,3,20,3,22
3.03226,92,21,10,6
5.93548,64,21,14,14,9,18
7.03226,92,21,6,7,2,11
5.41935,80,21,2,1,7
5.93548,64,21,20,19,19,15
6.70968,102,21,11,9,5,6
4.51613,108,21,11,2,16
7.35484,82,21,20,18,18,19,16
7.6129,74,21,18,7,13,12
4.77419,100,21,6,12,5
5.74194,70,21,7,17,20
4.90323,96,21,12,5,5,12,17
7.16129,88,21,4,12,13,3
3.74194,70,21,4,16
5.93548,64,21,9,16,19
5.74194,70,21,11,14,17
5.48387,78,21,11,7,8
5.6129,74,21,14,6,20
4.64516,104,21,21,1,16,13
2.58065,106,21,5,4
5.93548,64,21,8,3,17
3.09677,90,21,5,12
3.93548,64,21,13,1
7.09677,90,21,4,14,3,10
5.67742,72,21,22,3,7
4.90323,96,21,13,21,13,17,8
5.80645,68,21,11,16,19
3.80645,68,21,20,16
5.6129,74,21,11,9,14
4.64516,104,21,3,4,16
5.41935,80,21,11,11,9,7
5.87097,66,21,22,1,5
6,62,21,12,18,20
3.80645,68,21,1,7,21
4.77419,100,21,11,20,17
3.29032,84,21,16,6
3.74194,70,21,11,11,17
5.54839,76,21,13,3,2
5.74194,70,21,7,6,1
5.16129,88,21,3,6,17
4.77419,100,21,8,5,2
5.67742,72,21,2,18,16
6.90323,96,21,11,1,11,7,9
6,62,21,21,19,22,13
5.54839,76,21,19,2,15
5.6129,74,21,1,14,13
3.6129,74,21,20,5
3.48387,78,21,9,12
5.67742,72,21,14,16,7
5.09677,90,21,2,13,10
5.67742,72,21,1,16,15
7.80645,68,21,15,16,11,8
2.77419,100,21,10,4
4.90323,96,21,12,4,5
2.90323,96,21,9,4
3.87097,66,21,9,8
7.6129,74,21,11,1,7,14
5.03226,92,21,1,2,18
5.48387,78,21,15,3,17
5.74194,70,21,8,11,16,8
5.48387,78,21,7,1,20
5.80645,68,21,13,13,22,6
6,62,21,2,18,8
6.83871,98,21,18,10,16,6
4.77419,100,21,6,13,16
7.54839,76,21,18,3,14,6
3.03226,92,21,16,4
4.90323,96,21,13,17,4
4.77419,100,21,18,5,2
7.80645,68,21,19,14,11,15
7.80645,68,21,14,11,15,17
5.54839,76,21,8,20,15
4.77419,100,21,16,5,2
5.09677,90,21,1,9,2
3.54839,76,21,15,16,21
3.6129,74,21,5,5,19
5.41935,80,21,13,15,4
5.93548,64,21,11,8,8,10
3.80645,68,21,6,9
5.80645,68,21,21,2,11,16
5.80645,68,21,10,21,7,14
7.93548,64,21,21,14,15,17,6
5.6129,74,21,14,19,6,14
5.74194,70,21,21,8,2,3
5.93548,64,21,19,3,5
3.16129,88,21,16,20
3.87097,66,21,6,16
7.87097,66,21,3,15,22,14
4.90323,96,21,3,20,16
2.83871,98,21,10,20
5.6129,74,21,20,6,7
5.48387,78,21,18,12,11,21
7.74194,70,21,15,19,11,20
5.74194,70,21,13,2,17
3.93548,64,21,21,13,1
6,62,21,17,22,22,21,7
6,62,21,7,4,4,14
5.74194,70,21,20,13,3
5.48387,78,21,17,19,17,10
3.74194,70,21,9,14
5.16129,88,21,18,20,2,18
2.64516,104,21,10,13
5.74194,70,21,19,7,9
7.74194,70,21,2,15,19,3
2.90323,96,21,11,5,21
8,62,21,13,12,3,1
5.54839,76,21,8,7,7,10
5.87097,66,21,21,1,16,19
3.22581,86,21,5,7
7.54839,76,21,19,1,14,6
3.80645,68,21,17,1
7.16129,88,21,4,8,3,13
5.29032,84,21,10,1,12
2.83871,98,21,10,2
5.54839,76,21,20,2,9
6,62,21,7,11,12
3.74194,70,21,1,17
5.67742,72,21,12,1,2
3.6129,74,21,5,19
3.87097,66,21,17,3
7.93548,64,21,2,19,18,14
5.48387,78,21,18,6,8
5.6129,74,21,12,22,21,13
3.48387,78,21,2,17,21
7.22581,86,21,8,11,20,15
3.93548,64,21,9,19
5.67742,72,21,18,21,12,10
3.41935,80,21,13,16
5.35484,82,21,2,2,12,2,9
3.80645,68,21,6,9
5.93548,64,21,3,14,9
5.41935,80,21,3,5,3,20
7.48387,78,21,13,13,22,7,4
5.54839,76,21,18,5,8
3.09677,90,21,9,2
2.83871,98,21,16,13
5.54839,76,21,3,20,22
5.67742,72,21,18,4,7
5.67742,72,21,13,15,6
5.74194,70,21,16,10,11
5.09677,90,21,20,21,9,22
5.29032,84,21,12,10,18
3.54839,76,21,5,8
7.29032,84,21,17,7,6,7,6,7,3
5.6129,74,21,12,22,10
5.48387,78,21,7,6,10
5.6129,74,21,14,13,21,19
2.64516,104,21,10,13
9.67742,72,21,2,13,12,14,7
5.6129,74,21,21,20,7,3
5.48387,78,21,6,14,6,19
3.87097,66,21,10,11
3.35484,82,21,5,14
7.87097,66,21,18,8,3,16
5.87097,66,21,20,11,19
5.54839,76,21,22,20,8
7.48387,78,21,8,18,19,19,13
4.83871,98,21,15,5,2
5.48387,78,21,12,6,18
8.83871,98,21,18,19,12,19,19,11,13
9.22581,86,21,15,19,22,19,18,22,12
5.6129,74,21,1,14,13
3.6129,74,21,10,15
5.6129,74,21,9,5,17
5.48387,78,21,13,18,1
5.93548,64,21,11,12,19
4.64516,104,21,13,17,1
5.48387,78,21,18,6,8
3.35484,82,21,13,5
5.6129,74,21,7,16,22
6.25806,116,21,21,3,9,5,4
5.74194,70,21,20,20,8,8,15
5.41935,80,21,13,8,7
5.6129,74,21,10,5,8
7.48387,78,21,19,3,1,2
3.48387,78,21,2,17,21
5.09677,90,21,1,12,16
7.16129,88,21,11,21,22,19,6
7.93548,64,21,15,22,19,4
7.93548,64,21,2,7,15,8
4.77419,100,21,19,10,4
7.22581,86,21,19,15,16,3
5.48387,78,21,20,7,21,3
6,62,21,19,16,8
7.87097,66,21,14,19,9,19,14,14,4
11.1613,88,21,21,22,7,19,3,11,15
3.03226,92,21,10,6
5.54839,76,21,4,14,10
5.16129,88,21,13,6,9
5.67742,72,21,7,20,8
5.80645,68,21,1,8,20
2.90323,96,21,5,21,22,5
5.93548,64,21,15,21,5,16
4.51613,108,21,3,5,2
5.35484,82,21,9,11,10
5.16129,88,21,13,8,5
7.67742,72,21,15,8,19,20
5.67742,72,21,22,21,13,19
5.48387,78,21,10,1,16
5.6129,74,21,22,4,8
7.80645,68,21,15,19,1,7
5.35484,82,21,8,6,8,20
7.48387,78,21,18,19,7,16
7.09677,90,21,12,1,18,5
3.93548,64,21,22,13,21
5.87097,66,21,8,22,22,4
5.87097,66,21,2,4,8
3.48387,78,21,9,12
7.16129,88,21,4,18,7,20
3.80645,68,21,9,15
3.93548,64,21,17,13
5.54839,76,21,10,9,3
5.87097,66,21,17,9,17,22
6.96774,94,21,13,6,22,5
5.67742,72,21,20,3,7
5.54839,76,21,7,10,19
5.35484,82,21,3,9,22
5.35484,82,21,3,7,16
9.87097,66,21,4,13,7,22,22,17
2.58065,106,21,5,4
4.25806,116,21,6,20,10
7.22581,86,21,8,14,1,13
7.22581,86,21,3,15,19,17
7.35484,82,21,8,11,3,21,1
5.87097,66,21,15,16,17
4.96774,94,21,12,13,5
3.16129,88,21,16,2
7.22581,86,21,21,19,8,19,16,12
7.67742,72,21,11,16,9,19
3.87097,66,21,6,16
7.80645,68,21,8,8,22,7,12
3.67742,72,21,16,7
3.80645,68,21,17,1
3.03226,92,21,16,5,21
5.74194,70,21,17,22,10
5.35484,82,21,1,15,9
5.22581,86,21,11,5,22
6,62,21,8,10,1
7.48387,78,21,7,18,12,17
7.22581,86,21,19,12,7,13
2.77419,100,21,5,2
5.87097,66,21,2,14,6
5.48387,78,21,12,4,1
3.6129,74,21,5,19
5.03226,92,21,2,17,12
5.41935,80,21,18,2,11
6.90323,96,21,15,11,18,18,13
3.48387,78,21,9,21,16
7.48387,78,21,18,19,16,14
5.41935,80,21,13,11,18
6,62,21,8,15,3
5.16129,88,21,3,5,15
5.93548,64,21,1,18,12
7.74194,70,21,7,21,8,18,10
5.80645,68,21,20,13,22
5.67742,72,21,2,15,1
5.67742,72,21,13,17,22
5.29032,84,21,21,20,1,20,22
7.48387,78,21,14,2,7,8
3.09677,90,21,5,12
5.09677,90,21,4,20,9
4,62,21,3,17
5.48387,78,21,8,2,18
3.54839,76,21,4,5
5.48387,78,21,12,16,8
5.54839,76,21,20,4,19
5.41935,80,21,22,12,16
7.80645,68,21,20,2,7,19
5.29032,84,21,13,19,10
3.29032,84,21,16,6
7.41935,80,21,22,22,16,5,18
7.54839,76,21,3,14,20,12
5.87097,66,21,12,4,3
5.48387,78,21,18,18,20,22
7.67742,72,21,11,14,12,19
3.80645,68,21,11,6
2.58065,106,21,5,4
5.09677,90,21,11,20,18
5.41935,80,21,8,17,19
8.64516,104,21,15,18,14,4,16
5.41935,80,21,6,19,5
5.6129,74,21,21,3,4,4,7
6.64516,104,21,11,16,9,13
7.67742,72,21,14,22,14,16,1
4,62,21,6,11
5.16129,88,21,4,11,22
5.80645,68,21,18,17,19
5.09677,90,21,3,5,22
3.93548,64,21,21,16,21,11
8,62,21,14,7,13,2
3.74194,70,21,11,11,17
7.35484,82,21,11,12,3,20
5.74194,70,21,20,3,15
3.93548,64,21,11,13
3.67742,72,21,2,10
7.48387,78,21,17,22,18,22,13
3.74194,70,21,10,18
5.54839,76,21,6,8,7
6,62,21,13,3,12
5.80645,68,21,12,1,1,7
7.74194,70,21,20,14,18,3
3.74194,70,21,4,21,4,16
5.09677,90,21,14,20,10
4.3871,112,21,22,5,13
3.6129,74,21,5,17
5.41935,80,21,6,19,19,5
5.67742,72,21,3,20,14
6,62,21,12,21,18,2
3.41935,80,21,13,16
7.87097,66,21,7,17,19,18
5.80645,68,21,4,21,12,17
4.90323,96,21,4,6,17,4
5.74194,70,21,22,3,20
3.29032,84,21,10,10,12
5.87097,66,21,8,5,1
5.22581,86,21,18,21,1,13
8.3871,112,21,19,15,22,2,5
5.35484,82,21,11,14,14,21,11,20
3.41935,80,21,13,16
4.96774,94,21,10,21,20,19
11.0968,90,21,12,8,15,22,7,1
5.29032,84,21,1,18,13
7.87097,66,21,19,11,3,2
5.03226,92,21,1,22,10
5.80645,68,21,18,17,19
7.74194,70,21,11,11,14,18,1
5.87097,66,21,3,8,8,21,17
5.35484,82,21,7,5,18
5.41935,80,21,6,12,1
5.80645,68,21,2,1,10
4.83871,98,21,15,4,5
3.93548,64,21,13,1
5.22581,86,21,12,5,19
8,62,21,18,8,10,9
7.09677,90,21,14,15,4,1
5.41935,80,21,20,21,3,17
7.35484,82,21,18,19,21,7,3
5.67742,72,21,7,20,18
5.80645,68,21,14,10,19
5.41935,80,21,2,1,7
5.41935,80,21,3,15,5
5.74194,70,21,16,1,9
7.87097,66,21,17,7,22,21,14
5.54839,76,21,2,14,5
5.16129,88,21,12,13,9
3.67742,72,21,5,21,1
3.35484,82,21,13,10
7.93548,64,21,2,14,15,19
5.54839,76,21,21,8,22,5
3.22581,86,21,10,1,21
3.80645,68,21,17,1
7.6129,74,21,15,1,18,1,3
3.29032,84,21,16,6
5.35484,82,21,19,20,8
7.41935,80,21,12,12,14,11,13
7.87097,66,21,4,8,3,8,1
5.03226,92,21,20,6,8
4.58065,106,21,8,5,5,4
3.74194,70,21,10,8
5.35484,82,21,13,6,1
5.93548,64,21,21,4,6,19
5.93548,64,21,7,6,12
3.41935,80,21,13,16
7.16129,88,21,7,18,5,3
5.6129,74,21,1,1,3,10
5.48387,78,21,12,12,5,1
3.54839,76,21,5,18
5.54839,76,21,14,4,1
5.22581,86,21,20,8,20,1
5.74194,70,21,1,14,20
9.29032,84,21,1,8,14,15,9
5.54839,76,21,17,10,19
6,62,21,19,8,13
7.6129,74,21,18,15,8,2
5.16129,88,21,9,21,21,18,2
3.74194,70,21,1,13
5.16129,88,21,17,10,7
7.29032,84,21,20,21,20,20,13,6,14
3.87097,66,21,16,15
7.35484,82,21,14,1,3,17
4.90323,96,21,6,13,9
3.16129,88,21,16,2
4,62,21,16,8
8.51613,108,21,18,11,9,16,20
3.87097,66,21,6,16
6.96774,94,21,22,3,22,17,2
7.80645,68,21,17,15,7,12
5.67742,72,21,21,7,8,13
2.58065,106,21,5,4
7.93548,64,21,12,14,8,14,16
9.93548,64,21,2,20,12,11,1
3.67742,72,21,4,9
5.87097,66,21,12,8,6
7.54839,76,21,1,19,18,17
7.54839,76,21,4,7,7,18,17
5.09677,90,21,18,18,5,12
3.93548,64,21,11,13
5.54839,76,21,20,8,9
6,62,21,4,13,17
5.80645,68,21,20,15,12
5.29032,84,21,10,9,12
8,62,21,15,19,12,12,21,14
5.35484,82,21,20,11,22
5.74194,70,21,2,8,16
3.87097,66,21,17,20
3.54839,76,21,10,22
5.22581,86,21,13,14,5
4.83871,98,21,13,17,17,12
7.74194,70,21,4,22,18,12
5.80645,68,21,17,6,4
5.29032,84,21,14,20,16
7.74194,70,21,19,11,1,2
8,62,21,14,18,4,6
5.09677,90,21,9,11,2
5.48387,78,21,16,1,18
8.51613,108,21,15,10,16,9,4
7.6129,74,21,3,1,8,3,2
5.87097,66,21,12,11,2
5.29032,84,21,12,10,18
7.87097,66,21,17,22,19,3
5.67742,72,21,17,22,5
3.87097,66,21,5,1
5.03226,92,21,11,7,9
7.22581,86,21,17,22,6,19
5.80645,68,21,4,22,12
5.74194,70,21,15,9,22
3.74194,70,21,1,17
5.6129,74,21,13,22,8
7.22581,86,21,7,12,15,1
6.96774,94,21,20,11,3,5
5.67742,72,21,1,21,8,5
5.54839,76,21,19,9,7
5.22581,86,21,4,8,17
7.93548,64,21,19,22,22,15,9
3.67742,72,21,4,9
3.67742,72,21,4,9
7.41935,80,21,21,7,10,5,5,17
6.58065,106,21,14,19,20,5
3.6129,74,21,10,10,15
5.29032,84,21,5,9,22
5.93548,64,21,11,3,7
3.80645,68,21,16,3
7.74194,70,21,12,14,7,1
3.93548,64,21,12,1,21
5.74194,70,21,21,15,17,11
3.93548,64,21,3,20,21
7.74194,70,21,7,18,18,18,7,19,5
5.67742,72,21,2,1,18
5.22581,86,21,19,2,17
8.90323,96,21,21,14,10,9,5,12
5.93548,64,21,1,18,12
5.09677,90,21,18,16,20
4.70968,102,21,10,9,13
5.87097,66,21,7,3,15
6.64516,104,21,12,2,3,2,9
5.74194,70,21,22,11,10
6.25806,116,21,7,14,10,2
3.80645,68,21,1,4
5.87097,66,21,21,18,11,15
7.80645,68,21,19,3,16,5
5.35484,82,21,13,20,17
5.16129,88,21,13,2,10
5.09677,90,21,5,10,10,12
5.35484,82,21,3,22,1
3.54839,76,21,9,7
7.93548,64,21,8,8,11,3,7
7.29032,84,21,18,17,15,4
3.35484,82,21,5,22
5.29032,84,21,22,3,6
3.87097,66,21,2,9
6,62,21,19,15,15,5
2.70968,102,21,5,20
5.29032,84,21,15,5,7
4,62,21,6,11
2.90323,96,21,9,4
3.80645,68,21,17,1
5.54839,76,21,17,18,10
5.93548,64,21,1,16,11
5.74194,70,21,14,13,15
7.48387,78,21,7,6,22,11
3.54839,76,21,10,22
3.67742,72,21,6,5
9.87097,66,21,14,11,1,9,19
4.90323,96,21,7,20,5
5.35484,82,21,11,11,21,1,7
5.41935,80,21,4,17,14
9.16129,88,21,18,14,22,19,4
7.48387,78,21,19,14,14,20,15
5.93548,64,21,13,14,3
3.35484,82,21,5,14
5.67742,72,21,11,11,11,1,21,19
3.74194,70,21,10,18
5.6129,74,21,13,15,12
5.48387,78,21,4,14,5
5.74194,70,21,1,9,3
5.29032,84,21,7,16,9,7
5.6129,74,21,21,18,20,14
5.48387,78,21,17,14,14,6
5.93548,64,21,11,12,8
7.03226,92,21,6,18,19,4
5.29032,84,21,17,18,13
2.83871,98,21,5,6
8,62,21,18,11,1,5
3.74194,70,21,6,10
5.80645,68,21,18,17,5
4.64516,104,21,10,16,4
5.03226,92,21,19,4,1
5.35484,82,21,1,1,22,8
3.29032,84,21,19,10,21
5.09677,90,21,12,6,20
5.74194,70,21,11,2,13
5.93548,64,21,7,19,4
2.90323,96,21,9,4
5.35484,82,21,19,21,21,19,20,18
5.6129,74,21,7,1,22
5.29032,84,21,2,6,8
5.87097,66,21,12,11,12,18,21
3.93548,64,21,13,1
4.32258,114,21,3,5,4
2.64516,104,21,10,13
7.29032,84,21,17,18,15,1
3.35484,82,21,5,14
3.74194,70,21,10,18
2.77419,100,21,10,4
5.6129,74,21,6,17,22,21
6.64516,104,21,8,10,10,9,13
5.29032,84,21,19,19,6,12
5.54839,76,21,14,13,13,19
5.41935,80,21,12,2,9
3.87097,66,21,21,6,16
4.90323,96,21,2,17,20
5.67742,72,21,11,7,6
5.03226,92,21,18,9,20
5.93548,64,21,4,19,19,3
3.80645,68,21,20,16
5.22581,86,21,6,3,20
8,62,21,22,19,7,14
7.41935,80,21,1,16,10,8
5.54839,76,21,17,4,2
5.09677,90,21,13,11,2
5.41935,80,21,22,10,15
7.35484,82,21,21,11,19,8,20
6.96774,94,21,1,19,22,5
7.35484,82,21,3,1,11,12,1
5.54839,76,21,7,10,17
4,62,21,16,18
3.54839,76,21,13,9
4,62,21,16,8
5.48387,78,21,7,9,3
4.83871,98,21,13,17,2
2.64516,104,21,10,13
7.09677,90,21,18,7,3,5
5.74194,70,21,22,17,1
4.58065,106,21,8,10,13
4,62,21,16,18
6,62,21,17,7,8
5.6129,74,21,12,19,12,10
5.93548,64,21,2,15,6
8.77419,100,21,12,2,22,7,5
5.67742,72,21,3,13,20
2.90323,96,21,9,4
3.16129,88,21,16,2
5.74194,70,21,3,18,5
7.48387,78,21,14,15,8,13
3.80645,68,21,1,6
3.87097,66,21,2,9
7.67742,72,21,12,2,13,14
7.6129,74,21,9,5,10,17
5.80645,68,21,15,2,8
5.93548,64,21,14,20,14,9
3.54839,76,21,9,9,7
3.74194,70,21,9,14
5.74194,70,21,17,16,1
5.67742,72,21,13,12,21,13,20
2.83871,98,21,5,6
5.16129,88,21,13,6,9
2.83871,98,21,5,6
8,62,21,20,3,1,11
7.93548,64,21,22,22,7,22,12,11
5.48387,78,21,19,11,21,6
4.90323,96,21,22,9,2
2.64516,104,21,10,13
6.25806,116,21,18,22,9,4
4.64516,104,21,18,20,10
5.41935,80,21,4,11,10
7.16129,88,21,12,11,9,7
5.48387,78,21,2,1,15
9.93548,64,21,12,18,19,8,19,1
5.6129,74,21,18,5,17
7.87097,66,21,14,7,6,18
3.67742,72,21,2,10
7.54839,76,21,15,22,9,17
5.74194,70,21,15,12,9
5.35484,82,21,13,7,16
4.90323,96,21,12,4,5
5.54839,76,21,14,6,11
3.6129,74,21,5,17
3.67742,72,21,6,5
3.54839,76,21,5,8
5.48387,78,21,21,7,9,3
6.32258,114,21,12,8,9,4
2.70968,102,21,5,20
5.35484,82,21,19,6,2
5.48387,78,21,12,5,1
8,62,21,6,7,14,15
5.93548,64,21,4,7,12
4.77419,100,21,10,16,2
5.03226,92,21,22,16,2
5.54839,76,21,11,21,3,16
5.74194,70,21,2,7,11
4.58065,106,21,16,5,4
7.09677,90,21,22,3,14,14,3,13
8,62,21,20,14,18,22
7.54839,76,21,12,3,12,11,22
7.6129,74,21,6,7,22,10
5.54839,76,21,7,6,9
6,62,21,18,21,15,18,10
7.74194,70,21,22,5,5,10,1
5.93548,64,21,12,2,1
5.22581,86,21,6,3,20
6,62,21,15,11,10
5.16129,88,21,9,1,2
5.87097,66,21,7,4,3
3.29032,84,21,10,12
6.64516,104,21,6,4,13,10
5.80645,68,21,8,11,6
4,62,21,16,8
5.29032,84,21,2,8,13
4.77419,100,21,20,20,2,6,20
5.80645,68,21,19,10,17
3.80645,68,21,10,10,17
5.54839,76,21,2,7,21,17
5.41935,80,21,19,5,22
7.09677,90,21,2,13,20,2,2,2,6
7.87097,66,21,22,22,1,11,14
7.16129,88,21,14,18,13,19
3.41935,80,21,5,3
7.87097,66,21,22,21,12,1,9
5.93548,64,21,6,22,4
5.16129,88,21,20,8,8,13
5.54839,76,21,2,15,13
5.29032,84,21,18,17,11
3.6129,74,21,4,10
5.16129,88,21,13,6,9
5.35484,82,21,4,2,9
9.74194,70,21,7,14,18,19,19,5
7.74194,70,21,18,8,9,1
5.03226,92,21,13,19,20
3.29032,84,21,5,21,16
6.25806,116,21,8,3,5,4
5.74194,70,21,15,6,3
8.32258,114,21,17,5,9,16,9,16,4
8.12903,120,21,7,15,17,10,13
3.80645,68,21,11,6
5.54839,76,21,15,21,3,15,8
5.03226,92,21,14,16,4
5.87097,66,21,10,21,12,3
7.03226,92,21,19,3,9,22
5.54839,76,21,15,9,12
5.93548,64,21,12,3,6
6.70968,102,21,15,11,15,12,10
6,62,21,7,21,14,7,13
8,62,21,14,15,1,3
5.41935,80,21,5,21,7,8
5.48387,78,21,20,14,10
