5.09677,90,17,19,12,5
5.09677,90,17,7,2,2,9
3.74194,70,17,4,8
5.29032,84,17,18,20,7
7.41935,80,17,22,7,12,16
3.54839,76,17,3,5
3.16129,88,17,2,16
4,62,17,8,9
3.80645,68,17,4,18
7.41935,80,17,16,9,3,18
3.16129,88,17,10,1,17
3.80645,68,17,6,3
5.87097,66,17,22,17,19,10
3.16129,88,17,1,13
11.4839,78,17,15,22,15,19,1,11,21
3.54839,76,17,10,6
4,62,17,2,14
5.54839,76,17,14,21,9
3.48387,78,17,4,1
7.80645,68,17,21,14,12,12,3,14
5.87097,66,17,10,19,3
5.35484,82,17,14,3,6
5.93548,64,17,10,19,15
7.35484,82,17,14,19,3,13
3.80645,68,17,6,6,3
4,62,17,6,2
4.90323,96,17,22,10,6
3.80645,68,17,1,12
4.3871,112,17,4,2,2,4,5
3.93548,64,17,11,16
5.87097,66,17,18,7,11
6.64516,104,17,22,14,20,20,16
5.22581,86,17,16,8,6
6,62,17,14,18,10
4,62,17,19,20
5.41935,80,17,7,17,21,9
5.54839,76,17,18,11,7
9.67742,72,17,22,22,15,19,2,13
3.16129,88,17,1,13
5.54839,76,17,13,4,3
3.48387,78,17,20,1
3.03226,92,17,20,9
5.74194,70,17,8,7,21
3.87097,66,17,2,17,14
5.74194,70,17,9,11,18
7.09677,90,17,15,8,21,16
3.03226,92,17,20,16
3.74194,70,17,20,15
6,62,17,22,3,18
5.6129,74,17,12,11,14
3.54839,76,17,11,20
4.90323,96,17,7,4,9
5.09677,90,17,14,9,22
5.22581,86,17,7,11,4
2.90323,96,17,13,9
3.74194,70,17,13,22
3.29032,84,17,11,4
4,62,17,16,7
3.74194,70,17,4,8
3.48387,78,17,17,20,1
5.74194,70,17,9,3,12
5.87097,66,17,18,8,10
3.87097,66,17,21,10
3.48387,78,17,8,17,20
3.74194,70,17,6,1
4,62,17,17,1,14
5.16129,88,17,16,1,4
3.93548,64,17,14,5
2.96774,94,17,4,10
3.6129,74,17,11,7
5.35484,82,17,18,1,20
5.74194,70,17,22,9,18
4,62,17,21,16
3.67742,72,17,11,15
5.09677,90,17,12,19,20
3.74194,70,17,2,19
4.90323,96,17,19,6,12
3.93548,64,17,5,22
4,62,17,1,10
7.41935,80,17,17,22,9,5,18
6,62,17,19,12,20
5.29032,84,17,3,1,15
7.54839,76,17,18,18,1,11,21
5.6129,74,17,6,21,11
3.80645,68,17,11,5
7.6129,74,17,15,15,14,6,21
3.67742,72,17,8,17,4
5.67742,72,17,12,3,12,7
4.32258,114,17,18,5,4
5.41935,80,17,8,1,8,4
3.80645,68,17,2,8
3.22581,86,17,1,6
5.67742,72,17,15,2,15,15,11
5.67742,72,17,9,8,21
5.6129,74,17,1,8,15
5.48387,78,17,21,3,10
5.67742,72,17,12,12,3,2
5.35484,82,17,6,7,10
3.29032,84,17,5,20
5.29032,84,17,12,4,20
6,62,17,20,2,13
4,62,17,6,8
7.6129,74,17,22,15,22,4,18
6.19355,118,17,7,18,10,13
4,62,17,2,7
5.54839,76,17,9,19,16
5.93548,64,17,19,21,6
3.93548,64,17,14,5
5.93548,64,17,17,14,8,10
5.03226,92,17,5,8,6
2.90323,96,17,4,5
3.67742,72,17,5,12
4.64516,104,17,7,10,6
5.22581,86,17,1,9,15
5.87097,66,17,9,17,14,21
7.54839,76,17,22,8,3,5
3.80645,68,17,8,20
2.96774,94,17,2,10
7.29032,84,17,21,12,2,8
5.48387,78,17,7,9,8
5.16129,88,17,10,8,4
5.09677,90,17,12,20,1
4.96774,94,17,22,17,11,13
5.03226,92,17,9,17,5,15
5.22581,86,17,16,16,11,13
5.6129,74,17,19,3,13
4.96774,94,17,17,11,19,20
3.54839,76,17,6,9
7.22581,86,17,21,14,4,15
3.74194,70,17,13,14
5.41935,80,17,17,9,11,22
3.80645,68,17,20,3
5.22581,86,17,9,9,15,1
3.80645,68,17,1,12
5.22581,86,17,2,4,18
5.22581,86,17,16,22,3
3.16129,88,17,1,13
3.93548,64,17,10,7
5.48387,78,17,13,12,11
3.93548,64,17,4,17,16
5.80645,68,17,3,12,2
5.48387,78,17,1,3,21
7.16129,88,17,19,1,19,19,11,11,15
5.09677,90,17,10,22,3
5.29032,84,17,4,7,2
3.93548,64,17,12,22
5.87097,66,17,17,18,22,13
5.74194,70,17,16,5,3
4.32258,114,17,8,16,4
5.80645,68,17,15,4,7
5.87097,66,17,7,1,5
6,62,17,19,18,16
7.74194,70,17,15,14,22,4
4,62,17,5,3
7.09677,90,17,15,9,10,21
4,62,17,5,15
4.96774,94,17,4,12,6
5.67742,72,17,12,21,13
3.67742,72,17,2,1
3.74194,70,17,13,22
3.80645,68,17,5,7
3.74194,70,17,17,1,21
3.80645,68,17,20,14
3.93548,64,17,21,9
5.54839,76,17,8,19,6
5.67742,72,17,15,16,22
4.77419,100,17,17,14,18,17,20
3.87097,66,17,4,3
3.16129,88,17,5,4
5.29032,84,17,13,2,18
3.16129,88,17,2,16
3.35484,82,17,11,13
6,62,17,12,21,15
4,62,17,16,7
3.16129,88,17,2,16
5.87097,66,17,17,18,21,11
4,62,17,4,14
5.09677,90,17,9,11,6
5.74194,70,17,21,22,11
5.09677,90,17,17,14,9,22
5.67742,72,17,6,22,22,2
5.80645,68,17,17,15,17,4,2
4.25806,116,17,13,20,10
3.41935,80,17,6,5
5.80645,68,17,18,8,2
5.87097,66,17,15,6,22,17
3.48387,78,17,13,19
3.87097,66,17,3,17,18
6.90323,96,17,9,9,5,16,9,16,2
7.29032,84,17,1,11,1,8,9
5.74194,70,17,7,21,10
4,62,17,1,10
5.6129,74,17,8,14,16
5.16129,88,17,19,2,15
2.90323,96,17,4,5
3.93548,64,17,21,21,9
5.93548,64,17,22,16,8
2.90323,96,17,4,5
7.93548,64,17,10,10,1,11,19
4,62,17,12,7
4.70968,102,17,20,21,10
5.87097,66,17,6,18,19
3.54839,76,17,21,12,17
4.96774,94,17,6,19,4
3.6129,74,17,3,13
3.16129,88,17,16,13
3.35484,82,17,10,20
5.67742,72,17,14,20,21
3.48387,78,17,13,19
3.87097,66,17,8,2
3.41935,80,17,5,6
5.87097,66,17,21,1,21,19
5.41935,80,17,20,21,3
7.16129,88,17,18,12,20,11
3.48387,78,17,4,1
3.54839,76,17,6,9
3.6129,74,17,9,15,17
3.35484,82,17,12,5
3.41935,80,17,9,2
3.29032,84,17,3,17,22,3
5.67742,72,17,14,17,15,15,20
5.16129,88,17,10,11,13
2.90323,96,17,13,9
3.22581,86,17,11,6
3.6129,74,17,20,8
3.74194,70,17,4,19
7.93548,64,17,22,18,12,1
5.41935,80,17,14,20,3
3.22581,86,17,11,6
3.80645,68,17,1,12
6.64516,104,17,14,21,6,9
3.74194,70,17,1,21
3.48387,78,17,17,13,8
5.03226,92,17,19,17,17,5,14
5.48387,78,17,14,2,14,20
5.80645,68,17,11,17,22,18
5.74194,70,17,6,14,11
3.87097,66,17,8,5
2.70968,102,17,13,10
6.96774,94,17,15,19,6,8
5.09677,90,17,4,7,4,17,9
5.87097,66,17,16,19,22
3.54839,76,17,10,10,6
3.48387,78,17,6,10
4,62,17,19,20
8,62,17,18,8,19,11
5.87097,66,17,18,12,22
5.74194,70,17,19,8,19,20
3.67742,72,17,17,13,15
4,62,17,1,14
3.67742,72,17,5,12
7.29032,84,17,17,7,6,13,15
6,62,17,22,4,20
3.48387,78,17,17,16,20
5.09677,90,17,18,10,7
5.09677,90,17,10,22,20
2.70968,102,17,13,10
3.80645,68,17,2,2,8
5.16129,88,17,8,1,6
7.87097,66,17,7,17,8,19,8,3
3.16129,88,17,5,4
4.77419,100,17,17,7,20,10
8,62,17,8,18,15,22
5.6129,74,17,5,19,7
5.87097,66,17,3,1,8
5.35484,82,17,7,9,14
5.93548,64,17,22,15,6,17
3.74194,70,17,2,19
3.41935,80,17,9,2
3.87097,66,17,14,17,17,12
3.35484,82,17,12,5
2.96774,94,17,4,10
6.96774,94,17,17,15,4,2,1
3.41935,80,17,5,6
5.93548,64,17,1,19,1,11
5.93548,64,17,8,1,14
3.80645,68,17,17,20,14
5.48387,78,17,1,11,7
5.54839,76,17,19,2,4
4.77419,100,17,7,20,10
3.48387,78,17,10,18,17
3.87097,66,17,8,5
5.93548,64,17,10,5,22
5.22581,86,17,12,4,22
3.22581,86,17,3,17,1
5.93548,64,17,19,12,8
3.41935,80,17,12,12,10
5.22581,86,17,9,15,2
3.93548,64,17,5,22
7.09677,90,17,21,17,21,6,4,3
3.80645,68,17,6,20
5.09677,90,17,7,1,13
5.41935,80,17,22,1,20
7.74194,70,17,18,14,7,18,8
6.45161,110,17,18,5,9,2
5.35484,82,17,1,19,16
4.64516,104,17,22,10,4
3.80645,68,17,5,7
5.93548,64,17,22,6,2
3.87097,66,17,3,17,18
4.77419,100,17,9,3,6
5.22581,86,17,10,15,11
5.6129,74,17,19,17,18,1
3.54839,76,17,20,19
5.87097,66,17,22,17,17,12,18
3.93548,64,17,12,22
5.6129,74,17,7,13,22
3.74194,70,17,4,19
3.48387,78,17,2,21,17
3.54839,76,17,13,17,8
5.48387,78,17,17,15,5,15,11
4,62,17,6,2
4,62,17,8,9
3.93548,64,17,10,7
3.93548,64,17,1,5
3.6129,74,17,20,8
7.67742,72,17,7,20,7,14,3
3.35484,82,17,10,20
5.41935,80,17,6,6,6,22,10
3.74194,70,17,6,11
3.87097,66,17,2,15
6.90323,96,17,15,14,13,8
3.87097,66,17,9,7
4,62,17,4,14
6.83871,98,17,22,18,4,1
3.22581,86,17,1,6
11.4839,78,17,15,22,21,3,8,12
5.35484,82,17,14,1,20
3.6129,74,17,5,21
5.54839,76,17,8,7,19
3.29032,84,17,3,19,17
7.35484,82,17,22,1,3,2
3.41935,80,17,5,6
3.80645,68,17,6,3
3.93548,64,17,10,17,10,7
5.67742,72,17,19,17,15,16
7.54839,76,17,7,19,22,4
5.16129,88,17,16,22,1
3.74194,70,17,6,11
4,62,17,9,22
3.09677,90,17,18,1,17
3.41935,80,17,9,2
3.22581,86,17,9,13
5.22581,86,17,16,10,6
3.74194,70,17,6,11
3.35484,82,17,16,4
5.48387,78,17,16,3,16,11
8,62,17,14,8,19,8,12
3.67742,72,17,2,6
4.90323,96,17,2,20,16
7.48387,78,17,19,11,3,2
3.93548,64,17,14,5
3.16129,88,17,5,4
5.48387,78,17,8,21,1
5.35484,82,17,20,2,11
3.74194,70,17,9,21
2.70968,102,17,13,10
5.48387,78,17,17,17,12,15,12,8
4.77419,100,17,19,16,20
5.87097,66,17,4,21,22
3.74194,70,17,6,11
3.48387,78,17,16,20
4,62,17,19,20
7.29032,84,17,7,11,8,11,7,3
3.93548,64,17,11,12
3.54839,76,17,3,10
3.22581,86,17,9,13
3.80645,68,17,1,12
3.87097,66,17,4,3
3.22581,86,17,9,4
7.41935,80,17,16,22,15,8
3.22581,86,17,9,13
3.74194,70,17,8,6
4.45161,110,17,8,16,2
3.87097,66,17,16,21
5.35484,82,17,16,18,5
5.48387,78,17,8,15,12
5.16129,88,17,4,20,15
5.93548,64,17,14,12,1
4.83871,98,17,17,3,1,4
5.74194,70,17,10,15,19
7.16129,88,17,22,18,5,3
7.41935,80,17,10,9,11,22
3.16129,88,17,2,9
7.41935,80,17,7,19,3,13
5.6129,74,17,18,13,18,8
5.09677,90,17,18,9,21
5.22581,86,17,3,14,13
5.22581,86,17,14,20,11
5.80645,68,17,4,21,19
3.54839,76,17,3,10
3.87097,66,17,16,17,2
3.03226,92,17,4,4,9
4.90323,96,17,5,16,13
7.67742,72,17,15,15,19,15,20,12
3.22581,86,17,9,13
5.35484,82,17,7,6,10
3.6129,74,17,11,7
3.74194,70,17,4,19
3.93548,64,17,17,12,22
5.41935,80,17,8,16,8,15
5.74194,70,17,14,22,4
5.93548,64,17,16,18,22
3.22581,86,17,1,6
5.80645,68,17,7,3,2
5.80645,68,17,18,22,9
3.87097,66,17,2,17,14
3.93548,64,17,10,7
7.29032,84,17,22,15,4,11
5.35484,82,17,16,22,12
5.29032,84,17,13,20,4
5.54839,76,17,13,2,3
5.67742,72,17,9,17,14,7
3.67742,72,17,16,17,17,11
3.35484,82,17,20,6
7.74194,70,17,10,9,19,21
3.16129,88,17,20,2,17
4,62,17,4,14
7.35484,82,17,7,12,14,13
3.67742,72,17,3,16
3.6129,74,17,6,16
3.67742,72,17,20,22
3.87097,66,17,16,21
5.67742,72,17,10,1,15
5.87097,66,17,9,18,19
4.64516,104,17,22,13,13,10
3.48387,78,17,13,8
4,62,17,3,18
5.03226,92,17,15,9,6
5.22581,86,17,4,13,1
4.70968,102,17,7,5,21
3.22581,86,17,21,3,17
5.35484,82,17,19,3,6
3.54839,76,17,8,17,13
7.29032,84,17,18,21,15,5
3.16129,88,17,16,13
4.3871,112,17,19,6,5
5.54839,76,17,15,12,9
3.74194,70,17,6,1
5.09677,90,17,3,11,13
3.29032,84,17,5,20
3.35484,82,17,22,13,17
3.74194,70,17,6,1
9.29032,84,17,7,22,21,20,18
3.22581,86,17,11,6
5.16129,88,17,16,18,13
5.67742,72,17,6,22,2
3.93548,64,17,5,22
3.74194,70,17,17,2,18
5.48387,78,17,7,11,20
5.16129,88,17,12,15,15,1
7.29032,84,17,22,19,8,3,17
4,62,17,19,20
3.67742,72,17,13,3
3.80645,68,17,2,8
6,62,17,19,21,20
3.22581,86,17,1,4
3.74194,70,17,13,22
2.96774,94,17,2,10
7.80645,68,17,18,22,15,11
5.48387,78,17,6,19,12
6,62,17,8,16,9
10,62,17,15,18,3,1,11
3.29032,84,17,5,20
4.77419,100,17,15,2,10
3.80645,68,17,1,12
7.48387,78,17,4,4,13,12,8
6.96774,94,17,15,3,12,10
3.54839,76,17,3,5
7.54839,76,17,15,12,18,1
3.6129,74,17,1,7
5.74194,70,17,12,19,3
4.51613,108,17,14,9,2
5.6129,74,17,9,3,14
5.80645,68,17,14,2,21
7.09677,90,17,14,18,21,9
3.87097,66,17,2,17,5
3.80645,68,17,1,12
4,62,17,1,16
4,62,17,11,9
3.74194,70,17,20,15
3.41935,80,17,9,20
5.87097,66,17,19,8,5
7.6129,74,17,22,7,22,2,19
3.80645,68,17,17,4,18
3.80645,68,17,9,17,2
3.93548,64,17,11,12
4.96774,94,17,17,4,20,19
3.29032,84,17,13,1
5.41935,80,17,18,21,3,18
3.93548,64,17,6,12
3.87097,66,17,3,2
3.03226,92,17,2,5
4.96774,94,17,13,12,6
3.6129,74,17,11,7
4,62,17,2,14
5.41935,80,17,14,20,3
5.6129,74,17,10,14,7
5.29032,84,17,12,13,7
3.54839,76,17,4,11
5.48387,78,17,8,16,1
2.90323,96,17,12,20,17
3.35484,82,17,16,4
3.6129,74,17,8,13
4,62,17,19,20
5.48387,78,17,18,1,22
9.93548,64,17,7,17,22,15,18,7,21
5.22581,86,17,1,3,7
3.16129,88,17,5,4
4,62,17,19,4
4.77419,100,17,19,5,12
3.93548,64,17,6,12
6.83871,98,17,10,9,5,13
5.67742,72,17,22,1,15
5.03226,92,17,13,20,8
5.6129,74,17,20,12,2
3.16129,88,17,17,10,13
3.54839,76,17,3,5
3.35484,82,17,18,5,17
3.74194,70,17,6,1
4,62,17,8,9
3.29032,84,17,10,4
3.48387,78,17,16,20
5.67742,72,17,6,4,15
5.80645,68,17,6,21,13
3.22581,86,17,11,6
7.48387,78,17,16,19,18,19,12
5.48387,78,17,10,15,8
3.48387,78,17,9,6
5.29032,84,17,22,7,9,22
3.35484,82,17,16,4
5.22581,86,17,15,5,14
5.87097,66,17,22,5,22,6
3.48387,78,17,13,11
4.70968,102,17,19,9,20
3.80645,68,17,6,3
7.16129,88,17,18,3,1,7
5.22581,86,17,8,7,20
7.6129,74,17,5,5,17,15,22,4
3.67742,72,17,17,3,4
7.6129,74,17,15,8,14,7,17
3.29032,84,17,17,21,13,17
5.16129,88,17,18,5,15
3.74194,70,17,21,5
7.16129,88,17,19,1,8,6
3.67742,72,17,3,3,16
3.80645,68,17,5,7
5.35484,82,17,14,20,7
3.67742,72,17,3,4
5.09677,90,17,5,9,4
5.74194,70,17,22,2,19
5.41935,80,17,7,9,7,13
6,62,17,16,18,18,18,19
3.16129,88,17,1,13
7.6129,74,17,9,16,1,12
4,62,17,20,13
3.03226,92,17,2,5
6.51613,108,17,7,22,7,13,16
5.74194,70,17,21,1,1,5
6,62,17,21,8,7
4.77419,100,17,4,12,10
4,62,17,2,14
10,62,17,15,7,18,18,14,18,16
6.3871,112,17,15,4,13,5
7.80645,68,17,16,10,5,10,5,18
3.48387,78,17,3,17,8
5.22581,86,17,8,7,7,13
9.29032,84,17,21,18,8,3,2
5.16129,88,17,16,5,6
3.74194,70,17,9,21
4,62,17,12,7
6,62,17,22,1,10
6.70968,102,17,8,19,1,4
5.74194,70,17,7,10,7,6
3.6129,74,17,20,18
5.03226,92,17,9,10,4
5.35484,82,17,14,1,20
3.74194,70,17,21,5
4,62,17,3,18
5.93548,64,17,12,14,7
5.80645,68,17,10,18,8
5.22581,86,17,8,7,20
2.96774,94,17,4,4,10
3.6129,74,17,20,8
5.41935,80,17,6,15,13
5.67742,72,17,15,3,22
5.35484,82,17,21,1,22
5.41935,80,17,7,10,19
5.93548,64,17,3,19,14
4.45161,110,17,19,16,13
5.6129,74,17,16,16,11,21
9.35484,82,17,19,15,15,14,8,7
7.67742,72,17,15,14,1,21
3.29032,84,17,10,4
5.29032,84,17,8,11,13
5.93548,64,17,6,18,15
3.80645,68,17,10,10,21
5.41935,80,17,7,2,21,17
4,62,17,20,13
3.35484,82,17,10,20
7.41935,80,17,7,15,10,10,15,9
5.16129,88,17,7,11,6
5.87097,66,17,17,7,8,7,13
5.87097,66,17,16,5,18
3.67742,72,17,2,6
4,62,17,5,3
3.54839,76,17,1,22
3.93548,64,17,2,22
5.16129,88,17,9,18,4
3.16129,88,17,5,4
5.03226,92,17,6,19,2
4,62,17,8,9
3.6129,74,17,17,20,8
5.29032,84,17,20,2,1
5.41935,80,17,18,12,16
4,62,17,19,4
3.16129,88,17,15,11,17
3.22581,86,17,1,6
4.83871,98,17,4,4,7,10
3.48387,78,17,13,8
4.70968,102,17,22,13,16
3.48387,78,17,6,10
4.83871,98,17,20,12,16
3.67742,72,17,3,22
7.80645,68,17,18,19,14,20
3.54839,76,17,20,19
3.67742,72,17,2,6
5.54839,76,17,12,8,15
3.87097,66,17,8,5
3.80645,68,17,1,12
3.41935,80,17,1,20
4,62,17,5,15
3.87097,66,17,2,15
3.87097,66,17,16,21
3.29032,84,17,11,4
3.80645,68,17,1,12
5.29032,84,17,16,15,20
7.48387,78,17,18,14,2,7
7.03226,92,17,18,11,18,7,16
3.87097,66,17,20,4
3.80645,68,17,10,12
4.58065,106,17,21,13,10
5.87097,66,17,18,7,11
3.48387,78,17,13,19
3.35484,82,17,16,16,4
5.74194,70,17,15,9,8
3.87097,66,17,11,18
6.96774,94,17,22,12,13,8
4.64516,104,17,14,16,6
5.93548,64,17,1,3,8
5.54839,76,17,20,21,8
4,62,17,3,21
7.80645,68,17,21,7,15,11
3.16129,88,17,16,13
2.77419,100,17,13,16
3.22581,86,17,11,6
3.6129,74,17,16,6
5.16129,88,17,12,19,6
3.09677,90,17,14,2,17
3.93548,64,17,10,7
4,62,17,5,15
3.41935,80,17,9,2
3.54839,76,17,3,5
7.41935,80,17,19,7,18,11
5.80645,68,17,10,19,21
6.83871,98,17,8,3,1,6
6,62,17,6,21,22
5.35484,82,17,21,17,4,12
3.48387,78,17,9,6
5.54839,76,17,4,12,8
8,62,17,18,18,14,15,8
3.74194,70,17,21,5
3.87097,66,17,16,21
4,62,17,11,9
6,62,17,8,1,19
3.22581,86,17,1,4
3.87097,66,17,11,18
3.93548,64,17,11,12
5.22581,86,17,9,11,13
4.77419,100,17,9,10,17,13
3.16129,88,17,10,13
3.09677,90,17,4,16
3.54839,76,17,3,5
4,62,17,4,4,22
3.29032,84,17,10,4
5.67742,72,17,3,12,11
5.6129,74,17,22,10,8
7.87097,66,17,7,8,15,18
4.90323,96,17,13,6,12
3.74194,70,17,21,5
5.67742,72,17,18,2,4
4.64516,104,17,20,2,5
5.67742,72,17,9,16,12
7.74194,70,17,19,12,3,14
5.35484,82,17,16,18,18,5
9.93548,64,17,9,17,9,16,5,1,11
5.80645,68,17,16,16,16,15,19
7.6129,74,17,8,14,7,6
3.54839,76,17,4,7,17
3.87097,66,17,20,4
5.67742,72,17,16,3,14
3.87097,66,17,9,7
5.22581,86,17,16,22,3
3.80645,68,17,20,14
3.54839,76,17,10,17,10,6
2.90323,96,17,4,5
7.6129,74,17,5,10,8,21
3.41935,80,17,6,4,17
5.03226,92,17,12,15,10
3.6129,74,17,5,21
9.16129,88,17,17,22,7,12,2,18
3.93548,64,17,5,22
5.80645,68,17,21,22,20
3.67742,72,17,11,15
7.29032,84,17,15,18,20,7
4.96774,94,17,5,11,6
5.48387,78,17,21,3,10
3.87097,66,17,8,5
3.48387,78,17,16,20
3.16129,88,17,6,19,17
3.67742,72,17,1,15
5.87097,66,17,22,11,18
3.6129,74,17,8,13
4.90323,96,17,8,7,10
5.87097,66,17,11,14,18
7.80645,68,17,22,7,20,4
5.93548,64,17,21,22,2
5.54839,76,17,9,10,21
5.35484,82,17,4,7,8
3.16129,88,17,6,13,17
5.09677,90,17,14,13,15
4,62,17,14,10
3.74194,70,17,3,7
3.48387,78,17,20,1
5.35484,82,17,6,17,9,17,21
5.22581,86,17,9,19,2
5.6129,74,17,15,16,14
3.54839,76,17,1,22
3.16129,88,17,10,13
3.54839,76,17,6,6,9
5.93548,64,17,16,18,22
5.87097,66,17,10,11,19
7.22581,86,17,21,6,4,14
5.16129,88,17,18,20,8
5.09677,90,17,21,2,9
3.80645,68,17,2,8
4,62,17,9,22
5.22581,86,17,12,13,22
4.64516,104,17,15,10,20
5.74194,70,17,22,16,14
5.80645,68,17,19,12,4
7.80645,68,17,18,8,11,12
3.74194,70,17,11,21
7.29032,84,17,7,3,1,3,3,15
7.35484,82,17,18,14,12,16
4.58065,106,17,18,9,13
5.74194,70,17,14,14,20,12
3.74194,70,17,20,7
5.80645,68,17,6,13,21
3.6129,74,17,12,6
6,62,17,12,20,2
4,62,17,9,22
5.67742,72,17,19,3,22
4,62,17,19,20
4.90323,96,17,7,17,5,6
5.41935,80,17,12,11,12,4
5.74194,70,17,15,5,15,8
9.41936,80,17,17,17,14,19,19,3,8,16
5.67742,72,17,19,15,13
5.87097,66,17,6,4,12
5.67742,72,17,22,9,15
6,62,17,9,16,3
3.48387,78,17,16,2
7.16129,88,17,10,16,1,20
5.29032,84,17,19,17,17,16,15
4,62,17,19,19,4
5.29032,84,17,16,3,15
7.09677,90,17,18,1,8,6
5.6129,74,17,15,15,16,15,16,14
5.6129,74,17,21,20,8
5.74194,70,17,16,10,14
5.41935,80,17,19,17,14,2
3.67742,72,17,1,15
3.35484,82,17,10,2
3.22581,86,17,11,6
6,62,17,10,5,3
5.74194,70,17,21,1,5
5.48387,78,17,17,15,2,6
3.74194,70,17,8,4
4.83871,98,17,18,18,16,20
3.80645,68,17,5,7
3.54839,76,17,3,10
5.67742,72,17,4,21,13
6.51613,108,17,7,1,9,6
7.09677,90,17,16,15,7,15,16,3
4,62,17,6,2
5.80645,68,17,8,14,2
3.67742,72,17,5,12
3.41935,80,17,9,20
3.48387,78,17,8,17,20
5.09677,90,17,7,2,9
5.80645,68,17,8,21,4
3.87097,66,17,17,16,21
5.16129,88,17,10,16,16,4
3.93548,64,17,5,22
3.80645,68,17,11,10
3.93548,64,17,5,14
5.67742,72,17,15,17,17,18,20
5.87097,66,17,21,1,19
6.90323,96,17,16,22,15,22,5
3.93548,64,17,5,22
5.6129,74,17,5,18,12
4.64516,104,17,16,17,10,6
5.35484,82,17,16,8,2
2.83871,98,17,20,20,5
6.77419,100,17,15,21,20,5
5.41935,80,17,22,17,13,7
2.77419,100,17,3,1,17
5.67742,72,17,16,22,14
3.74194,70,17,6,11
3.16129,88,17,16,13
5.93548,64,17,16,18,22
3.35484,82,17,16,4
3.67742,72,17,13,15
5.6129,74,17,17,21,7,10
5.41935,80,17,1,11,20
4,62,17,12,1
5.16129,88,17,18,9,12
3.80645,68,17,1,12
5.74194,70,17,1,19,18
6,62,17,18,19,18,18,6
3.48387,78,17,12,16
5.03226,92,17,1,3,10
3.80645,68,17,10,21
3.74194,70,17,4,19
5.87097,66,17,5,18,18,5,16
5.29032,84,17,6,13,18
5.41935,80,17,16,22,8
3.41935,80,17,9,2
7.93548,64,17,21,15,22,12
5.35484,82,17,17,21,11,2
3.80645,68,17,6,20
5.35484,82,17,12,20,15
3.74194,70,17,20,7
3.87097,66,17,8,5
5.48387,78,17,8,16,1
6,62,17,14,17,5,9
5.67742,72,17,16,3,14
7.67742,72,17,7,18,6,4
3.93548,64,17,21,9
4,62,17,1,14
3.93548,64,17,6,12
5.29032,84,17,18,6,19
5.29032,84,17,20,2,1
5.41935,80,17,11,1,22
7.54839,76,17,7,5,10,1
4,62,17,1,16
5.80645,68,17,4,21,21,19
9.03226,92,17,15,7,3,8,13
3.87097,66,17,9,7
3.87097,66,17,21,10
5.29032,84,17,17,16,14,4
4,62,17,19,4
3.29032,84,17,10,4
3.67742,72,17,2,1
5.29032,84,17,10,8,2
5.48387,78,17,13,4,18
4,62,17,19,4
7.74194,70,17,14,19,15,12
5.35484,82,17,6,18,9
5.41935,80,17,13,21,3
2.90323,96,17,12,12,4,17
7.54839,76,17,18,14,14,22,3
3.67742,72,17,3,22
7.74194,70,17,7,18,18,12,22
3.67742,72,17,2,1
5.80645,68,17,19,3,15
3.80645,68,17,5,7
5.6129,74,17,13,21,22
5.16129,88,17,18,13,7
7.80645,68,17,14,21,19,21,2
5.16129,88,17,1,9,3
5.48387,78,17,2,20,18
5.93548,64,17,16,19,3
5.22581,86,17,9,9,3,15
5.22581,86,17,17,13,20,3
5.16129,88,17,10,11,13
7.93548,64,17,22,7,13,6
5.09677,90,17,13,21,13,22
7.67742,72,17,7,14,8,4
7.48387,78,17,10,9,14,1
5.74194,70,17,19,16,11
3.6129,74,17,20,11
4,62,17,19,4
3.80645,68,17,20,14
4.90323,96,17,7,4,9
3.48387,78,17,20,1
5.67742,72,17,12,19,12,12,19,1
5.29032,84,17,11,14,11,5
4,62,17,2,3
3.93548,64,17,12,22
5.67742,72,17,19,17,9,1
5.22581,86,17,12,14,12,6
4.32258,114,17,19,2,5
5.87097,66,17,22,21,9
4,62,17,14,10
5.6129,74,17,15,4,3
5.6129,74,17,10,18,3
4,62,17,10,16,17
5.22581,86,17,15,22,10,15
5.54839,76,17,10,14,14,22
3.80645,68,17,18,17,11
3.74194,70,17,10,17,11
3.6129,74,17,6,16
5.03226,92,17,16,10,10,20
5.29032,84,17,1,19,9
3.16129,88,17,1,13
9.41936,80,17,15,7,22,15,3,20
3.93548,64,17,1,1,5
7.74194,70,17,15,8,19,10
2.96774,94,17,21,11,17
5.6129,74,17,18,1,15
5.6129,74,17,12,19,19,7
3.74194,70,17,1,21
5.41935,80,17,22,12,10
3.93548,64,17,10,7
5.35484,82,17,14,17,10,8
3.80645,68,17,16,16,12
5.67742,72,17,14,7,1
5.67742,72,17,15,3,9
7.03226,92,17,9,1,8,13
5.93548,64,17,11,11,3,3,12
7.54839,76,17,22,18,16,15
5.80645,68,17,17,7,8,2
4,62,17,17,2,3
3.6129,74,17,5,21
9.48387,78,17,18,14,3,8,10
3.74194,70,17,6,17,20
5.74194,70,17,6,18,8
7.48387,78,17,22,15,13,14
5.22581,86,17,8,8,22,12
5.54839,76,17,20,21,2
5.48387,78,17,7,16,22
3.41935,80,17,9,20
5.80645,68,17,21,18,10
4,62,17,12,1
5.09677,90,17,10,10,22,3
5.74194,70,17,22,1,21
3.22581,86,17,17,1,4
3.29032,84,17,10,4
6,62,17,3,8,18
6.19355,118,17,18,15,4,10
5.35484,82,17,16,1,20
3.16129,88,17,16,13
5.48387,78,17,1,3,18
3.41935,80,17,6,5
7.22581,86,17,18,22,19,4
5.67742,72,17,4,21,6
3.80645,68,17,1,12
2.70968,102,17,9,3,17
5.74194,70,17,8,18,3
5.29032,84,17,12,2,8
5.67742,72,17,22,22,1,15
3.67742,72,17,1,15
4.77419,100,17,7,7,16,20
2.90323,96,17,5,11,17
3.93548,64,17,14,17,4
6,62,17,14,18,6
4.32258,114,17,2,4,5
3.74194,70,17,2,18
3.67742,72,17,20,22
5.67742,72,17,11,14,15
5.29032,84,17,9,8,10
4.77419,100,17,15,3,1,17
5.29032,84,17,18,10,15
7.16129,88,17,15,18,1,4
5.16129,88,17,21,11,13
4.90323,96,17,14,13,11
5.93548,64,17,19,1,5
7.87097,66,17,14,8,11,12
7.80645,68,17,5,16,1,3
5.87097,66,17,18,7,11
5.67742,72,17,22,13,13,14
5.03226,92,17,5,10,13
4,62,17,1,16
7.54839,76,17,18,7,14,4
5.22581,86,17,5,16,20
5.22581,86,17,19,12,16
4.90323,96,17,6,7,6,5
4,62,17,3,18
4.77419,100,17,13,21,9
5.6129,74,17,22,1,7
3.74194,70,17,8,6
6.96774,94,17,15,22,1,4
3.93548,64,17,1,5
4.77419,100,17,13,12,10
3.67742,72,17,20,22
3.48387,78,17,20,20,1
3.67742,72,17,5,12
4,62,17,20,20,13
