6,62,14,11,10,1,11
5.03226,92,14,4,19,2
3.87097,66,14,22,1,14
7.74194,70,14,9,14,9,16,9,10,3
5.93548,64,14,19,17,16
7.41935,80,14,6,22,17,21
7.74194,70,14,17,7,18,8
5.80645,68,14,7,11,10
5.22581,86,14,6,21,6,3
7.6129,74,14,19,11,20,21
7.48387,78,14,19,15,11,7
4.90323,96,14,3,17,13
4.77419,100,14,1,6,3
5.93548,64,14,20,13,12
7.29032,84,14,1,7,1,11,22
7.29032,84,14,12,14,5,9,17
4,62,14,13,15
3.80645,68,14,20,17
6.83871,98,14,22,8,12,16
3.16129,88,14,17,9,14
5.48387,78,14,16,11,15
5.87097,66,14,22,12,1
5.87097,66,14,8,22,10
2.90323,96,14,10,13
4.83871,98,14,16,5,4
4.96774,94,14,20,18,13
5.6129,74,14,3,6,21
4.83871,98,14,11,4,1
7.74194,70,14,1,11,2,21
5.74194,70,14,12,18,11,12
4.96774,94,14,1,1,6,2
6.90323,96,14,15,3,21,16
6.96774,94,14,3,3,12,14,2,2,6
5.48387,78,14,1,10,21
7.29032,84,14,19,11,11,12,16
5.87097,66,14,18,17,8
5.48387,78,14,20,11,16
7.29032,84,14,8,7,21,10
3.03226,92,14,10,4
5.16129,88,14,13,7,1
3.22581,86,14,13,9
4,62,14,10,14,10,18
5.80645,68,14,15,3,16
5.74194,70,14,18,20,18,2
3.09677,90,14,5,2
7.16129,88,14,15,2,13,18
7.80645,68,14,11,22,15,17
4.77419,100,14,8,4,10
5.03226,92,14,15,5,21
7.03226,92,14,3,21,1,22
7.09677,90,14,3,9,1,9,22
5.03226,92,14,9,3,13
7.09677,90,14,12,18,6,2
5.6129,74,14,16,17,15
7.41935,80,14,21,1,16,16,15
3.74194,70,14,16,12
5.35484,82,14,16,22,8
7.6129,74,14,19,19,7,4,20
6.06452,122,14,8,15,10,13
3.93548,64,14,17,8
5.93548,64,14,2,20,8
5.29032,84,14,9,17,18
5.93548,64,14,7,11,12
5.41935,80,14,1,6,15
7.87097,66,14,18,17,16,10
5.80645,68,14,16,19,8,14
3.16129,88,14,5,5,6
5.6129,74,14,18,13,3
5.74194,70,14,17,22,20
3.67742,72,14,17,1
5.80645,68,14,3,16,16,8
7.93548,64,14,1,9,15,9,10
4.58065,106,14,20,13,13,16
8.12903,120,14,21,22,2,13,16
7.74194,70,14,21,6,15,12
3.74194,70,14,17,3
4.58065,106,14,3,13,16
8.83871,98,14,18,22,2,4,2,17
7.48387,78,14,7,6,15,20
5.48387,78,14,1,20,4
6.83871,98,14,1,3,3,7,10
5.16129,88,14,4,19,5
3.87097,66,14,17,2
6.58065,106,14,22,7,5,21
5.93548,64,14,1,10,18
3.03226,92,14,5,20
6.70968,102,14,11,8,8,9,20
5.54839,76,14,14,22,4,19
5.35484,82,14,12,6,8
5.35484,82,14,20,11,5
3.09677,90,14,10,2
7.74194,70,14,12,19,11,10
3.80645,68,14,13,8
9.29032,84,14,18,19,7,12,22
9.29032,84,14,19,17,19,3,8,10
7.29032,84,14,19,16,9,19,17
5.48387,78,14,2,7,1
7.74194,70,14,22,15,3,2
5.74194,70,14,3,3,9,18
3.80645,68,14,13,19
3.41935,80,14,9,20
5.67742,72,14,17,15,2
3.80645,68,14,6,1
5.09677,90,14,5,16,6
6,62,14,8,2,7
5.22581,86,14,2,2,22,5
5.87097,66,14,7,8,5
8,62,14,1,3,8,22
5.67742,72,14,11,15,1
3.93548,64,14,17,8
3.16129,88,14,5,6
5.67742,72,14,2,7,12
5.29032,84,14,3,16,12
7.48387,78,14,11,10,9,10,22
3.67742,72,14,6,16
7.16129,88,14,22,17,9,3
5.16129,88,14,5,1,22
2.90323,96,14,10,13
4,62,14,2,17
9.09677,90,14,19,7,8,1,22
6,62,14,11,1,4
5.67742,72,14,18,5,22
7.35484,82,14,18,9,11,20
5.35484,82,14,21,20,5
5.22581,86,14,4,12,17
3.09677,90,14,10,20
7.6129,74,14,8,4,2,21
3.80645,68,14,20,17
7.93548,64,14,18,9,19,8
9.6129,74,14,21,15,16,5,1
5.54839,76,14,22,13,22,20
5.67742,72,14,14,11,9,12
5.03226,92,14,22,10,10,12
3.80645,68,14,20,17
3.87097,66,14,17,12
4.83871,98,14,10,17,12
3.87097,66,14,14,17,12
7.48387,78,14,15,18,12,10
5.87097,66,14,15,6,2
6.90323,96,14,14,7,19,14,3,17
7.35484,82,14,22,11,3,2
6,62,14,13,12,21
3.87097,66,14,5,8
11.9355,64,14,22,15,7,8,19,18
3.6129,74,14,3,9,14
5.41935,80,14,11,22,15,11
4.51613,108,14,21,5,2
5.87097,66,14,2,11,3
7.48387,78,14,21,8,1,21,20
7.87097,66,14,7,8,11,16
6.96774,94,14,10,9,11,13
5.74194,70,14,20,21,1
3.93548,64,14,16,7
7.87097,66,14,18,18,16,11,19
5.54839,76,14,7,16,17
5.67742,72,14,1,7,4
5.87097,66,14,18,3,14,11,3
7.80645,68,14,19,6,19,12,3
3.87097,66,14,5,18
5.48387,78,14,7,10,19
5.29032,84,14,12,20,5
5.93548,64,14,17,15,8
5.03226,92,14,2,8,13
4.83871,98,14,14,9,17,2
7.41935,80,14,22,12,8,15
3.09677,90,14,16,13
5.22581,86,14,8,1,20,8
3.87097,66,14,16,1,14
5.48387,78,14,17,14,12,9
7.09677,90,14,11,19,21,10
4.90323,96,14,6,8,17
3.41935,80,14,2,10
5.74194,70,14,21,21,1,20
6,62,14,4,7,21
5.87097,66,14,3,19,13
3.93548,64,14,14,14,10,14,9
6,62,14,11,18,17
7.41935,80,14,22,19,7,1
8,62,14,8,11,22,18
5.41935,80,14,18,18,16,20
5.93548,64,14,12,14,17,21
5.93548,64,14,19,17,22,14
3.87097,66,14,4,11
5.74194,70,14,18,2,11
8,62,14,8,3,2,7
5.41935,80,14,1,22,13
5.54839,76,14,22,5,11
4,62,14,14,1,13
5.54839,76,14,18,19,20,14
8,62,14,19,11,1,2
4.83871,98,14,4,19,13
7.54839,76,14,3,22,19,21
5.67742,72,14,6,19,3
3.35484,82,14,20,10
9.41936,80,14,3,8,21,19,17
3.35484,82,14,20,5
3.03226,92,14,10,4
5.67742,72,14,17,21,6
6.64516,104,14,21,7,5,12
4,62,14,14,7,1,14
3.74194,70,14,3,4,14
7.09677,90,14,14,14,7,15,13,17
3.54839,76,14,16,6
5.54839,76,14,2,7,3
5.6129,74,14,6,14,4,12
5.87097,66,14,6,4,7
3.54839,76,14,20,9
4,62,14,10,8
5.35484,82,14,20,4,18
7.74194,70,14,7,2,21,18
7.6129,74,14,11,16,19,22
5.93548,64,14,1,18,1,12
3.41935,80,14,14,16,20
5.93548,64,14,20,21,13
3.41935,80,14,4,16
5.93548,64,14,12,6,12,18
5.29032,84,14,20,18,9
3.87097,66,14,17,2
3.93548,64,14,5,17
5.67742,72,14,12,14,1,6
5.80645,68,14,2,13,15
6.64516,104,14,10,5,11,17
3.6129,74,14,13,1
5.87097,66,14,4,12,19
5.87097,66,14,20,14,20,2,18
5.41935,80,14,6,14,4,15
6.58065,106,14,18,21,18,10,2
7.67742,72,14,12,2,3,21
7.93548,64,14,1,8,11,21
3.03226,92,14,5,20
5.80645,68,14,22,11,12
5.22581,86,14,17,7,6,14
5.03226,92,14,20,19,6
4.83871,98,14,19,4,9
4.77419,100,14,14,3,6,16
7.54839,76,14,19,2,21,21,3
9.03226,92,14,7,6,21,15,13
6.70968,102,14,22,17,6,16
3.80645,68,14,13,11
6.77419,100,14,8,7,11,4
4.51613,108,14,2,6,10
7.87097,66,14,3,11,9,19
5.67742,72,14,17,19,22
3.67742,72,14,6,16
6.96774,94,14,15,18,9,6
5.54839,76,14,4,13,13,1
3.87097,66,14,9,7
3.67742,72,14,17,11
7.48387,78,14,3,12,11,14,1
7.16129,88,14,21,11,18,4
3.74194,70,14,13,17
4.96774,94,14,16,10,20
7.93548,64,14,19,19,14,15,8,16
3.29032,84,14,6,2,14
5.93548,64,14,15,13,20
3.22581,86,14,4,5
5.54839,76,14,16,8,7
7.93548,64,14,18,21,1,19
5.74194,70,14,16,19,12
3.93548,64,14,5,19
5.35484,82,14,20,19,16
5.6129,74,14,13,14,17,7
6.96774,94,14,7,12,8,13
5.87097,66,14,12,22,21,12
6,62,14,18,10,8
5.74194,70,14,19,4,19,17
3.22581,86,14,4,5
4.83871,98,14,22,4,9
7.16129,88,14,3,21,3,15,4
5.22581,86,14,9,17,17,10
5.03226,92,14,7,20,9
7.6129,74,14,8,17,8,3,2
5.48387,78,14,4,18,3
5.87097,66,14,12,17,15
7.6129,74,14,7,17,15,2
5.16129,88,14,20,20,22,11
5.93548,64,14,20,12,15
5.09677,90,14,16,15,10
5.03226,92,14,10,16,2
7.6129,74,14,15,7,19,19,15,20
5.16129,88,14,11,11,17,5
5.80645,68,14,3,4,7
7.29032,84,14,7,15,6,16
7.93548,64,14,8,17,15,7
5.22581,86,14,22,13,17
5.74194,70,14,7,21,14,5
5.74194,70,14,8,2,11
3.87097,66,14,13,18
5.74194,70,14,4,13,8
7.29032,84,14,14,8,1,21,9
3.80645,68,14,9,12
3.74194,70,14,17,20
4.83871,98,14,19,4,9
9.16129,88,14,22,9,10,16,15
5.6129,74,14,1,3,1,1,4
5.54839,76,14,8,2,17
5.80645,68,14,17,5,17,14,12
7.6129,74,14,12,20,12,2,8
5.87097,66,14,10,1,3
6.96774,94,14,18,22,2,16
5.67742,72,14,13,4,17
3.29032,84,14,10,6
7.22581,86,14,2,20,12,17
7.16129,88,14,7,2,4,8
7.48387,78,14,2,12,3,7
3.80645,68,14,14,16,21
6,62,14,11,1,6
6.96774,94,14,14,17,14,7,18,7,5
3.54839,76,14,16,6
3.93548,64,14,5,17
3.87097,66,14,9,7
7.87097,66,14,18,11,12,8
5.09677,90,14,17,6,8
5.67742,72,14,19,2,19,6
3.87097,66,14,17,2
5.29032,84,14,5,11,10
3.74194,70,14,5,15
4.70968,102,14,7,13,13,16
6,62,14,18,15,6,18
5.6129,74,14,11,6,4
5.67742,72,14,18,13,22
5.29032,84,14,19,16,4
5.67742,72,14,2,13,18
5.41935,80,14,17,6,17,17,21
5.22581,86,14,16,17,5
7.6129,74,14,8,8,13,2,12
5.54839,76,14,22,4,19
7.16129,88,14,12,8,12,7,16
3.03226,92,14,5,20
5.54839,76,14,2,12,6
7.03226,92,14,19,9,10,2
9.29032,84,14,3,15,22,7,9
5.35484,82,14,20,19,16
3.03226,92,14,13,10
4,62,14,9,22
9.6129,74,14,21,11,8,18,18,12
5.48387,78,14,21,14,5,3
5.54839,76,14,19,16,6
3.41935,80,14,16,20
5.41935,80,14,21,2,2,10
5.09677,90,14,12,12,6,11
6,62,14,5,10,11
4.90323,96,14,9,10,13
7.67742,72,14,7,8,3,16
7.54839,76,14,12,14,8,9,3
5.48387,78,14,6,15,13
5.22581,86,14,20,22,13
3.6129,74,14,5,16,14
5.22581,86,14,1,22,5
5.80645,68,14,20,21,14,14,11
3.41935,80,14,9,2
6.70968,102,14,21,2,1,13
4.96774,94,14,11,6,12
5.48387,78,14,14,22,3,14,1
7.35484,82,14,3,14,12,21,10
8,62,14,12,14,21,18,9
5.93548,64,14,2,8,11
5.87097,66,14,3,18,20
9.80645,68,14,14,18,3,8,12,19
5.87097,66,14,12,17,15
5.29032,84,14,4,22,1
3.67742,72,14,17,11
5.6129,74,14,14,4,2,18
7.80645,68,14,6,15,19,18
3.87097,66,14,13,18
6,62,14,20,11,1
5.54839,76,14,10,9,12
6.51613,108,14,14,18,13,2,5
3.80645,68,14,10,22
7.80645,68,14,11,21,19,18
7.41935,80,14,21,15,2,1
5.80645,68,14,3,4,4,20
5.74194,70,14,14,13,7,18
9.29032,84,14,19,3,13,4,7
6,62,14,20,14,7,8
5.93548,64,14,11,19,11,20
3.74194,70,14,17,20
5.74194,70,14,10,16,17
5.48387,78,14,10,19,7
7.35484,82,14,12,11,10,19
3.54839,76,14,6,10
5.67742,72,14,1,7,4
5.22581,86,14,8,16,4
3.87097,66,14,5,18
3.87097,66,14,17,12
5.48387,78,14,21,11,17
7.6129,74,14,1,8,2,21
7.48387,78,14,3,12,21,9
8.96774,94,14,8,21,13,2,17
5.67742,72,14,9,16,12
4.64516,104,14,14,12,14,10,4
4.64516,104,14,15,13,16
5.6129,74,14,20,19,3
9.09678,90,14,19,7,7,15,3,10
4.58065,106,14,22,13,16
6.96774,94,14,15,22,16,20
5.87097,66,14,2,21,1
6.90323,96,14,17,14,2,20,1
6.58065,106,14,21,18,20,9
4.96774,94,14,6,14,14,4,1
7.67742,72,14,7,6,15,12
5.93548,64,14,12,5,16
3.74194,70,14,17,17,20
5.80645,68,14,10,19,8
5.16129,88,14,10,16,6
3.74194,70,14,5,3
4.90323,96,14,21,16,20
7.16129,88,14,21,22,5,18
5.93548,64,14,2,20,8
5.48387,78,14,8,10,12
5.6129,74,14,22,2,19
5.80645,68,14,9,19,19,3
3.87097,66,14,13,18
5.41935,80,14,8,20,6
3.74194,70,14,17,20
5.35484,82,14,9,19,17
5.35484,82,14,16,18,18,6
5.54839,76,14,20,11,9
6,62,14,17,10,16
4.70968,102,14,15,10,4
5.16129,88,14,10,16,6
3.74194,70,14,17,20
3.87097,66,14,17,2
7.48387,78,14,19,11,5,18
3.74194,70,14,9,21
5.93548,64,14,17,15,6
5.6129,74,14,16,11,5
5.54839,76,14,4,19,11
5.29032,84,14,10,19,9
5.80645,68,14,2,14,7,11
7.16129,88,14,18,4,6,8
3.74194,70,14,17,3
3.80645,68,14,4,1
9.80645,68,14,14,11,14,12,3,21,15
9.48387,78,14,21,15,7,17,13
3.41935,80,14,2,10
6,62,14,14,6,21,2
5.54839,76,14,15,5,8
5.03226,92,14,5,9,20
7.35484,82,14,15,7,1,20
3.80645,68,14,20,17
3.67742,72,14,6,16
4.51613,108,14,21,5,2
7.48387,78,14,19,14,16,11,12
3.03226,92,14,13,10
5.35484,82,14,16,18,6
7.80645,68,14,7,1,19,8
3.87097,66,14,9,7
3.87097,66,14,20,6
3.87097,66,14,4,11
3.80645,68,14,9,12
5.74194,70,14,9,8,18
7.67742,72,14,18,14,14,22,13,21
4,62,14,20,1
3.09677,90,14,16,13
5.48387,78,14,19,13,15
7.54839,76,14,12,8,8,18,20
5.09677,90,14,4,12,10
3.80645,68,14,10,22
5.54839,76,14,14,7,16,15
5.29032,84,14,22,1,20
5.6129,74,14,15,2,6
6.90323,96,14,7,6,17,12
5.80645,68,14,18,20,22
3.93548,64,14,5,19
7.74194,70,14,15,14,21,17,10
3.87097,66,14,13,18
6,62,14,8,6,15
8,62,14,6,15,22,18
5.41935,80,14,9,11,20
7.41935,80,14,19,15,17,11
6.32258,114,14,3,11,3,16,16,13
7.80645,68,14,16,1,8,11
7.6129,74,14,21,8,7,13
7.74194,70,14,21,18,12,3,18
5.35484,82,14,9,5,21
3.09677,90,14,16,13
3.35484,82,14,20,5
3.80645,68,14,6,11
6,62,14,9,8,3
5.35484,82,14,4,14,17,5
5.6129,74,14,15,20,19
5.09677,90,14,16,3,4
7.6129,74,14,21,12,8,14,20
5.93548,64,14,15,14,20,3
9.74194,70,14,12,20,12,8,19,22
5.67742,72,14,3,7,11
5.48387,78,14,2,18,11
7.67742,72,14,15,19,6,19,22
7.6129,74,14,2,12,2,20,3
5.74194,70,14,5,10,15
6,62,14,3,11,13
5.35484,82,14,17,18,5
5.41935,80,14,7,22,16,7
7.41935,80,14,11,9,1,22
3.80645,68,14,20,17
7.22581,86,14,14,3,8,5,22
5.35484,82,14,20,3,16
3.48387,78,14,9,6
11.9355,64,14,14,18,19,18,22,7,15,20
5.16129,88,14,12,10,22
8.3871,112,14,19,8,9,1,9,9,4
4.90323,96,14,10,17,8
5.87097,66,14,15,9,8
5.35484,82,14,7,11,13
2.90323,96,14,5,4
4.90323,96,14,15,4,9
5.67742,72,14,16,10,22
7.74194,70,14,22,12,18,7
7.09677,90,14,21,22,1,22,5
3.74194,70,14,5,15
7.67742,72,14,8,21,3,8,7
5.29032,84,14,10,1,22
5.29032,84,14,20,18,9
5.41935,80,14,16,3,18
7.16129,88,14,21,16,5,15
4,62,14,10,8
5.29032,84,14,21,5,18
5.29032,84,14,18,14,6,18,17
7.35484,82,14,15,19,1,6
4.90323,96,14,11,17,8
3.87097,66,14,6,20
5.80645,68,14,14,12,22,20
4.77419,100,14,4,20,9
7.41935,80,14,21,22,16,3
3.80645,68,14,6,1
7.16129,88,14,15,1,11,17
5.54839,76,14,15,20,1
3.54839,76,14,10,12
3.87097,66,14,6,20
9.03226,92,14,12,19,16,19,8,19,2
5.74194,70,14,3,9,8
7.6129,74,14,18,22,11,5
4.83871,98,14,18,13,9
5.35484,82,14,20,15,1
5.54839,76,14,19,5,7
7.6129,74,14,15,21,20,19
3.09677,90,14,5,2
3.03226,92,14,5,20
6.90323,96,14,18,1,16,20
5.67742,72,14,7,3,22
3.74194,70,14,17,20
5.48387,78,14,5,1,18
7.6129,74,14,4,7,15,6
5.09677,90,14,13,22,20
7.22581,86,14,18,11,20,3
5.41935,80,14,2,13,1
5.54839,76,14,12,4,1
5.29032,84,14,4,22,1
5.22581,86,14,16,1,16,21
3.74194,70,14,5,15
5.54839,76,14,6,22,9
4.96774,94,14,18,4,9
3.87097,66,14,9,14,5
4.83871,98,14,21,5,12
5.67742,72,14,11,14,20,22
3.22581,86,14,13,9
5.54839,76,14,4,19,19,11
5.16129,88,14,10,17,16
5.09677,90,14,5,11,7
7.48387,78,14,19,4,21,21,13
7.48387,78,14,22,18,22,9,11
5.03226,92,14,11,6,8
3.87097,66,14,20,6
3.74194,70,14,13,17
3.09677,90,14,13,16
9.74194,70,14,7,15,20,2,12
9.41936,80,14,8,1,3,2,7
3.41935,80,14,9,2
4.70968,102,14,3,4,10
5.74194,70,14,2,8,21
5.93548,64,14,21,16,1
3.93548,64,14,17,4
3.87097,66,14,15,4,14
7.6129,74,14,3,19,8,13
5.41935,80,14,6,22,5
3.48387,78,14,2,5
5.93548,64,14,12,3,17
4.90323,96,14,6,6,19,19,13
4,62,14,4,17
5.93548,64,14,16,9,22
5.48387,78,14,2,3,9
5.22581,86,14,6,21,9
6.90323,96,14,18,7,4,16
6.70968,102,14,17,17,7,6,1
4.96774,94,14,7,16,6
7.80645,68,14,14,15,8,19,5
3.54839,76,14,5,7
3.41935,80,14,16,20
5.80645,68,14,13,4,4,18
3.67742,72,14,6,16
7.93548,64,14,21,1,19,1,3
7.6129,74,14,15,22,2,11
5.67742,72,14,9,10,7
5.35484,82,14,17,5,17,10
7.54839,76,14,14,1,12,19,21
7.35484,82,14,19,16,5,12
5.54839,76,14,7,1,22
5.80645,68,14,16,19,22
3.54839,76,14,14,20,16
3.09677,90,14,5,2
7.67742,72,14,18,20,21,8
6.96774,94,14,3,16,9,6
4.77419,100,14,2,4,5
5.6129,74,14,2,1,19
7.22581,86,14,14,21,7,12,10
6.45161,110,14,21,22,5,6
4.83871,98,14,17,9,21
5.03226,92,14,3,17,4
5.29032,84,14,14,3,3,17,6
3.29032,84,14,16,4
5.35484,82,14,14,6,17,17,16
3.87097,66,14,6,6,20
5.6129,74,14,16,11,5
5.41935,80,14,11,21,16
5.74194,70,14,4,8,11
6,62,14,8,16,3
5.6129,74,14,13,2,2,18
7.54839,76,14,15,19,14,19,3,16
3.09677,90,14,14,5,2
5.93548,64,14,3,20,4
5.93548,64,14,6,13,12
5.41935,80,14,16,18,9
5.67742,72,14,2,1,9
5.03226,92,14,15,5,21
2.83871,98,14,5,13
8,62,14,21,13,4,15
3.41935,80,14,9,20
5.87097,66,14,1,5,19
7.09677,90,14,22,9,10,7
5.67742,72,14,20,4,12
6.77419,100,14,21,8,17,13
4.45161,110,14,2,6,5
5.54839,76,14,4,6,2
5.87097,66,14,22,13,21
5.93548,64,14,18,12,12,14,9
5.35484,82,14,22,4,11
5.6129,74,14,12,22,5
5.41935,80,14,3,22,5
5.54839,76,14,22,10,19
3.80645,68,14,14,10,10,3
4,62,14,1,1,17
5.48387,78,14,14,14,6,7,9
5.80645,68,14,21,3,6
3.93548,64,14,15,2,14
5.54839,76,14,17,14,11,22
7.35484,82,14,16,9,11,22
6.96774,94,14,1,9,8,17
3.80645,68,14,13,8
6.96774,94,14,15,14,2,3,10
7.74194,70,14,14,22,20,2,4
7.16129,88,14,22,14,18,10,7
3.74194,70,14,17,3
7.87097,66,14,7,19,21,20
6.90323,96,14,7,12,20,17
7.87097,66,14,18,9,16,19,18
5.54839,76,14,13,21,11
5.03226,92,14,16,11,6
5.35484,82,14,2,4,1
6.70968,102,14,14,11,19,19,11,16,2
7.09677,90,14,19,15,14,19,11,6
6.90323,96,14,18,15,4,16
5.80645,68,14,21,6,3
7.6129,74,14,12,21,4,18
4.64516,104,14,1,14,14,14,9,4
4.96774,94,14,20,8,17
5.93548,64,14,14,3,1,20
7.09677,90,14,2,21,3,4
3.93548,64,14,5,17
5.6129,74,14,2,6,7
4.83871,98,14,15,4,10
7.16129,88,14,9,5,1,22
3.35484,82,14,4,9
3.74194,70,14,9,21
4.64516,104,14,3,5,20
5.16129,88,14,1,9,4
7.09677,90,14,19,7,11,1,7
5.93548,64,14,9,11,19
7.41935,80,14,12,4,12,20,20,22
7.48387,78,14,8,8,22,6,17
5.80645,68,14,11,5,17
5.6129,74,14,22,2,18
5.80645,68,14,12,2,14,11
5.35484,82,14,12,22,12,5
5.6129,74,14,8,20,19
5.80645,68,14,16,15,15,21
3.80645,68,14,4,1
5.67742,72,14,18,13,22
5.54839,76,14,6,2,21
5.6129,74,14,18,20,1
6.25806,116,14,15,17,16,16,13
5.67742,72,14,17,15,16
3.29032,84,14,10,6
6.3871,112,14,15,19,5,4
3.03226,92,14,13,13,5
7.74194,70,14,18,12,12,11,1,12
6,62,14,21,1,15
5.67742,72,14,12,12,19,7,12
5.22581,86,14,6,18,2
3.67742,72,14,6,16
5.67742,72,14,1,18,4
7.22581,86,14,21,20,3,5
5.6129,74,14,16,17,7
7.80645,68,14,6,4,13,13,20
3.87097,66,14,4,11
7.67742,72,14,2,3,8,12
8.64516,104,14,19,8,3,20,20,10
4,62,14,1,17
5.22581,86,14,1,2,6
7.74194,70,14,3,18,8,7
6,62,14,22,6,18
3.22581,86,14,1,6,14
3.54839,76,14,5,7
5.6129,74,14,7,16,7,14,4
5.35484,82,14,22,10,15
6,62,14,12,1,14,14,21
4.90323,96,14,21,16,2
3.03226,92,14,13,5
6.70968,102,14,21,7,21,13,10
3.74194,70,14,5,14,10
5.87097,66,14,12,2,4,12
5.80645,68,14,12,2,12,16
5.67742,72,14,1,14,17,10
5.35484,82,14,12,9,22
7.6129,74,14,3,9,10,19
3.87097,66,14,6,20
5.67742,72,14,22,2,8
5.67742,72,14,6,22,16
7.48387,78,14,3,11,18,20
3.41935,80,14,16,2
4.70968,102,14,18,13,16
5.87097,66,14,11,18,10
5.54839,76,14,10,19,11
5.29032,84,14,10,17,18
5.80645,68,14,17,18,17,7
3.74194,70,14,16,12
7.67742,72,14,8,21,7,9
5.29032,84,14,11,11,15,15,14,17
6,62,14,10,9,19
5.48387,78,14,12,20,13,14
3.09677,90,14,5,2
5.6129,74,14,7,12,6
5.35484,82,14,2,20,9
5.74194,70,14,11,7,12
3.93548,64,14,17,17,4
7.29032,84,14,17,15,7,9
4.90323,96,14,6,19,13
9.93548,64,14,19,15,22,7,9
7.16129,88,14,21,9,5,15
5.67742,72,14,17,7,3
7.93548,64,14,21,7,20,7,17
8,62,14,15,21,22,2
4.64516,104,14,11,17,1
3.80645,68,14,6,11
3.35484,82,14,11,4,14
3.80645,68,14,20,17
5.54839,76,14,17,6,21
5.41935,80,14,11,2,19
5.74194,70,14,7,16,19
3.09677,90,14,10,2
5.22581,86,14,5,1,7
5.6129,74,14,7,13,15
7.74194,70,14,12,19,11,10
5.87097,66,14,16,5,17
7.29032,84,14,8,19,13,22
5.67742,72,14,11,10,11,20
5.93548,64,14,3,7,8
3.87097,66,14,17,12
5.41935,80,14,1,6,6,21
5.87097,66,14,16,15,18
4.3871,112,14,4,14,9,13
5.87097,66,14,20,7,21
6.3871,112,14,21,19,2,10
5.93548,64,14,12,22,2
5.67742,72,14,10,1,5
6.45161,110,14,18,12,9,20
5.35484,82,14,11,9,6
3.09677,90,14,14,5,2
6.96774,94,14,11,12,13,17
6.58065,106,14,18,4,13,5
3.22581,86,14,9,4
9.74194,70,14,16,10,9,11,8
5.93548,64,14,1,21,3
5.48387,78,14,2,8,16
4.96774,94,14,20,3,20,17
5.54839,76,14,17,16,11
3.74194,70,14,9,21
6.83871,98,14,7,4,12,17
3.22581,86,14,16,17,14
5.03226,92,14,13,7,16
3.35484,82,14,4,9
5.16129,88,14,4,6,16
7.74194,70,14,12,3,11,13
5.67742,72,14,11,12,6
6,62,14,5,10,11
3.09677,90,14,10,20
3.6129,74,14,2,14,2,9
6,62,14,16,15,22
8.77419,100,14,22,7,4,21,9
8,62,14,15,18,12,22
7.87097,66,14,12,4,20,2
3.87097,66,14,6,20
5.35484,82,14,20,15,16
4.51613,108,14,14,17,17,9,20
5.67742,72,14,19,5,22
4.77419,100,14,15,5,2
5.35484,82,14,12,6,2
7.03226,92,14,18,1,9,20
4.77419,100,14,15,4,5
3.93548,64,14,16,7
4.90323,96,14,3,6,1
2.90323,96,14,5,4
3.22581,86,14,9,4
5.93548,64,14,15,11,10
3.09677,90,14,10,2
6.25806,116,14,12,8,10,4
5.67742,72,14,11,22,8
5.74194,70,14,20,20,21,1
7.16129,88,14,21,8,8,17,17,16
3.93548,64,14,5,17
5.16129,88,14,9,14,17,14,16
5.35484,82,14,11,14,10,16,10,11
5.6129,74,14,9,3,19
5.87097,66,14,22,13,21
5.54839,76,14,17,18,16
7.93548,64,14,15,14,19,3,9
5.67742,72,14,22,8,20
7.48387,78,14,8,18,13,20
9.29032,84,14,3,1,8,18,4
5.54839,76,14,19,10,12
3.54839,76,14,5,7
3.6129,74,14,8,5,14
7.80645,68,14,1,22,15,22,21
7.93548,64,14,18,3,1,3,2
6,62,14,1,21,20
3.22581,86,14,4,5
5.41935,80,14,1,12,17
4.83871,98,14,8,5,4
5.80645,68,14,22,8,10
9.93548,64,14,8,22,7,21,4
5.09677,90,14,18,10,20
5.74194,70,14,14,16,17,22
7.41935,80,14,3,13,3,14,18,6
6,62,14,8,16,3
3.54839,76,14,10,21
5.09677,90,14,18,16,13
8.90323,96,14,18,22,16,10,10,21
5.93548,64,14,9,8,19
5.22581,86,14,11,16,20
3.09677,90,14,13,13,16
5.74194,70,14,18,18,13,7
5.41935,80,14,7,4,1
7.54839,76,14,13,4,12,8
9.29032,84,14,3,5,10,9,17
4.77419,100,14,16,17,3
5.93548,64,14,22,11,19
5.6129,74,14,4,2,19
7.74194,70,14,20,14,19,16,19,3
4.77419,100,14,9,3,6
2.90323,96,14,14,14,10,13
3.54839,76,14,10,21
3.54839,76,14,20,9
5.87097,66,14,13,20,12
5.16129,88,14,11,4,18
5.03226,92,14,12,9,5,14
5.35484,82,14,18,9,20
7.67742,72,14,19,11,1,17
3.35484,82,14,20,10
5.09677,90,14,18,10,2
7.80645,68,14,15,17,21,4
3.54839,76,14,20,9
5.6129,74,14,21,16,15
5.35484,82,14,1,2,8
5.6129,74,14,8,17,9
3.35484,82,14,20,10
5.48387,78,14,20,7,2
7.93548,64,14,15,7,12,21,15
7.74194,70,14,21,3,11,20
3.03226,92,14,13,10
5.6129,74,14,11,5,15
4.58065,106,14,3,6,5
5.87097,66,14,10,9,15
3.80645,68,14,4,1
10,62,14,21,15,15,3,15,18,19
5.35484,82,14,7,18,2,7
4.58065,106,14,6,13,16
5.87097,66,14,17,18,14,21
7.22581,86,14,19,3,13,13,15
8.45161,110,14,18,7,10,9,20
5.67742,72,14,20,3,21
4,62,14,1,17
5.54839,76,14,19,14,4,1
4.96774,94,14,11,13,17
6.3871,112,14,22,10,10,16,4
6,62,14,9,16,3
7.93548,64,14,21,18,21,21,13,20
8,62,14,21,12,1,19
7.41935,80,14,18,12,14,22,13
5.6129,74,14,12,4,11
5.16129,88,14,7,2,16
7.22581,86,14,12,15,3,20
7.16129,88,14,19,3,7,10
7.29032,84,14,1,21,19,9
4.83871,98,14,18,14,5,20
4,62,14,1,17
3.22581,86,14,13,9
7.22581,86,14,21,6,6,4,1
3.41935,80,14,16,2
5.87097,66,14,12,17,15
5.29032,84,14,12,5,19
3.09677,90,14,13,16
4.83871,98,14,12,6,10
3.74194,70,14,5,15
4.96774,94,14,10,1,6
5.29032,84,14,20,22,20,15
4.83871,98,14,1,5,4
7.6129,74,14,7,2,20,15
3.93548,64,14,17,4
3.35484,82,14,14,20,10
5.22581,86,14,11,16,20
3.6129,74,14,6,9
3.67742,72,14,10,7
5.22581,86,14,13,22,4
5.48387,78,14,7,5,11
5.87097,66,14,20,7,18
5.41935,80,14,9,1,20
3.41935,80,14,9,2
6.83871,98,14,21,21,1,16,6
9.87097,66,14,19,8,3,11,8,16
5.93548,64,14,2,4,7
7.29032,84,14,7,8,14,11,5
6,62,14,1,3,9
3.29032,84,14,4,10
5.87097,66,14,12,7,11
5.54839,76,14,3,9,22
7.87097,66,14,17,14,1,9,5
5.54839,76,14,14,20,3,2
4.3871,112,14,2,1,2,5
4.77419,100,14,13,14,17,3
5.67742,72,14,14,19,17,4
5.48387,78,14,2,2,6,21
5.03226,92,14,4,2,16
4,62,14,9,19,14
5.87097,66,14,8,13,6
5.74194,70,14,11,18,2
7.74194,70,14,15,22,11,18
6,62,14,15,18,14,5
5.48387,78,14,2,12,9
5.54839,76,14,4,3,21
8.96774,94,14,12,12,2,22,7,9
5.67742,72,14,17,7,13
5.87097,66,14,1,21,15,14
7.09677,90,14,8,19,11,14,19,19,20
5.09677,90,14,16,5,6
8,62,14,12,20,21,19
7.16129,88,14,3,21,1,15
5.03226,92,14,9,10,4
5.80645,68,14,7,21,10
4,62,14,13,3
3.54839,76,14,10,12
5.93548,64,14,3,2,22
3.87097,66,14,6,3
3.93548,64,14,17,8
4.83871,98,14,4,8,13
3.87097,66,14,14,5,14,13
5.48387,78,14,12,20,16
7.74194,70,14,18,15,3,16
3.74194,70,14,17,3
4.58065,106,14,8,13,16
4.45161,110,14,5,14,2,16
5.67742,72,14,2,19,21
7.67742,72,14,12,22,6,4
5.22581,86,14,4,18,10
6.83871,98,14,21,17,19,13
3.54839,76,14,5,7
5.41935,80,14,15,6,9
4.96774,94,14,15,10,6
6,62,14,1,11,4
5.35484,82,14,11,4,22
6.32258,114,14,14,21,8,10,13
11.0323,92,14,19,18,18,15,7,2,17
7.35484,82,14,22,12,3,16
3.74194,70,14,5,3
3.54839,76,14,14,10,12
6.77419,100,14,15,7,20,5
6,62,14,21,12,22,21
3.87097,66,14,17,2
4,62,14,6,12
4.90323,96,14,8,20,10
3.54839,76,14,3,13,14
5.87097,66,14,14,19,5,18
5.22581,86,14,4,7,9
5.48387,78,14,15,10,22
8,62,14,1,11,20,2
7.87097,66,14,19,11,18,3
5.80645,68,14,3,20,7
7.35484,82,14,11,1,3,11,13
7.67742,72,14,15,8,12,12,4
3.22581,86,14,9,4
3.6129,74,14,6,9
