5.80645,68,0,18,1,7
7.48387,78,0,12,8,11,9
6,62,0,11,14,21
5.09677,90,0,12,22,9
3.54839,76,0,11,13
3.93548,64,0,8,4
4,62,0,1,12
5.6129,74,0,16,11,7
3.74194,70,0,6,9
5.35484,82,0,18,5,22
5.22581,86,0,9,14,16
3.93548,64,0,5,22
4,62,0,21,10
3.80645,68,0,11,7
3.48387,78,0,3,17
4,62,0,3,15
4.83871,98,0,10,17,1
3.93548,64,0,8,4
5.74194,70,0,15,3,5
5.22581,86,0,2,15,11
7.35484,82,0,3,19,8,16
7.54839,76,0,15,10,9,3
3.74194,70,0,1,22
5.54839,76,0,18,17,17,4
7.29032,84,0,9,5,10,6
4.64516,104,0,13,20,16
3.6129,74,0,16,2
7.09677,90,0,19,1,10,22
5.67742,72,0,7,16,17
3.41935,80,0,2,16
3.35484,82,0,11,17
3.80645,68,0,20,8
7.80645,68,0,7,21,20,15
4.58065,106,0,18,5,4
6.83871,98,0,17,3,19,13
3.67742,72,0,5,12
5.80645,68,0,22,20,18
3.80645,68,0,5,7
7.03226,92,0,1,11,19,11,19,20
3.03226,92,0,20,5
5.80645,68,0,21,20,22
13.7419,70,0,22,7,14,8,3,1,10
5.29032,84,0,20,13,7
6.90323,96,0,7,20,2,9
5.29032,84,0,16,3,22
7.87097,66,0,19,8,18,11
5.67742,72,0,16,5,7
3.93548,64,0,13,22
5.16129,88,0,4,20,1
7.35484,82,0,17,12,18,16
4,62,0,2,11
2.90323,96,0,13,10
7.35484,82,0,18,14,1,4
6,62,0,8,15,19
5.6129,74,0,12,14,14,13
5.29032,84,0,2,8,16
4,62,0,3,20
3.09677,90,0,5,13
7.6129,74,0,16,8,3,21
4,62,0,11,5
5.80645,68,0,14,22,20
5.74194,70,0,8,21,17
5.54839,76,0,11,12,19
3.93548,64,0,9,12
5.67742,72,0,19,4,21
5.35484,82,0,16,22,20
7.22581,86,0,4,15,22,2
5.80645,68,0,8,7,6
3.93548,64,0,13,14
8,62,0,12,14,8,11
7.54839,76,0,22,17,8,7
3.16129,88,0,5,4
5.87097,66,0,18,9,19
3.22581,86,0,20,16
5.09677,90,0,22,10,6
4,62,0,5,15
5.41935,80,0,2,22,8
5.67742,72,0,6,19,12
4,62,0,10,14
8,62,0,22,21,11,11,19
3.93548,64,0,2,6
5.93548,64,0,9,10,14
6,62,0,20,13,4
4,62,0,6,20
5.41935,80,0,22,11,6
3.54839,76,0,9,2
7.67742,72,0,9,5,11,19
5.87097,66,0,11,19,15
4,62,0,2,19
5.29032,84,0,21,17,13
3.74194,70,0,1,22
2.90323,96,0,13,10
5.93548,64,0,2,3,12
5.48387,78,0,22,9,21
5.41935,80,0,18,9,12
5.87097,66,0,10,8,1
5.87097,66,0,10,8,1
3.03226,92,0,20,5
3.67742,72,0,6,10
7.87097,66,0,15,19,14,5
3.74194,70,0,3,5
5.93548,64,0,8,12,20
3.93548,64,0,2,6
3.74194,70,0,6,9
3.54839,76,0,11,13
3.93548,64,0,5,22
5.6129,74,0,19,17,21
9.67742,72,0,17,18,22,15,2
7.80645,68,0,21,19,15,6
3.09677,90,0,5,13
3.93548,64,0,3,7
7.74194,70,0,17,2,12,14
5.54839,76,0,12,20,7
6.90323,96,0,15,3,21,9
4.96774,94,0,20,4,8
9.16129,88,0,15,18,21,19,13
3.41935,80,0,2,9
5.87097,66,0,22,9,15
4.70968,102,0,4,20,9
4.77419,100,0,13,2,5
3.74194,70,0,12,17
5.80645,68,0,15,17,20
4.90323,96,0,7,9,2
5.80645,68,0,2,12,15
5.35484,82,0,9,11,13
3.80645,68,0,1,7
3.41935,80,0,2,9
4.90323,96,0,14,2,9
3.93548,64,0,8,4
3.67742,72,0,12,16
3.29032,84,0,16,13
4.83871,98,0,9,17,20
5.41935,80,0,14,16,22
3.80645,68,0,5,7
6,62,0,19,15,20
7.93548,64,0,18,7,6,15
4,62,0,11,10
5.41935,80,0,22,1,6
5.29032,84,0,16,5,6
7.35484,82,0,17,18,3,10
7.74194,70,0,17,8,19,16
3.16129,88,0,5,4
4.96774,94,0,7,20,5
5.16129,88,0,12,15,5
3.16129,88,0,5,4
3.87097,66,0,20,22
4,62,0,6,3
3.93548,64,0,8,4
3.80645,68,0,3,13
3.80645,68,0,2,17
5.67742,72,0,4,15,17
5.74194,70,0,7,20,8
5.93548,64,0,9,10,3
4.83871,98,0,18,9,4
3.74194,70,0,4,1
4.70968,102,0,19,9,4
7.54839,76,0,14,1,11,20
5.87097,66,0,13,4,14
3.93548,64,0,9,12
5.41935,80,0,6,8,16
7.80645,68,0,2,12,21,14
5.54839,76,0,1,19,16
5.48387,78,0,17,8,13
5.74194,70,0,13,2,3
3.80645,68,0,2,17
3.74194,70,0,4,1
3.6129,74,0,12,10
4.96774,94,0,20,12,10
3.93548,64,0,9,12
4.83871,98,0,4,2,5
7.03226,92,0,22,20,21,16
7.74194,70,0,16,11,19,18
3.87097,66,0,3,16
4.83871,98,0,19,4,1
4,62,0,20,3
3.48387,78,0,16,4
5.03226,92,0,15,4,16
5.93548,64,0,22,3,7
7.41935,80,0,21,3,8,6
5.74194,70,0,11,19,1
6.32258,114,0,21,15,20,10
3.87097,66,0,3,16
6,62,0,15,2,7
5.54839,76,0,3,8,4
5.67742,72,0,5,10,21
5.35484,82,0,7,10,22
5.6129,74,0,16,10,21
5.48387,78,0,6,4,11
5.09677,90,0,2,8,5
4.77419,100,0,7,13,5
3.74194,70,0,12,9
5.03226,92,0,15,16,16,4
9.41936,80,0,22,15,14,2,1
3.09677,90,0,5,13
3.6129,74,0,6,5
5.93548,64,0,3,21,14
3.67742,72,0,13,8
5.48387,78,0,16,15,3
3.48387,78,0,10,6
3.35484,82,0,5,2
4.70968,102,0,13,2,10
7.29032,84,0,1,8,3,16
5.41935,80,0,5,17,18
3.80645,68,0,20,11
7.54839,76,0,14,12,1,12,1,1,10
6.32258,114,0,19,21,13,9
5.74194,70,0,14,1,1,7
8,62,0,18,3,8,15
3.09677,90,0,13,9
3.48387,78,0,10,6
5.29032,84,0,2,14,9
5.48387,78,0,21,13,19
7.09677,90,0,15,12,22,11
5.16129,88,0,11,19,20
4.32258,114,0,14,10,4
3.6129,74,0,6,5
4.51613,108,0,4,20,5
6,62,0,22,11,5
3.6129,74,0,12,10
4,62,0,3,20
5.6129,74,0,16,9,6
5.29032,84,0,18,20,1
5.29032,84,0,10,18,18,6
3.87097,66,0,13,3
4,62,0,10,14
5.48387,78,0,14,17,17,19
5.48387,78,0,2,13,13,18
10,62,0,7,19,10,5,9
5.87097,66,0,16,11,18
4,62,0,10,14
5.29032,84,0,12,21,16
2.90323,96,0,13,10
5.03226,92,0,21,6,5
5.6129,74,0,3,21,20
3.67742,72,0,1,2
5.09677,90,0,14,9,12
4.96774,94,0,3,2,6
3.6129,74,0,1,20
6,62,0,2,14,8
9.87097,66,0,21,7,15,18,15,12
3.93548,64,0,5,22
4.96774,94,0,2,20,5
4.3871,112,0,19,4,9
5.74194,70,0,18,5,11
6,62,0,9,22,7
5.93548,64,0,16,15,19
5.6129,74,0,5,8,21
4.64516,104,0,14,5,21
4.96774,94,0,19,6,20
7.41935,80,0,7,6,22,5
5.67742,72,0,21,17,5
8.96774,94,0,21,14,19,19,1,6
3.93548,64,0,1,21
5.67742,72,0,5,19,1
4.45161,110,0,21,9,20
5.09677,90,0,14,4,1
7.67742,72,0,18,19,22,3
7.29032,84,0,19,8,10,10,17
6,62,0,3,14,12
3.80645,68,0,11,7
8,62,0,22,1,19,8
5.74194,70,0,21,3,4
3.41935,80,0,1,4
5.22581,86,0,8,21,9
5.35484,82,0,9,1,4
5.54839,76,0,20,4,2
3.6129,74,0,1,20
3.80645,68,0,6,16
5.80645,68,0,14,8,13
5.93548,64,0,7,11,10
7.48387,78,0,17,21,21,21,11,5
6,62,0,12,3,18
3.87097,66,0,1,15
5.87097,66,0,19,17,7
4,62,0,5,3
4,62,0,11,10
5.22581,86,0,7,9,21
7.35484,82,0,8,11,12,4
3.35484,82,0,4,16
7.41935,80,0,15,12,2,18
3.74194,70,0,11,2
5.67742,72,0,17,8,20
3.74194,70,0,10,12
5.35484,82,0,20,2,17
5.41935,80,0,2,4,8
3.54839,76,0,9,2
5.16129,88,0,2,22,1
5.87097,66,0,1,3,19
5.48387,78,0,7,3,6
5.16129,88,0,9,5,20
6.96774,94,0,19,8,2,6
5.41935,80,0,20,21,11
5.35484,82,0,10,19,5
5.35484,82,0,2,13,17
5.87097,66,0,17,2,3
3.74194,70,0,3,10
3.80645,68,0,5,7
3.80645,68,0,1,7
8,62,0,18,21,12,2
5.93548,64,0,15,9,18
9.29032,84,0,7,15,11,9,19
8,62,0,19,3,12,2
7.67742,72,0,18,7,7,17,19
5.6129,74,0,14,10,1
5.35484,82,0,12,13,15
7.67742,72,0,15,14,13,6
9.09678,90,0,18,15,7,1,22
6,62,0,10,9,17
5.87097,66,0,19,17,15
6.32258,114,0,7,6,2,5
5.80645,68,0,2,4,12
3.6129,74,0,16,2
7.87097,66,0,22,7,16,19
6,62,0,22,9,19
7.29032,84,0,18,14,9,22
5.09677,90,0,4,18,5
5.93548,64,0,16,17,22
5.6129,74,0,20,21,3
3.09677,90,0,5,13
4.96774,94,0,11,9,12
5.09677,90,0,5,19,4
3.80645,68,0,5,7
3.6129,74,0,13,17
4,62,0,13,7
4.90323,96,0,8,5,14
7.35484,82,0,22,17,4,17,5
4,62,0,5,3
5.16129,88,0,3,19,13
3.74194,70,0,3,5
5.74194,70,0,19,22,9
5.35484,82,0,18,17,20
3.54839,76,0,11,13
5.03226,92,0,10,17,2
3.16129,88,0,5,4
3.93548,64,0,6,1
5.48387,78,0,21,13,19
5.80645,68,0,7,8,17
4,62,0,21,10
3.67742,72,0,6,10
5.93548,64,0,3,12,13
4.90323,96,0,21,13,9
5.87097,66,0,13,4,22
4.45161,110,0,19,2,2,10
7.41935,80,0,22,17,16,7
5.74194,70,0,11,18,19
3.93548,64,0,6,1
7.87097,66,0,9,5,11,8
5.16129,88,0,14,10,10,15
9.6129,74,0,22,15,17,18,16
6.96774,94,0,7,4,12,9
3.74194,70,0,11,22
3.35484,82,0,5,2
7.54839,76,0,7,8,9,11
5.87097,66,0,14,11,15
5.80645,68,0,1,14,14,12
5.74194,70,0,22,12,9
4.90323,96,0,22,10,20
5.22581,86,0,22,5,12
3.93548,64,0,11,21
6.3871,112,0,8,9,16,4
5.29032,84,0,14,1,13
3.48387,78,0,20,17
5.67742,72,0,12,18,16
6,62,0,15,21,10
5.48387,78,0,14,2,19
9.6129,74,0,14,19,18,3,1
5.6129,74,0,18,20,14
3.67742,72,0,13,8
5.16129,88,0,10,9,4
3.67742,72,0,1,2
7.87097,66,0,7,8,19,10
7.41935,80,0,3,14,18,17
3.74194,70,0,12,17
6,62,0,14,15,20
7.03226,92,0,9,11,1,13
5.09677,90,0,5,18,2
3.80645,68,0,6,16
3.80645,68,0,20,8
3.54839,76,0,20,6
4,62,0,10,14
4,62,0,4,19
3.22581,86,0,2,10
3.35484,82,0,1,13
5.35484,82,0,1,9,17
5.35484,82,0,16,17,9
5.67742,72,0,14,16,11
3.35484,82,0,9,4
6.70968,102,0,15,18,5,2
5.54839,76,0,11,18,12
4,62,0,8,20
5.29032,84,0,14,4,17
4.51613,108,0,1,9,13
7.93548,64,0,7,15,15,21,6,15
5.6129,74,0,12,3,13
3.93548,64,0,20,15
5.16129,88,0,4,18,6
4,62,0,2,19
5.09677,90,0,7,4,9
3.29032,84,0,10,20
5.87097,66,0,1,3,19
5.93548,64,0,11,1,1,18
6.77419,100,0,21,7,3,6
5.29032,84,0,4,18,16
6.64516,104,0,7,18,5,6
5.09677,90,0,21,9,14
8,62,0,18,8,14,2
7.41935,80,0,7,14,4,3
5.22581,86,0,6,8,5
5.80645,68,0,22,4,17
8,62,0,6,21,14,14,12
5.41935,80,0,5,18,1
5.41935,80,0,12,18,2
4.58065,106,0,19,5,20
11.4194,80,0,17,15,14,8,1,7
4,62,0,20,3
5.41935,80,0,3,8,13
5.67742,72,0,12,7,17
4,62,0,21,10
7.6129,74,0,5,16,18,8
5.87097,66,0,19,3,16
3.6129,74,0,16,2
5.16129,88,0,19,17,2
5.03226,92,0,12,11,4
6.12903,120,0,9,1,10,10,13
5.09677,90,0,2,15,10
2.90323,96,0,13,5
7.54839,76,0,12,18,15,8
3.41935,80,0,1,6
4,62,0,2,19
4.96774,94,0,2,7,5
5.03226,92,0,14,13,13,17
5.74194,70,0,20,21,19
5.16129,88,0,2,7,16
5.03226,92,0,19,4,17
5.35484,82,0,9,15,2
3.80645,68,0,1,7
3.22581,86,0,2,10
5.09677,90,0,13,6,12
5.74194,70,0,14,22,9
3.80645,68,0,6,16
5.67742,72,0,1,14,22
4,62,0,8,20
5.67742,72,0,21,12,17
3.93548,64,0,6,11
5.80645,68,0,4,2,7
6,62,0,19,16,1
4,62,0,5,3
7.41935,80,0,22,20,21,11
7.41935,80,0,17,7,20,8
5.48387,78,0,7,5,17
7.22581,86,0,19,9,1,1,1,9,18
5.74194,70,0,12,13,20
7.22581,86,0,15,1,3,10
5.09677,90,0,5,1,4
5.35484,82,0,18,13,14
4,62,0,4,8
8,62,0,14,8,10,9
5.80645,68,0,16,17,7
4.83871,98,0,12,2,9
5.22581,86,0,12,4,18
3.93548,64,0,6,11
3.87097,66,0,3,9
4.90323,96,0,20,12,5
9.16129,88,0,14,8,1,3,1,2
3.22581,86,0,10,4
5.93548,64,0,14,22,4
3.93548,64,0,6,11
3.74194,70,0,11,20
7.48387,78,0,14,19,11,22
5.41935,80,0,14,9,15
7.48387,78,0,8,3,19,5
5.80645,68,0,1,14,12
3.93548,64,0,8,4
7.16129,88,0,19,12,20,11
6,62,0,4,14,14,19
5.41935,80,0,12,2,11
5.22581,86,0,6,2,8
5.16129,88,0,15,16,20
5.48387,78,0,2,13,18
4.96774,94,0,20,2,16
7.48387,78,0,7,14,6,18
3.80645,68,0,20,11
5.09677,90,0,16,10,4
7.22581,86,0,21,19,16,22
7.35484,82,0,15,5,9,22
5.67742,72,0,15,12,16
3.67742,72,0,13,8
7.22581,86,0,15,6,17,19
4.83871,98,0,14,5,7
5.80645,68,0,18,17,5
3.22581,86,0,4,10
3.93548,64,0,4,17
5.87097,66,0,15,17,13
6,62,0,6,4,7
3.16129,88,0,4,5
4.83871,98,0,15,10,2
3.87097,66,0,8,17
7.67742,72,0,22,14,12,9
7.35484,82,0,13,2,20,7
5.29032,84,0,16,3,22
3.87097,66,0,8,17
5.41935,80,0,15,6,10
3.87097,66,0,3,16
3.48387,78,0,13,1
5.80645,68,0,18,12,6
4,62,0,20,14
5.35484,82,0,10,9,2
9.16129,88,0,15,18,20,2,8
5.74194,70,0,4,22,19
3.03226,92,0,20,5
5.74194,70,0,8,21,17
5.74194,70,0,15,11,20
6.96774,94,0,14,18,9,21
6,62,0,2,20,4
5.54839,76,0,9,5,12
5.67742,72,0,1,18,7
6,62,0,19,15,1
5.41935,80,0,17,11,22
3.80645,68,0,4,11
6,62,0,22,8,20
5.09677,90,0,8,5,18
5.54839,76,0,22,11,13
3.22581,86,0,2,10
3.67742,72,0,5,12
5.67742,72,0,3,18,12
3.80645,68,0,12,6
5.16129,88,0,17,13,1
3.6129,74,0,6,5
3.80645,68,0,20,11
5.29032,84,0,9,17,6
5.74194,70,0,2,13,7
5.74194,70,0,18,3,5
5.29032,84,0,14,1,13
7.41936,80,0,3,14,19,16
5.16129,88,0,15,2,16
3.29032,84,0,2,5
3.09677,90,0,13,9
5.22581,86,0,5,17,9
5.54839,76,0,1,19,16
4.96774,94,0,1,16,21
3.80645,68,0,20,11
5.54839,76,0,11,3,7
4.96774,94,0,19,17,11
3.67742,72,0,6,10
3.09677,90,0,5,13
5.29032,84,0,19,16,16,12
4.90323,96,0,19,5,21
3.74194,70,0,12,9
5.67742,72,0,7,3,10
5.87097,66,0,7,2,2,18
5.74194,70,0,16,1,15
8.83871,98,0,22,18,2,20,6
5.48387,78,0,14,9,18
3.35484,82,0,4,16
3.35484,82,0,1,17
3.29032,84,0,5,20
5.35484,82,0,11,16,16,18
5.03226,92,0,4,3,10
5.48387,78,0,15,13,18
5.35484,82,0,9,15,4
5.35484,82,0,14,6,8
5.29032,84,0,16,14,13
7.41935,80,0,12,14,19,5
3.54839,76,0,3,6
4.83871,98,0,22,10,10,4
3.87097,66,0,11,15
4,62,0,6,3
5.74194,70,0,17,8,5
7.87097,66,0,18,14,15,10
3.54839,76,0,11,13
7.29032,84,0,22,14,10,8
5.80645,68,0,18,17,5
3.87097,66,0,3,22
4,62,0,6,3
5.93548,64,0,22,6,3
5.74194,70,0,18,5,11
5.6129,74,0,21,19,13
3.93548,64,0,5,14
5.41935,80,0,19,13,6
3.93548,64,0,11,21
3.80645,68,0,1,7
3.35484,82,0,11,17
3.87097,66,0,3,4
4.90323,96,0,5,17,13
4.96774,94,0,1,3,17
3.67742,72,0,5,12
7.74194,70,0,7,22,3,15
8.90322,96,0,15,18,7,1,20
5.54839,76,0,19,21,16
5.87097,66,0,8,22,17
5.87097,66,0,6,4,15
5.35484,82,0,12,1,21
7.87097,66,0,22,6,4,4,14
7.29032,84,0,15,3,12,17
5.74194,70,0,2,15,19
7.54839,76,0,15,8,19,13
5.6129,74,0,14,16,19
7.16129,88,0,7,2,14,13
5.93548,64,0,3,12,19
3.74194,70,0,11,22
5.22581,86,0,21,17,20
5.67742,72,0,16,18,17
4,62,0,9,7
5.93548,64,0,4,21,13
3.48387,78,0,13,1
3.80645,68,0,20,8
7.22581,86,0,16,11,3,13
5.80645,68,0,9,10,7
3.41935,80,0,5,6
5.54839,76,0,20,2,11
7.35484,82,0,22,11,19,5
5.09677,90,0,4,18,5
3.54839,76,0,12,5
6,62,0,21,11,14
3.48387,78,0,13,1
7.29032,84,0,6,22,18,20
5.22581,86,0,6,13,1
3.93548,64,0,13,22
7.93548,64,0,10,9,19,14
5.03226,92,0,14,17,3
5.6129,74,0,3,14,2
7.48387,78,0,12,1,11,9
5.93548,64,0,21,15,5
8.83871,98,0,17,19,8,21,10
7.16129,88,0,14,12,8,17
6,62,0,8,19,19,9
5.09677,90,0,14,16,21
2.90323,96,0,13,5
4.58065,106,0,1,16,2
7.93548,64,0,16,10,9,15
4,62,0,10,22
5.87097,66,0,16,10,14
5.67742,72,0,5,11,12
6.96774,94,0,17,3,19,4
5.80645,68,0,7,6,11
5.87097,66,0,20,21,7
7.16129,88,0,17,11,3,16
3.48387,78,0,10,6
4.96774,94,0,13,12,10
5.6129,74,0,5,18,21
7.48387,78,0,17,19,7,20
3.6129,74,0,9,6
8,62,0,7,18,1,1,16
5.74194,70,0,7,17,1
3.93548,64,0,1,21
4.64516,104,0,19,2,16
4.25806,116,0,19,13,9
7.29032,84,0,18,3,14,10
3.67742,72,0,13,11
5.87097,66,0,21,2,8
3.35484,82,0,9,4
5.80645,68,0,2,22,18
2.90323,96,0,13,10
4.70968,102,0,17,20,10
5.93548,64,0,21,19,17
3.6129,74,0,12,10
7.03226,92,0,18,22,12,17
7.87097,66,0,17,10,9,22
7.74194,70,0,22,18,3,13
5.48387,78,0,4,3,18
6.70968,102,0,17,12,21,5
5.74194,70,0,11,19,1
5.09677,90,0,5,8,20
3.87097,66,0,13,15
2.90323,96,0,13,5
5.87097,66,0,2,14,15
5.80645,68,0,1,19,3
7.80645,68,0,16,9,5,22
3.74194,70,0,20,19
6,62,0,13,21,14
5.67742,72,0,10,1,21
5.87097,66,0,7,8,6
3.48387,78,0,10,6
3.74194,70,0,4,1
7.03226,92,0,4,12,3,13
4.96774,94,0,8,9,12
3.41935,80,0,2,16
5.48387,78,0,21,1,22
5.67742,72,0,16,8,22
9.48387,78,0,7,14,8,10,1
4.70968,102,0,19,9,4
5.03226,92,0,5,11,4
5.16129,88,0,16,14,10
7.22581,86,0,1,11,19,5
5.67742,72,0,1,11,7
3.93548,64,0,2,6
7.74194,70,0,22,17,4,21
3.09677,90,0,13,9
7.80645,68,0,14,3,1,10
3.03226,92,0,20,10
5.22581,86,0,14,5,19
5.35484,82,0,1,9,3
9.93548,64,0,14,19,3,3,11,8
5.48387,78,0,4,3,21
7.09677,90,0,14,21,17,4
3.6129,74,0,16,20
7.48387,78,0,19,8,15,4
7.54839,76,0,21,15,19,4
10,62,0,15,14,21,2,12
4.45161,110,0,7,5,4
4,62,0,9,7
7.93548,64,0,12,3,19,14
5.29032,84,0,4,14,13
3.87097,66,0,20,22
5.74194,70,0,19,1,22
5.74194,70,0,8,7,19
5.09677,90,0,14,9,12
3.6129,74,0,9,6
5.87097,66,0,15,16,22
5.48387,78,0,8,15,11
3.87097,66,0,8,17
5.74194,70,0,5,11,9
3.67742,72,0,13,8
5.48387,78,0,17,16,6
7.74194,70,0,3,14,19,15
3.80645,68,0,12,6
3.35484,82,0,9,4
3.87097,66,0,10,7
5.67742,72,0,22,10,15
3.67742,72,0,13,11
5.67742,72,0,15,12,12,16
7.35484,82,0,22,9,1,7
3.6129,74,0,9,6
3.22581,86,0,10,4
5.87097,66,0,15,3,9
4,62,0,5,3
5.48387,78,0,18,11,4
3.87097,66,0,10,7
7.6129,74,0,1,3,8,21
5.93548,64,0,11,1,18
5.22581,86,0,19,4,3
6,62,0,21,4,14
3.74194,70,0,10,12
5.35484,82,0,18,1,17
7.16129,88,0,22,12,8,13
4,62,0,2,11
5.80645,68,0,15,3,13
5.54839,76,0,21,1,7
4.83871,98,0,19,13,8
5.29032,84,0,5,19,17
5.41935,80,0,5,8,7
7.54839,76,0,17,21,21,19,2
3.54839,76,0,20,6
5.22581,86,0,12,15,13
5.35484,82,0,10,1,20
5.74194,70,0,5,18,18,7
9.74194,70,0,7,3,14,21,15
5.16129,88,0,22,2,10
3.48387,78,0,10,6
5.87097,66,0,4,15,21
5.03226,92,0,18,9,20
5.74194,70,0,21,20,11
5.29032,84,0,8,2,14
3.80645,68,0,1,7
3.74194,70,0,20,19
4.96774,94,0,22,5,6
5.67742,72,0,8,18,10
11.2903,84,0,17,15,22,14,22,22,18,20
4.90323,96,0,6,12,9
3.93548,64,0,5,22
3.35484,82,0,4,16
5.87097,66,0,2,7,21
3.87097,66,0,13,15
5.29032,84,0,12,1,1,15
3.74194,70,0,11,22
7.54839,76,0,18,15,4,20
4.96774,94,0,20,21,9
6,62,0,22,9,9,9,19
7.67742,72,0,18,8,14,10
5.6129,74,0,13,21,3
3.93548,64,0,11,21
5.74194,70,0,18,11,20
3.74194,70,0,6,9
5.93548,64,0,18,22,22,5
5.35484,82,0,19,10,22
4.3871,112,0,20,13,9
5.54839,76,0,7,1,20
12,62,0,22,7,19,3,14,18
3.22581,86,0,4,10
3.93548,64,0,13,22
5.16129,88,0,8,21,10
5.29032,84,0,5,11,20
5.80645,68,0,10,11,19
5.29032,84,0,16,14,9
4,62,0,11,10
4.90323,96,0,13,4,9
4.83871,98,0,15,13,9
3.48387,78,0,3,17
9.22581,86,0,21,19,7,15,1
7.6129,74,0,5,1,11,18
7.16129,88,0,17,14,2,19
4.12903,120,0,19,13,16
3.6129,74,0,6,5
4,62,0,11,10
5.03226,92,0,11,9,7
4.83871,98,0,18,2,16
3.09677,90,0,10,13
7.09677,90,0,14,9,10,22
4.58065,106,0,7,10,4
3.74194,70,0,10,12
5.80645,68,0,16,3,1
8,62,0,17,19,1,9
6,62,0,17,1,9
3.67742,72,0,13,11
5.87097,66,0,5,8,19
8,62,0,22,17,21,6
3.54839,76,0,3,6
5.41935,80,0,14,17,9
5.16129,88,0,6,8,20
5.74194,70,0,14,1,7
6.90323,96,0,12,2,13,18
5.22581,86,0,6,17,8
6,62,0,14,11,10
4,62,0,5,15
4,62,0,5,15
5.93548,64,0,17,10,22
6,62,0,1,14,18
4.90323,96,0,20,12,5
7.29032,84,0,22,8,11,9,8
7.35484,82,0,16,9,15,4
4,62,0,21,10
6,62,0,8,3,15
4.90323,96,0,7,9,2
5.74194,70,0,2,20,18
3.67742,72,0,5,12
5.41935,80,0,11,14,6
5.93548,64,0,21,8,10
5.67742,72,0,8,21,11
5.6129,74,0,12,8,22
7.54839,76,0,14,21,3,15
5.74194,70,0,10,19,21
3.87097,66,0,13,15
7.74194,70,0,4,14,18,19
5.29032,84,0,4,22,20
9.41936,80,0,19,14,7,18,17
5.29032,84,0,20,13,7
3.87097,66,0,1,15
4.58065,106,0,6,2,2,9
7.16129,88,0,17,18,12,5
4.51613,108,0,4,20,10
5.54839,76,0,4,2,11
5.80645,68,0,1,14,15
5.80645,68,0,15,12,6
5.41935,80,0,12,2,19
5.35484,82,0,16,17,9
3.6129,74,0,5,21
6,62,0,15,11,10
3.6129,74,0,16,2
6,62,0,2,21,18
3.80645,68,0,20,18
7.87097,66,0,14,21,6,21,4
5.03226,92,0,14,5,15
5.03226,92,0,1,18,2
4.64516,104,0,19,5,2
7.48387,78,0,15,7,16,3
5.6129,74,0,6,14,20
5.87097,66,0,4,13,3
7.09677,90,0,17,18,14,2,18
3.87097,66,0,20,22
9.87097,66,0,22,3,8,18,19
5.93548,64,0,18,4,21
5.09677,90,0,21,6,10
7.16129,88,0,7,1,5,19
5.09677,90,0,4,13,9
3.29032,84,0,5,20
5.41935,80,0,15,10,7
5.41935,80,0,2,4,19
3.29032,84,0,2,5
7.80645,68,0,8,11,16,5
11.2903,84,0,19,14,8,1,11,2
4,62,0,11,5
5.67742,72,0,8,15,12
3.35484,82,0,5,2
4,62,0,11,5
5.54839,76,0,9,11,20
5.74194,70,0,13,21,2
5.74194,70,0,12,18,1
3.93548,64,0,20,15
3.93548,64,0,5,14
3.74194,70,0,10,12
5.80645,68,0,9,5,14
4,62,0,10,22
9.29032,84,0,17,8,18,14,2
6,62,0,1,3,11
4,62,0,8,20
5.87097,66,0,6,4,15
5.87097,66,0,5,8,14
5.22581,86,0,19,20,22
7.29032,84,0,12,8,19,10
5.54839,76,0,16,18,10
8.96774,94,0,11,1,9,10,14
5.41935,80,0,14,6,19
5.87097,66,0,8,15,17
5.16129,88,0,10,19,20
3.87097,66,0,3,16
7.22581,86,0,15,7,10,3
3.29032,84,0,16,13
3.74194,70,0,4,1
4.83871,98,0,19,20,17
9.41936,80,0,7,19,15,17,21
3.74194,70,0,16,6
9.29032,84,0,22,6,15,19,17
7.74194,70,0,14,15,22,1
4.90323,96,0,14,13,1
4,62,0,2,11
5.35484,82,0,8,7,1
3.93548,64,0,2,6
3.80645,68,0,12,6
7.67742,72,0,1,11,3,21
5.67742,72,0,14,7,9
3.6129,74,0,12,10
5.87097,66,0,19,10,1
5.29032,84,0,5,11,22
3.93548,64,0,6,1
7.48387,78,0,14,3,19,17
5.67742,72,0,20,12,11
5.35484,82,0,16,3,7
7.93548,64,0,22,4,12,3
3.6129,74,0,1,20
3.29032,84,0,4,9
7.48387,78,0,22,14,3,17
5.6129,74,0,19,16,3
3.54839,76,0,9,2
5.54839,76,0,11,18,12
7.93548,64,0,19,14,22,6
4.77419,100,0,8,16,6
3.74194,70,0,12,17
5.74194,70,0,20,21,19
5.87097,66,0,21,6,14
5.80645,68,0,14,22,13
9.54839,76,0,22,14,18,11,21
3.74194,70,0,12,17
3.74194,70,0,1,22
5.67742,72,0,22,13,18
5.93548,64,0,4,21,3
5.6129,74,0,21,20,1
5.80645,68,0,3,8,9
3.48387,78,0,20,17
5.87097,66,0,14,15,13
3.67742,72,0,13,11
5.48387,78,0,13,21,17
5.35484,82,0,12,15,11
5.80645,68,0,14,6,15
3.74194,70,0,10,21
5.74194,70,0,12,1,3
4,62,0,16,21
5.09677,90,0,12,22,11
7.93548,64,0,15,19,21,11
5.80645,68,0,17,10,7
7.09677,90,0,14,18,3,17
5.09677,90,0,4,7,10
6,62,0,18,16,19
5.41935,80,0,9,18,10
5.80645,68,0,20,12,2
3.22581,86,0,2,10
5.67742,72,0,10,19,12
3.54839,76,0,20,6
5.54839,76,0,11,12,8
5.87097,66,0,22,5,11
5.87097,66,0,6,17,15
5.29032,84,0,10,11,22
3.41935,80,0,5,6
5.54839,76,0,22,13,17
5.93548,64,0,14,5,9
4,62,0,10,22
5.03226,92,0,6,17,20
5.74194,70,0,15,13,7
3.80645,68,0,6,16
5.93548,64,0,17,4,20
9.6129,74,0,7,19,14,3,2
3.87097,66,0,3,9
3.67742,72,0,12,16
5.09677,90,0,10,8,4
7.87097,66,0,15,7,8,5
6,62,0,14,15,2
5.16129,88,0,10,1,6
5.80645,68,0,12,7,21
5.67742,72,0,8,12,7
4.77419,100,0,20,2,10
7.41935,80,0,13,4,2,14
3.87097,66,0,9,21
4.83871,98,0,18,20,9
5.67742,72,0,19,1,2
6.96774,94,0,22,15,9,13
5.6129,74,0,6,12,2
7.54839,76,0,19,7,22,9
5.87097,66,0,3,8,8,22
4,62,0,3,15
6,62,0,3,19,15
4,62,0,8,20
3.41935,80,0,1,4
3.03226,92,0,20,5
3.87097,66,0,13,15
5.29032,84,0,6,12,12,22
3.6129,74,0,13,17
8,62,0,19,8,3,15
7.48387,78,0,17,14,1,15
3.41935,80,0,1,4
4.64516,104,0,19,10,20
4,62,0,9,7
