5.09677,90,11,7,11,5,22
3.29032,84,11,17,11,4
5.41936,80,11,12,9,12,15
7.67742,72,11,3,8,8,21,1,3
9.29032,84,11,22,18,15,7,7,3
5.6129,74,11,8,20,18
3.29032,84,11,17,13
9.29032,84,11,11,3,18,15,19,20
4.58065,106,11,15,2,9
4.58065,106,11,13,2,10
5.35484,82,11,9,3,5
3.93548,64,11,7,16
5.67742,72,11,19,13,12
4.58065,106,11,21,13,16
7.35484,82,11,14,21,6,21,16
5.93548,64,11,18,22,3
5.48387,78,11,14,4,17
5.29032,84,11,10,22,2
5.67742,72,11,16,21,12
5.22581,86,11,13,6,18
5.54839,76,11,12,1,22
5.93548,64,11,1,6,22
3.54839,76,11,6,2
5.29032,84,11,10,14,4
3.80645,68,11,20,20,1
4.77419,100,11,11,8,4,4,9
4.58065,106,11,13,2,10
3.03226,92,11,6,10
5.6129,74,11,12,21,9
3.6129,74,11,17,9
5.80645,68,11,17,17,15,18
5.80645,68,11,11,2,2,7,18
4.90323,96,11,3,9,13
5.29032,84,11,15,20,15,4
3.16129,88,11,20,10
7.35484,82,11,9,16,16,10,11,7
5.48387,78,11,22,14,16
7.41935,80,11,21,19,21,12,7
3.74194,70,11,17,10
5.22581,86,11,19,13,3
4.58065,106,11,3,10,13
3.6129,74,11,20,17
5.48387,78,11,9,10,2
5.74194,70,11,22,8,18
5.67742,72,11,4,4,2,12
3.74194,70,11,7,7,5
4,62,11,6,21
5.93548,64,11,6,22,15
5.67742,72,11,4,21,21,19
3.87097,66,11,22,10
5.93548,64,11,21,20,20,21,3
5.74194,70,11,18,20,12
7.41935,80,11,12,2,20,1
5.35484,82,11,3,6,19
7.41935,80,11,21,22,14,2
3.74194,70,11,13,15
5.74194,70,11,12,15,2
5.93548,64,11,21,6,22
3.22581,86,11,5,13
7.22581,86,11,7,21,20,14
5.16129,88,11,18,9,21
5.41935,80,11,10,11,2,3
5.74194,70,11,19,10,19,5
3.6129,74,11,4,8
4.77419,100,11,11,11,21,20,10
5.09677,90,11,18,6,20
4.70968,102,11,3,12,3,6,11
3.80645,68,11,20,1
3.41935,80,11,17,8
7.09677,90,11,1,10,17,3
5.48387,78,11,14,10,8
3.22581,86,11,17,20
7.74194,70,11,18,19,9,1
3.35484,82,11,13,1
7.67742,72,11,14,15,20,12
3.16129,88,11,6,16
5.74194,70,11,12,15,4
5.41935,80,11,13,4,6,13
5.93548,64,11,7,22,20
6,62,11,3,4,12
5.67742,72,11,22,14,2
7.80645,68,11,1,16,7,21
3.67742,72,11,17,16
6.96774,94,11,14,1,10,21
3.74194,70,11,17,10
7.80645,68,11,12,3,3,8,20
4.58065,106,11,4,2,16
4,62,11,6,13
7.48387,78,11,1,21,8,20
3.67742,72,11,4,18
3.87097,66,11,9,6
3.54839,76,11,4,17
5.16129,88,11,3,5,12
5.48387,78,11,10,16,6
5.74194,70,11,2,20,2,8
7.35484,82,11,1,10,22,4
7.6129,74,11,10,8,14,7
3.80645,68,11,5,3,11
2.77419,100,11,4,5
5.93548,64,11,3,15,16
5.48387,78,11,15,8,5
3.87097,66,11,11,10,21
5.80645,68,11,12,8,2
6,62,11,21,18,3
4.70968,102,11,14,9,4
3.29032,84,11,5,4
5.54839,76,11,15,12,22
5.93548,64,11,2,14,19
5.87097,66,11,3,7,20
8,62,11,1,8,11,18,21
3.74194,70,11,2,17
4.90323,96,11,18,5,12
5.29032,84,11,19,4,8
5.74194,70,11,12,20,19
5.54839,76,11,14,14,10,17
3.80645,68,11,6,14
4.51613,108,11,7,4,4,16
3.54839,76,11,6,2
3.35484,82,11,20,9
5.80645,68,11,3,21,16
3.74194,70,11,6,18
6.25806,116,11,22,7,4,9
5.93548,64,11,7,22,13
7.35484,82,11,8,1,11,8,20,14
5.35484,82,11,18,4,15
4.90323,96,11,8,5,20
2.90323,96,11,4,9
5.80645,68,11,3,11,18,21,3
3.80645,68,11,13,22
5.67742,72,11,18,3,22
3.74194,70,11,6,18
5.67742,72,11,12,22,4
4,62,11,6,21
3.87097,66,11,22,22,10
6,62,11,16,22,21
7.87097,66,11,12,11,14,19,16
5.67742,72,11,3,13,22
3.87097,66,11,4,22
3.67742,72,11,2,14,11
7.29032,84,11,3,9,3,18,17
5.48387,78,11,16,21,13
5.29032,84,11,9,11,4,14
7.48387,78,11,16,16,19,21,6
4.96774,94,11,7,13,18
3.35484,82,11,17,12
4.64516,104,11,18,2,9
7.16129,88,11,1,10,7,20
9.80645,68,11,8,3,18,16,5
5.35484,82,11,6,4,20
7.41935,80,11,3,19,14,22,11
3.6129,74,11,16,4
5.74194,70,11,4,11,14,7
5.22581,86,11,9,9,22,5
4.25806,116,11,15,16,13
6,62,11,7,2,20
5.80645,68,11,12,12,18,4
6.70968,102,11,14,7,13,1
6.90323,96,11,9,7,15,7,10
7.67742,72,11,19,12,1,9
5.48387,78,11,11,10,10,19,17
5.67742,72,11,18,18,1,15
3.16129,88,11,6,16
5.09677,90,11,20,12,10
7.87097,66,11,12,12,14,18,6
5.87097,66,11,2,21,20
5.93548,64,11,16,22,19
5.87097,66,11,22,21,6
7.6129,74,11,3,21,15,5
7.87097,66,11,1,8,16,22
4.77419,100,11,3,10,20
4.58065,106,11,4,6,10
5.48387,78,11,18,13,6
3.22581,86,11,5,13
5.41935,80,11,19,17,4
7.93548,64,11,15,15,14,14,21,18
3.80645,68,11,13,14
3.87097,66,11,7,9
7.6129,74,11,19,14,11,1,7
5.16129,88,11,7,17,3
3.93548,64,11,2,19
5.29032,84,11,16,10,2
3.93548,64,11,8,5,11
6,62,11,18,12,1
5.35484,82,11,22,4,7
5.87097,66,11,15,7,16
5.54839,76,11,13,2,22
5.29032,84,11,9,5,4
5.09677,90,11,15,12,16
3.22581,86,11,2,5
5.03226,92,11,18,16,6
4.70968,102,11,19,11,2,5
5.41935,80,11,16,8,17
7.35484,82,11,1,3,13,15
3.74194,70,11,7,5
3.41935,80,11,16,13
4.96774,94,11,14,2,5
3.74194,70,11,6,18
3.87097,66,11,10,21
3.87097,66,11,10,21
5.41935,80,11,17,22,8
5.35484,82,11,7,3,2
10,62,11,9,10,16,8,19
5.93548,64,11,18,11,10,1
2.96774,94,11,6,5
8,62,11,21,11,3,3,12,12,20
7.41935,80,11,22,21,7,7,8
5.41935,80,11,10,10,18,6
7.16129,88,11,14,5,16,17
5.48387,78,11,21,17,17,5
4.64516,104,11,18,20,9
5.87097,66,11,14,13,20
5.41935,80,11,3,17,19
3.35484,82,11,2,9
5.41935,80,11,7,21,16
5.67742,72,11,21,8,2
8.96774,94,11,3,3,12,12,12,11,9,16,7
5.22581,86,11,12,22,21,11
7.54839,76,11,9,15,21,3
3.74194,70,11,11,13,3
5.54839,76,11,19,2,15
3.74194,70,11,6,18
5.93548,64,11,19,16,19,11,21
5.35484,82,11,21,11,2,14
3.80645,68,11,4,15
3.67742,72,11,17,16
9.54839,76,11,14,18,22,12,2
5.09677,90,11,2,4,1
7.74194,70,11,11,3,21,17,7
6.3871,112,11,1,11,1,3,13,10
5.41935,80,11,18,11,16,21
7.80645,68,11,3,20,3,21,7
5.48387,78,11,5,16,6
4.83871,98,11,5,11,9,4
5.67742,72,11,8,21,5
5.16129,88,11,10,5,13
5.6129,74,11,15,8,9
3.80645,68,11,5,12
3.87097,66,11,22,10
5.35484,82,11,15,20,14
7.41935,80,11,21,14,22,13
3.93548,64,11,7,16
3.54839,76,11,6,2
3.6129,74,11,17,9
3.29032,84,11,5,4
5.41935,80,11,4,2,14
9.48387,78,11,1,14,18,15,14,9
5.80645,68,11,21,2,22
5.74194,70,11,12,15,20
5.41935,80,11,14,16,7
6.45161,110,11,1,18,16,13
3.67742,72,11,17,14
5.09677,90,11,5,14,9
6,62,11,11,15,21,17
3.93548,64,11,7,16
3.41935,80,11,5,20
5.48387,78,11,1,10,2
5.74194,70,11,21,18,6
7.41935,80,11,7,15,7,15,19,4
7.48387,78,11,3,5,10,15
7.41935,80,11,3,8,5,15
7.74194,70,11,19,7,8,18
7.87097,66,11,19,19,18,1,14
5.54839,76,11,2,3,18
7.48387,78,11,14,18,9,3
7.35484,82,11,8,4,13,15
8,62,11,8,7,14,22
6.58065,106,11,19,5,9,13
4.64516,104,11,19,10,13
7.6129,74,11,3,2,20,2,19
5.93548,64,11,14,12,6
2.77419,100,11,11,13,5
5.35484,82,11,15,2,22
5.22581,86,11,19,17,20
3.93548,64,11,12,5
3.80645,68,11,5,12
5.03226,92,11,7,6,16
5.74194,70,11,2,14,14,7
4.90323,96,11,20,2,10
7.16129,88,11,22,19,15,1
10.9032,96,11,12,21,14,15,7,10
5.80645,68,11,16,18,17
7.35484,82,11,21,7,18,2
3.16129,88,11,17,1
5.6129,74,11,10,17,21
5.6129,74,11,15,16,1
5.6129,74,11,4,21,20
5.6129,74,11,22,4,2
5.54839,76,11,16,11,22,8
5.22581,86,11,22,19,19,13
3.87097,66,11,4,14
3.74194,70,11,11,17,10
5.80645,68,11,3,16,15
4.45161,110,11,22,16,2
5.80645,68,11,16,16,7,14
5.03226,92,11,14,20,16
7.54839,76,11,19,21,22,13
5.09677,90,11,5,11,21,9
3.35484,82,11,4,1
5.22581,86,11,2,3,9
5.48387,78,11,1,4,18
3.6129,74,11,13,18
5.29032,84,11,11,18,21,5
5.74194,70,11,6,7,18
4.83871,98,11,12,17,13
5.29032,84,11,14,11,17,21
5.22581,86,11,8,4,1
6,62,11,1,18,13
2.77419,100,11,4,5
5.74194,70,11,12,4,15
5.67742,72,11,16,16,12,14
3.22581,86,11,17,20
3.41935,80,11,17,8
7.54839,76,11,19,11,10,16,15
5.29032,84,11,10,1,4
5.80645,68,11,15,12,19
5.87097,66,11,9,22,14
9.93548,64,11,1,21,21,12,14,19
5.93548,64,11,20,7,15
3.67742,72,11,17,19
6.83871,98,11,2,20,12,10
7.35484,82,11,12,18,3,15
5.48387,78,11,15,8,5
6.83871,98,11,15,19,1,6
5.80645,68,11,7,18,9
5.54839,76,11,9,14,17
3.54839,76,11,11,4,17
5.16129,88,11,22,16,17
3.6129,74,11,4,19
2.96774,94,11,4,16
5.29032,84,11,15,16,22
3.80645,68,11,17,21
5.6129,74,11,10,22,19
4.77419,100,11,17,7,17,13
3.93548,64,11,2,11,22
4,62,11,6,13
5.67742,72,11,13,12,20
5.29032,84,11,8,9,6
2.77419,100,11,11,13,5
5.54839,76,11,15,20,13
6,62,11,11,3,8,15,3
5.54839,76,11,9,11,22,22,4
4.51613,108,11,1,13,13,16
5.41935,80,11,2,7,4
4.96774,94,11,13,6,12
3.93548,64,11,2,18
3.54839,76,11,13,8
5.16129,88,11,10,22,13
5.74194,70,11,12,15,9
5.93548,64,11,18,21,1
5.22581,86,11,19,13,15
7.87097,66,11,1,21,18,3
3.87097,66,11,10,21
3.74194,70,11,11,11,5,21
4.3871,112,11,18,4,10
7.87097,66,11,14,8,19,4
3.22581,86,11,17,20
3.6129,74,11,10,10,18,11
5.54839,76,11,16,12,18
3.93548,64,11,12,5
5.03226,92,11,10,17,20
3.87097,66,11,9,6
7.16129,88,11,22,7,17,8
9.48387,78,11,14,12,18,7,8
5.80645,68,11,11,11,16,21,15
7.54839,76,11,19,16,5,8
3.54839,76,11,4,17
6.51613,108,11,15,21,2,5
7.16129,88,11,18,3,12,6
4.64516,104,11,3,13,5
7.67742,72,11,16,1,3,3,21
4,62,11,11,22,3
3.22581,86,11,5,13
4.83871,98,11,9,3,9,20
6,62,11,19,18,18,13
5.41935,80,11,2,15,6
5.74194,70,11,13,4,22
3.80645,68,11,21,11,6
7.48387,78,11,21,21,18,15,15,20
5.09677,90,11,15,16,7
5.09677,90,11,5,3,13
3.54839,76,11,20,21,11
3.54839,76,11,4,17
2.77419,100,11,13,10
5.16129,88,11,22,11,9,12
7.09677,90,11,19,17,22,10
5.74194,70,11,21,17,21,11,12
5.16129,88,11,10,18,13
5.6129,74,11,16,12,21
5.54839,76,11,7,20,21
3.93548,64,11,22,9
4,62,11,22,3
5.67742,72,11,5,5,3,14
5.48387,78,11,22,6,17
3.48387,78,11,13,17
3.93548,64,11,4,7
5.16129,88,11,20,4,18
5.6129,74,11,15,1,16
5.48387,78,11,15,10,10,1
3.87097,66,11,4,14
5.29032,84,11,6,22,8
5.54839,76,11,12,8,13
3.74194,70,11,17,10
5.80645,68,11,12,13,14
5.93548,64,11,21,8,7
5.41935,80,11,2,13,13,18
5.67742,72,11,3,14,22,11
3.80645,68,11,5,12
5.74194,70,11,19,12,6
4.58065,106,11,13,2,10
6,62,11,3,18,4
3.93548,64,11,12,5
5.74194,70,11,9,19,17
4,62,11,4,12
3.29032,84,11,17,17,13
5.22581,86,11,3,20,16
5.22581,86,11,5,1,4
3.87097,66,11,16,14,11
5.93548,64,11,2,13,6
3.03226,92,11,16,17,11
3.35484,82,11,2,9
7.93548,64,11,8,18,15,13
5.80645,68,11,15,6,21
5.22581,86,11,6,7,3
3.6129,74,11,10,6
5.87097,66,11,18,8,2
5.6129,74,11,15,19,4
5.93548,64,11,5,3,8
5.41935,80,11,2,15,6
5.80645,68,11,18,18,16,19
3.22581,86,11,5,13
3.29032,84,11,5,4
7.74194,70,11,16,18,7,14
3.22581,86,11,7,2,2,11
3.80645,68,11,9,2
3.6129,74,11,17,17,9
3.16129,88,11,20,10
3.93548,64,11,4,20
7.6129,74,11,17,22,7,14
9.22581,86,11,8,22,22,21,15,4
5.87097,66,11,9,7,21
4.96774,94,11,4,2,17
5.41935,80,11,11,7,21,16
5.67742,72,11,5,14,14,12
3.35484,82,11,20,9
6,62,11,5,16,3
5.29032,84,11,5,22,8
2.96774,94,11,6,5
5.54839,76,11,14,6,2
5.87097,66,11,18,11,21,20
3.93548,64,11,22,1
5.48387,78,11,8,6,8,4
5.09677,90,11,4,6,8
3.87097,66,11,2,1
3.67742,72,11,2,20,11
3.03226,92,11,6,10
5.93548,64,11,7,22,13
3.67742,72,11,21,5
5.16129,88,11,11,2,15,1
7.35484,82,11,8,5,16,7
3.74194,70,11,13,15
5.35484,82,11,13,2,19
11.1613,88,11,8,14,14,19,16,9,12
5.35484,82,11,2,14,4
3.74194,70,11,2,17
3.16129,88,11,20,5
5.16129,88,11,17,7,13
5.93548,64,11,20,15,7
5.67742,72,11,12,12,14,12,16
5.22581,86,11,19,17,20
5.09677,90,11,19,21,11,22
7.16129,88,11,3,14,11,19,6
3.16129,88,11,20,5
5.48387,78,11,16,9,13
5.48387,78,11,7,8,9
6.96774,94,11,7,15,3,5
3.29032,84,11,5,5,4
6.70968,102,11,14,1,16,2
9.48387,78,11,8,14,3,19,6
5.48387,78,11,16,22,20
5.74194,70,11,8,12,10
3.80645,68,11,21,10
3.87097,66,11,2,2,1
3.87097,66,11,16,6
6.77419,100,11,11,15,22,15,6,9
3.6129,74,11,17,9
9.6129,74,11,3,12,8,3,19,1
7.16129,88,11,1,15,3,9
5.80645,68,11,12,20,18
7.87097,66,11,5,9,1,18
3.87097,66,11,2,1
5.93548,64,11,21,22,8
5.93548,64,11,7,13,4
9.16129,88,11,8,19,19,1,18,4
3.6129,74,11,20,17
4.83871,98,11,7,12,5
4.58065,106,11,18,10,2
5.35484,82,11,7,7,1,18
3.54839,76,11,11,6,8
4.77419,100,11,9,12,5
7.54839,76,11,3,15,19,5
4.83871,98,11,13,21,9
5.03226,92,11,20,15,13
3.35484,82,11,4,1
5.67742,72,11,11,14,5,1
3.74194,70,11,4,3
4,62,11,4,12
6,62,11,12,12,18,9
3.54839,76,11,4,17
3.29032,84,11,5,4
3.03226,92,11,6,10
5.09677,90,11,15,16,7
3.67742,72,11,17,19
5.09677,90,11,7,12,12,6
3.93548,64,11,20,18
5.48387,78,11,22,6,18
5.6129,74,11,7,14,14,13
3.87097,66,11,13,7
6.32258,114,11,14,7,13,9
4,62,11,6,21
4.45161,110,11,7,4,9
6.70968,102,11,3,4,21,5
2.77419,100,11,13,10
7.16129,88,11,8,7,2,19
9.35484,82,11,3,19,10,16,8
6,62,11,18,17,18,21
5.6129,74,11,19,5,18
5.29032,84,11,7,2,8
5.16129,88,11,11,7,13,22
3.16129,88,11,21,6,11
5.41935,80,11,7,19,2
6.83871,98,11,14,15,13,19
5.74194,70,11,20,20,12,15
5.74194,70,11,21,15,5
4.90323,96,11,3,4,9
7.48387,78,11,19,14,17,10
6,62,11,1,6,4
4.77419,100,11,12,4,10
3.87097,66,11,10,21
4.83871,98,11,19,5,2
5.48387,78,11,15,10,1
5.41935,80,11,14,16,7
3.41935,80,11,17,4
5.35484,82,11,16,1,13
5.93548,64,11,10,14,18
5.41935,80,11,15,15,2,14
7.35484,82,11,21,19,21,4,20
6,62,11,14,11,7,17
5.67742,72,11,7,17,10
3.16129,88,11,11,20,5
3.16129,88,11,6,16
8,62,11,18,11,19,8,21
4,62,11,22,3
5.54839,76,11,12,22,3
4.90323,96,11,14,9,20
6.32258,114,11,1,4,13,5
5.29032,84,11,12,12,6,18
3.67742,72,11,17,16
6.90323,96,11,18,22,8,8,13
5.22581,86,11,7,17,13
4.83871,98,11,15,1,4
3.16129,88,11,2,10
5.74194,70,11,22,11,12,8
7.09677,90,11,7,14,19,13
5.87097,66,11,18,8,2
7.09677,90,11,21,7,6,12
3.74194,70,11,16,20
5.09677,90,11,3,11,17,8
5.22581,86,11,11,6,7,13
3.80645,68,11,11,4,11,15
5.48387,78,11,16,7,12
3.6129,74,11,9,13
5.74194,70,11,12,15,4
5.48387,78,11,10,17,16
5.09677,90,11,4,2,1
6,62,11,15,10,5
6,62,11,12,14,16
5.6129,74,11,5,8,15
3.16129,88,11,17,1
3.29032,84,11,5,4
3.80645,68,11,4,15
3.35484,82,11,20,16
4,62,11,4,12
3.16129,88,11,2,10
3.80645,68,11,22,5
6.32258,114,11,12,14,4,9
3.74194,70,11,13,3
3.16129,88,11,6,16
5.93548,64,11,15,22,9
7.41935,80,11,9,8,19,19,17
4,62,11,6,15
5.67742,72,11,11,20,12,7
3.22581,86,11,2,5
4,62,11,6,15
5.67742,72,11,7,8,15
4.96774,94,11,2,15,5
3.6129,74,11,4,19
5.74194,70,11,7,12,2
6.70968,102,11,14,20,14,1,6
3.74194,70,11,4,3
3.93548,64,11,22,1
5.6129,74,11,21,21,21,8,20
6.77419,100,11,15,7,20,6
5.41935,80,11,3,17,14
5.03226,92,11,3,6,1
5.80645,68,11,16,1,7
7.16129,88,11,19,8,16,12
4.64516,104,11,7,1,17
5.29032,84,11,12,9,18
5.48387,78,11,9,22,16
4,62,11,15,15,5
7.54839,76,11,12,11,3,11,1,6
4.32258,114,11,20,13,10
5.80645,68,11,5,14,19
5.29032,84,11,8,6,3
5.67742,72,11,10,3,14
7.35484,82,11,15,14,19,20
5.6129,74,11,9,21,8
3.74194,70,11,13,11,22
9.22581,86,11,9,15,18,14,20
3.41935,80,11,10,2
7.03226,92,11,1,3,11,22,9
9.87097,66,11,19,21,14,7,14,12
3.87097,66,11,22,22,10
7.80645,68,11,15,3,8,19
7.35484,82,11,18,8,16,19
7.54839,76,11,15,22,14,17
3.93548,64,11,12,5
7.35484,82,11,12,22,17,18
3.67742,72,11,17,19
3.93548,64,11,5,7
5.6129,74,11,11,11,22,17,22,13
3.93548,64,11,21,16
5.03226,92,11,20,15,13
7.93548,64,11,16,9,5,22
6,62,11,8,16,17
5.87097,66,11,2,12,13
5.03226,92,11,21,2,9
3.48387,78,11,6,12
5.29032,84,11,13,20,3
6.77419,100,11,9,10,8,10,6
7.29032,84,11,9,14,12,7
3.22581,86,11,2,5
3.67742,72,11,17,6
3.48387,78,11,13,17
4.96774,94,11,12,9,7
5.29032,84,11,11,18,17,2
5.29032,84,11,1,5,4
3.35484,82,11,17,12
9.67742,72,11,8,1,9,18,7
5.54839,76,11,9,9,1,17
8,62,11,11,18,12,2,20
4,62,11,22,13
4,62,11,6,13
7.48387,78,11,21,7,19,16
4,62,11,10,8,8,8,11
4,62,11,12,10
5.67742,72,11,4,21,19
5.93548,64,11,7,18,1
3.87097,66,11,10,21
4.77419,100,11,15,1,13
5.09677,90,11,22,2,19
5.80645,68,11,9,7,14
5.29032,84,11,22,21,16
7.16129,88,11,10,16,10,1,10,7
5.16129,88,11,14,7,13,14
3.80645,68,11,13,22
5.74194,70,11,3,15,5
5.29032,84,11,18,17,2
4.96774,94,11,12,13,13,9
5.74194,70,11,7,1,8
3.93548,64,11,22,1
5.6129,74,11,15,19,20
7.41935,80,11,1,11,17,11,8,7
3.80645,68,11,4,15
7.54839,76,11,16,9,14,2
7.41935,80,11,16,9,14,17
3.6129,74,11,6,19
2.96774,94,11,13,9
5.03226,92,11,14,20,9
3.35484,82,11,17,12
3.87097,66,11,11,4,22
4.77419,100,11,15,13,17
4,62,11,22,3
5.29032,84,11,4,13,19
3.87097,66,11,4,14
3.87097,66,11,2,6
3.41935,80,11,16,16,13
3.54839,76,11,6,2
4.83871,98,11,22,12,16
5.16129,88,11,18,17,3
5.87097,66,11,21,21,17,17,7
7.87097,66,11,14,19,19,7,2
5.09677,90,11,20,13,19
5.54839,76,11,3,22,5
5.41935,80,11,22,4,12
3.74194,70,11,16,20
5.54839,76,11,3,3,17,21
2.83871,98,11,4,10
5.54839,76,11,9,18,20
3.35484,82,11,14,4,11
6,62,11,5,1,14
8.32258,114,11,1,8,3,13,10
5.87097,66,11,10,19,1
7.35484,82,11,12,15,22,5
4,62,11,6,15
5.6129,74,11,14,11,10,3
3.6129,74,11,13,18
6.45161,110,11,12,3,3,16,20
5.54839,76,11,5,22,14
5.93548,64,11,6,22,15
3.93548,64,11,17,11,16
5.80645,68,11,11,2,11,3,20
5.16129,88,11,19,16,2
4.90323,96,11,12,17,2
3.6129,74,11,13,18
7.67742,72,11,1,4,13,21
5.80645,68,11,1,13,20
5.22581,86,11,15,9,17
7.16129,88,11,21,12,13,14
5.87097,66,11,16,7,21
2.77419,100,11,13,10
3.35484,82,11,10,4
5.87097,66,11,8,10,18
7.6129,74,11,11,3,11,12,22,12,8
4.83871,98,11,4,21,4,1
5.09677,90,11,2,22,9
7.41935,80,11,21,18,21,15,2
3.80645,68,11,7,10
5.48387,78,11,7,20,13
3.80645,68,11,9,20
5.48387,78,11,7,1,10
5.67742,72,11,7,3,19
9.54839,76,11,3,12,2,21,17
3.6129,74,11,4,8
2.96774,94,11,4,16
3.93548,64,11,22,1
4.45161,110,11,18,4,9
4.64516,104,11,7,2,9
7.54839,76,11,19,3,21,3,3,20
5.54839,76,11,5,18,1
3.6129,74,11,10,6
3.93548,64,11,4,20
3.80645,68,11,17,21
4.83871,98,11,12,9,21
5.74194,70,11,16,19,17
5.03226,92,11,19,10,6
5.93548,64,11,6,22,15
3.67742,72,11,17,14
7.22581,86,11,1,10,17,12
5.48387,78,11,10,17,5
5.41935,80,11,22,14,8,22
7.67742,72,11,14,15,13,2
5.09677,90,11,2,7,16
5.74194,70,11,3,3,11,12,16
9.16129,88,11,9,9,10,19,15,16
4,62,11,20,22
5.80645,68,11,19,9,15
5.29032,84,11,22,6,8
3.87097,66,11,22,10
3.67742,72,11,4,18
5.29032,84,11,14,15,10,11
5.22581,86,11,12,17,16
7.93548,64,11,10,16,5,5,16,8
3.87097,66,11,2,1
5.6129,74,11,7,18,20
3.93548,64,11,20,18
3.93548,64,11,22,1
7.35484,82,11,3,21,4,17
3.35484,82,11,2,16
5.6129,74,11,2,22,22,14
7.6129,74,11,14,19,9,18
7.80645,68,11,11,19,15,6,21
5.29032,84,11,13,20,14
5.80645,68,11,2,20,7
5.93548,64,11,20,2,14
5.29032,84,11,10,18,4
5.29032,84,11,13,20,3
5.6129,74,11,13,2,7
7.87097,66,11,5,9,1,18
5.22581,86,11,22,21,9
7.93548,64,11,12,22,7,14
3.74194,70,11,16,2
5.48387,78,11,7,3,18
5.16129,88,11,17,7,20
8.64516,104,11,8,21,19,12,5
7.41935,80,11,12,21,1,5
5.22581,86,11,6,22,12
7.48387,78,11,8,12,3,6
3.93548,64,11,4,7
7.93548,64,11,15,7,2,20
3.74194,70,11,2,17
5.35484,82,11,9,7,13
6,62,11,18,3,21
6.96774,94,11,8,16,1,4
5.54839,76,11,21,12,6
5.16129,88,11,14,5,22
3.54839,76,11,5,6
5.09677,90,11,16,17,17,17,3
3.87097,66,11,2,6
5.74194,70,11,3,6,15
3.35484,82,11,20,16
3.6129,74,11,20,17
7.16129,88,11,5,16,15,2
5.67742,72,11,8,20,8,11,7
5.41935,80,11,8,2,8,19,2
4,62,11,22,13
4,62,11,22,22,13
5.22581,86,11,12,17,6
7.41935,80,11,19,15,4,7
5.67742,72,11,14,12,5
5.54839,76,11,12,22,13
5.93548,64,11,22,7,13
5.35484,82,11,14,5,8
7.29032,84,11,12,7,14,20
7.80645,68,11,21,21,1,21,14,19
7.74194,70,11,19,21,19,14,9
5.16129,88,11,11,17,7,3
5.87097,66,11,7,7,18,18,17
5.87097,66,11,14,4,7
6,62,11,3,18,20
5.93548,64,11,6,22,15
3.6129,74,11,4,8
3.6129,74,11,7,12,11
3.80645,68,11,20,1
7.35484,82,11,12,8,18,15,12
5.35484,82,11,22,17,12
5.03226,92,11,5,5,22,1
5.35484,82,11,10,14,2
5.29032,84,11,13,11,14,9
3.35484,82,11,2,9
5.87097,66,11,12,12,12,4,20
5.93548,64,11,9,9,17,7
7.67742,72,11,5,9,16,16,12
3.74194,70,11,13,3
7.93548,64,11,8,7,15,20
6.83871,98,11,3,21,1,4
3.6129,74,11,6,19
5.93548,64,11,22,15,20
3.67742,72,11,4,18
7.29032,84,11,9,9,10,8,4
7.29032,84,11,8,16,10,10,21
4.96774,94,11,2,22,5
3.93548,64,11,22,1
5.09677,90,11,2,3,5
5.80645,68,11,12,16,5
3.35484,82,11,4,11,6
5.41935,80,11,16,15,10
6,62,11,9,14,3
3.16129,88,11,17,1
3.93548,64,11,4,7
7.16129,88,11,3,2,7,1
5.54839,76,11,1,4,3
3.35484,82,11,2,9
3.74194,70,11,16,20
5.54839,76,11,11,22,12,8
4.77419,100,11,22,4,1
7.16129,88,11,15,11,5,10,14
7.35484,82,11,16,15,18,9
3.22581,86,11,10,13
5.67742,72,11,2,7,6
5.6129,74,11,13,6,4
5.35484,82,11,20,15,12
7.87097,66,11,18,18,14,9,14,8
3.74194,70,11,16,2
6,62,11,19,11,12,22
4.64516,104,11,19,10,13
5.16129,88,11,17,22,22,9
5.67742,72,11,18,9,19
2.77419,100,11,4,5
2.77419,100,11,4,5
5.67742,72,11,11,14,17,19
2.77419,100,11,13,10
5.09677,90,11,15,6,1
3.80645,68,11,13,14
5.54839,76,11,22,8,15
3.87097,66,11,10,21
5.35484,82,11,20,15,12
5.03226,92,11,8,20,9
5.16129,88,11,7,6,1
7.93548,64,11,11,1,17,22,15
5.54839,76,11,1,16,4
6.83871,98,11,19,12,4,1
5.74194,70,11,17,17,22,21
5.41935,80,11,15,9,19
7.6129,74,11,16,10,10,1,15
3.16129,88,11,20,5
2.77419,100,11,13,6,11
5.54839,76,11,14,9,3
3.16129,88,11,2,10
3.22581,86,11,2,5
5.48387,78,11,16,7,12
3.41935,80,11,17,8
9.22581,86,11,14,22,6,22,15,10
5.29032,84,11,9,10,13
3.87097,66,11,10,21
5.48387,78,11,14,6,6,12
3.87097,66,11,7,9
5.48387,78,11,22,6,17
5.48387,78,11,12,20,17
7.80645,68,11,12,21,14,11,3
5.6129,74,11,22,19,10
4.96774,94,11,14,2,14,2,5
4.70968,102,11,14,4,5
4.90323,96,11,14,14,16,20
5.93548,64,11,8,18,11,9
3.74194,70,11,6,18
3.6129,74,11,6,19
6,62,11,16,5,3
5.67742,72,11,3,9,22
3.35484,82,11,6,3
4.77419,100,11,3,16,13
9.41936,80,11,19,11,14,21,3,18
5.87097,66,11,20,21,18
7.93548,64,11,8,1,11,3,4
6,62,11,7,14,1
4,62,11,4,12
5.74194,70,11,1,2,2,18
7.03226,92,11,18,21,18,14,11,22
3.29032,84,11,5,4
5.87097,66,11,10,19,21
7.67742,72,11,19,19,12,2,12,4
5.80645,68,11,11,15,12,13
5.67742,72,11,10,16,11,12
3.6129,74,11,11,14,10,11
3.80645,68,11,11,4,15
5.54839,76,11,10,5,10,6
3.35484,82,11,17,11,13
5.54839,76,11,22,7,5
5.48387,78,11,1,4,18
3.29032,84,11,21,21,21,13,11
5.67742,72,11,12,22,12,22,4
7.54839,76,11,9,18,21,4
5.67742,72,11,9,18,10
5.35484,82,11,7,2,7,3
3.87097,66,11,2,2,6
8.96774,94,11,8,9,10,16,6
5.67742,72,11,2,13,7
5.67742,72,11,9,18,10
7.6129,74,11,11,2,20,21,4
3.09677,90,11,6,9
5.22581,86,11,18,13,7
5.41935,80,11,21,3,5
7.35484,82,11,22,21,22,18,18,16
5.54839,76,11,16,14,14,6
7.41935,80,11,11,7,14,8,10
5.87097,66,11,9,14,1
5.16129,88,11,16,11,7,10
3.67742,72,11,4,18
4.25806,116,11,15,10,20
5.54839,76,11,21,1,21,17
7.48387,78,11,18,22,8,15
3.74194,70,11,7,5
4,62,11,2,8
4.90323,96,11,7,13,8
5.16129,88,11,3,9,9,6
2.90323,96,11,18,13,11
3.87097,66,11,11,2,1
7.03226,92,11,16,10,16,5,20
5.93548,64,11,20,2,7
3.80645,68,11,7,10
5.22581,86,11,18,1,6
5.54839,76,11,11,12,22,3
2.83871,98,11,4,10
6,62,11,12,20,14
5.74194,70,11,11,19,10,8
7.16129,88,11,18,4,13,7
3.35484,82,11,2,16
5.80645,68,11,14,17,18
3.35484,82,11,2,9
3.80645,68,11,20,12,11
3.67742,72,11,1,20,11
3.80645,68,11,13,14
2.96774,94,11,7,7,4,4,11
3.29032,84,11,6,1
5.22581,86,11,21,11,5,22
5.09677,90,11,15,11,15,2,6
8.83871,98,11,14,18,16,5,12
5.87097,66,11,9,18,1
7.09677,90,11,1,13,2,8
3.87097,66,11,2,6
5.16129,88,11,19,17,1
3.93548,64,11,4,20
5.67742,72,11,11,21,3,15
5.48387,78,11,11,15,17,15,5
3.35484,82,11,13,13,1
3.87097,66,11,4,14
9.35484,82,11,19,8,19,21,14,10
5.87097,66,11,11,9,15,8
6.45161,110,11,12,9,16,16,20
3.93548,64,11,4,7
7.22581,86,11,10,8,3,7
3.87097,66,11,7,9
5.6129,74,11,1,6,17
3.87097,66,11,2,1
5.93548,64,11,11,14,14,21,9
5.48387,78,11,21,21,17,5
5.80645,68,11,5,17,7
5.67742,72,11,17,22,14
3.35484,82,11,13,1
3.80645,68,11,17,21
