5.6129,74,7,20,20,3,18
7.41935,80,7,6,4,2,18
3.29032,84,7,9,6
5.22581,86,7,18,16,20
5.22581,86,7,19,6,12
5.16129,88,7,9,19,5
6,62,7,21,21,8,6
5.09677,90,7,8,13,14
3.80645,68,7,6,5
3.80645,68,7,6,5
7.80645,68,7,22,10,9,18
6.90323,96,7,2,12,2,4,11
6,62,7,14,12,14,5
9.54839,76,7,7,22,9,16,19,11
9.09678,90,7,8,1,14,19,6
5.29032,84,7,20,4,18
7.74194,70,7,14,7,7,15,15,6,19
9.09677,90,7,18,15,9,5,14
3.54839,76,7,5,22
7.03226,92,7,8,14,1,13
3.74194,70,7,10,15
3.87097,66,7,13,8
3.03226,92,7,9,4
4,62,7,1,22
7.09677,90,7,7,8,3,13,14
5.93548,64,7,8,11,22
6.25806,116,7,15,11,5,4
2.96774,94,7,5,2
7.03226,92,7,22,22,17,17,10,6
5.6129,74,7,18,2,18,5
7.41935,80,7,22,7,17,17,9,3
4,62,7,16,16,22
5.22581,86,7,18,12,7,16
5.48387,78,7,2,3,16
9.48387,78,7,15,8,16,16,8,11,12
5.87097,66,7,12,11,18
7.41935,80,7,21,20,3,2
4,62,7,11,22
7.67742,72,7,21,15,8,8,5
3.03226,92,7,7,3,3,16,7
5.80645,68,7,11,8,10
3.87097,66,7,13,11
5.74194,70,7,14,11,4
3.80645,68,7,9,22
7.93548,64,7,15,7,21,17,18
7.03226,92,7,14,7,22,9,5,22
5.80645,68,7,3,2,21
3.6129,74,7,11,17
5.03226,92,7,15,13,9
6,62,7,21,13,22
5.41935,80,7,6,8,5
5.74194,70,7,17,2,21
3.03226,92,7,9,13
9.41936,80,7,18,1,18,14,19,2
4.90323,96,7,11,10,12
4.64516,104,7,14,10,2
5.67742,72,7,8,9,19
5.74194,70,7,22,10,15
5.29032,84,7,16,10,12
5.22581,86,7,20,13,8
6.58065,106,7,17,10,5,13
7.16129,88,7,7,6,7,21,1,2
5.80645,68,7,1,8,10
6.96774,94,7,8,3,20,6
5.93548,64,7,15,4,7,15,18
2.96774,94,7,16,13
8,62,7,22,4,21,21,18
5.93548,64,7,17,12,3
5.87097,66,7,6,22,9
5.35484,82,7,2,1,12
3.74194,70,7,3,17
5.67742,72,7,17,3,19
5.48387,78,7,5,9,22
3.16129,88,7,21,9,7
5.48387,78,7,11,18,9
5.09677,90,7,11,5,14
5.74194,70,7,19,17,21
3.93548,64,7,12,16
5.6129,74,7,17,4,12
4,62,7,16,22
5.35484,82,7,3,20,20,15
5.41935,80,7,3,4,12
5.54839,76,7,19,20,4
3.09677,90,7,13,5
5.80645,68,7,19,13,2
5.41935,80,7,1,19,4
7.67742,72,7,14,11,19,10
7.35484,82,7,17,17,15,8,5
5.54839,76,7,16,10,22
7.48387,78,7,15,8,22,3
3.22581,86,7,5,21
4.77419,100,7,18,2,10
4,62,7,17,19,7
7.6129,74,7,12,2,20,3
3.93548,64,7,4,11
3.93548,64,7,13,18
5.16129,88,7,2,20,5
3.41935,80,7,7,10,21
5.74194,70,7,12,8,10
5.16129,88,7,13,6,20
7.09677,90,7,21,7,18,17,20
5.67742,72,7,12,8,2
7.93548,64,7,15,2,20,4
4,62,7,1,22
5.22581,86,7,14,7,10,9,14
5.80645,68,7,18,9,3
4.90323,96,7,4,2,10
4,62,7,11,2
5.22581,86,7,6,17,3
7.29032,84,7,18,22,8,17
4.83871,98,7,20,11,13
7.41936,80,7,2,13,20,20,4
5.41935,80,7,18,20,1
4.64516,104,7,1,5,2
6.51613,108,7,15,8,6,10
3.09677,90,7,5,7,14,5
5.54839,76,7,16,11,1,16
7.67742,72,7,12,8,11,16
5.03226,92,7,19,13,18
7.48387,78,7,21,18,3,4
4.32258,114,7,3,9,4
4.77419,100,7,6,1,4
5.29032,84,7,2,15,13
4,62,7,12,17
4.96774,94,7,20,20,8,6
3.16129,88,7,13,16
4.83871,98,7,15,13,5
5.74194,70,7,12,19,5
3.87097,66,7,9,3
5.16129,88,7,4,17,19
3.22581,86,7,9,20
5.6129,74,7,12,1,21
6.70968,102,7,2,4,21,5
7.03226,92,7,14,7,19,16,21
3.29032,84,7,20,10
5.48387,78,7,16,11,5
3.93548,64,7,12,16
3.67742,72,7,10,14
5.87097,66,7,8,1,2
3.48387,78,7,20,9
6.32258,114,7,22,21,9,13
5.87097,66,7,12,22,14
3.74194,70,7,5,8
3.29032,84,7,20,5
5.09677,90,7,22,4,5
4.96774,94,7,22,10,2
7.22581,86,7,14,19,2,18
6.45161,110,7,17,22,9,20
5.67742,72,7,11,11,14,4
7.80645,68,7,4,13,14,19
5.87097,66,7,2,22,19
7.41935,80,7,3,21,14,2
5.29032,84,7,16,19,5
8.25806,116,7,15,22,1,5,20
5.09677,90,7,22,20,5
2.96774,94,7,10,2
3.74194,70,7,4,12,7
6,62,7,12,13,21
5.22581,86,7,21,10,15
3.80645,68,7,12,5
3.35484,82,7,4,10
7.48387,78,7,18,19,11,3,11,7
4,62,7,16,22
6,62,7,1,1,18,19
5.93548,64,7,6,15,16
5.67742,72,7,7,11,14,11,21
6,62,7,11,10,16
5.87097,66,7,3,16,5
5.22581,86,7,8,17,19
5.74194,70,7,10,1,3
9.48387,78,7,14,2,14,11,1,5
7.16129,88,7,19,15,16,3
7.67742,72,7,15,20,2,11
3.87097,66,7,10,8
5.80645,68,7,9,19,14
3.29032,84,7,20,5
5.54839,76,7,2,13,13,17
3.29032,84,7,20,10
3.6129,74,7,7,2,16
3.74194,70,7,20,17
3.74194,70,7,10,15
3.87097,66,7,7,9,14
3.54839,76,7,5,14
7.16129,88,7,11,14,8,8,6
7.54839,76,7,14,5,16,1
4.96774,94,7,6,12,10
5.67742,72,7,17,6,7,18
5.16129,88,7,4,3,5
3.35484,82,7,4,10
9.29032,84,7,18,15,12,14,13
5.80645,68,7,4,22,6
3.87097,66,7,4,1
5.16129,88,7,2,8,4
3.67742,72,7,1,4
4.77419,100,7,2,1,4
9.29032,84,7,21,3,12,14,16
7.74194,70,7,13,4,12,21
5.16129,88,7,12,11,17
5.16129,88,7,12,6,17
7.87097,66,7,12,15,22,19
3.93548,64,7,7,12,16
5.67742,72,7,2,15,7,17
6.32258,114,7,21,22,9,13
5.74194,70,7,16,19,3
5.93548,64,7,21,20,19
7.16129,88,7,19,18,18,12,5
5.87097,66,7,10,1,8
5.22581,86,7,8,5,3
5.22581,86,7,16,5,12
7.16129,88,7,14,15,6,11
3.6129,74,7,16,12
5.6129,74,7,13,22,19
7.80645,68,7,12,3,21,3,1
5.35484,82,7,8,4,22
3.67742,72,7,1,6
7.74194,70,7,18,12,15,8
7.35484,82,7,19,8,22,9
3.6129,74,7,16,12
5.35484,82,7,2,14,10
7.67742,72,7,12,18,12,21,20
3.41935,80,7,16,6
5.6129,74,7,14,6,7,6,22
3.48387,78,7,20,9
4,62,7,12,9
5.29032,84,7,8,10,3
4,62,7,16,22
5.67742,72,7,7,9,19,15
6.58065,106,7,15,8,20,16
5.22581,86,7,5,16,21
3.80645,68,7,9,22
4,62,7,12,9
6,62,7,12,22,18
5.35484,82,7,4,7,13,22
5.41935,80,7,3,13,20
5.80645,68,7,17,4,2
5.93548,64,7,6,15,11
5.80645,68,7,4,7,12,11
3.6129,74,7,5,15
5.87097,66,7,5,10,11
9.09677,90,7,19,8,12,20,22
4.45161,110,7,20,13,5
5.03226,92,7,19,9,2
3.67742,72,7,10,22
5.22581,86,7,6,3,16
5.48387,78,7,17,17,12,1
5.22581,86,7,16,7,2,15
3.87097,66,7,12,10
3.29032,84,7,7,13,9
3.29032,84,7,16,20
4,62,7,16,16,22
5.80645,68,7,12,19,18,12
6.83871,98,7,22,8,16,6
3.80645,68,7,11,13
5.74194,70,7,8,22,18,18,18,18,7
5.87097,66,7,13,6,22
4.90323,96,7,4,3,17
2.77419,100,7,5,4
7.54839,76,7,12,18,14,16
11.1613,88,7,7,15,18,22,18,19,9,3
3.54839,76,7,7,19,4,7
5.41935,80,7,16,1,15
3.48387,78,7,20,9
7.6129,74,7,15,11,21,2
5.29032,84,7,1,3,6
3.29032,84,7,16,20
5.35484,82,7,15,9,20
5.67742,72,7,5,9,18
2.90323,96,7,10,4
7.35484,82,7,2,13,20,3
5.03226,92,7,20,22,10
7.67742,72,7,14,18,3,21,7
3.29032,84,7,20,5
7.22581,86,7,15,4,4,14,14,14,17
5.22581,86,7,8,5,15
7.41935,80,7,19,22,6,17
4,62,7,10,11
7.87097,66,7,3,1,14,18
3.93548,64,7,16,3
4,62,7,6,16
4,62,7,3,10
3.16129,88,7,10,6
5.74194,70,7,13,3,12
3.87097,66,7,10,18
5.09677,90,7,17,12,6
5.87097,66,7,20,12,4
3.22581,86,7,9,20
4.70968,102,7,4,17,20
5.41935,80,7,22,2,9
4,62,7,16,15
5.48387,78,7,21,7,13,19
3.87097,66,7,9,14
3.80645,68,7,3,7,7,5
6.90323,96,7,6,4,6,13,1
5.48387,78,7,4,14,17
3.93548,64,7,16,3
5.6129,74,7,7,18,21,21,20,7
5.93548,64,7,14,12,9
5.22581,86,7,6,6,4,16
7.29032,84,7,10,9,5,22
4.96774,94,7,21,5,14
5.6129,74,7,11,8,4
9.54839,76,7,14,8,15,22,13
6.12903,120,7,3,1,16,13
5.93548,64,7,13,21,4
7.22581,86,7,21,20,15,11
5.48387,78,7,15,19,20,7
7.09677,90,7,13,4,13,12,9
7.22581,86,7,21,11,16,15
5.87097,66,7,4,8,14
3.93548,64,7,16,7,11
5.48387,78,7,8,7,8,10,18
3.93548,64,7,20,1
3.54839,76,7,5,14
5.67742,72,7,18,10,15
7.29032,84,7,18,22,3,9
5.6129,74,7,2,6,4
5.80645,68,7,5,5,10,17
7.48387,78,7,17,22,13,20
5.74194,70,7,20,14,11
10,62,7,18,14,5,9,16
5.22581,86,7,8,4,3
5.74194,70,7,9,10,9,17
5.67742,72,7,1,21,19
5.67742,72,7,7,15,20,6
5.22581,86,7,9,5,12
3.6129,74,7,11,17
7.67742,72,7,19,14,6,21
7.80645,68,7,21,15,1,10
5.16129,88,7,4,18,20
4.77419,100,7,14,4,5
3.48387,78,7,20,16
5.41935,80,7,16,18,1
5.80645,68,7,1,12,1,9
5.67742,72,7,12,2,18
4.96774,94,7,17,16,20
5.6129,74,7,19,21,9
5.6129,74,7,15,1,4
5.22581,86,7,6,17,3
5.87097,66,7,22,4,17
5.54839,76,7,16,10,22
3.80645,68,7,11,13
5.41935,80,7,8,22,7,11
5.6129,74,7,2,13,11
5.54839,76,7,2,22,4
7.87097,66,7,15,19,15,8,5
5.03226,92,7,15,5,2
5.35484,82,7,2,1,12
3.67742,72,7,11,6
5.22581,86,7,12,4,11
7.74194,70,7,15,21,11,8,15
7.6129,74,7,14,21,12,9
7.6129,74,7,21,20,14,1
7.41935,80,7,14,14,19,4,20
6.45161,110,7,2,12,2,4,16
5.74194,70,7,8,10,8,15
7.74194,70,7,14,1,18,21
9.54839,76,7,22,21,19,14,10
4,62,7,20,19
3.16129,88,7,16,4
6,62,7,14,22,8,14
3.74194,70,7,5,7,1
5.35484,82,7,1,14,1,14,10
3.87097,66,7,13,8
3.09677,90,7,13,5
4.83871,98,7,2,20,7,10
5.87097,66,7,20,21,6
3.54839,76,7,3,2,7
5.54839,76,7,17,22,18,7,18,17
4,62,7,6,16
5.54839,76,7,2,12,6
5.41935,80,7,21,10,19
5.87097,66,7,22,8,13
6.96774,94,7,18,19,6,20
7.80645,68,7,22,22,15,20,8
7.29032,84,7,15,22,1,13
3.48387,78,7,20,20,16
6.58065,106,7,14,4,6,6,10
4.51613,108,7,17,20,16
7.48387,78,7,17,22,1,16
9.16129,88,7,15,21,2,14,10
5.6129,74,7,11,21,20
3.03226,92,7,9,13
6,62,7,21,3,4
3.93548,64,7,20,1
7.41935,80,7,1,10,16,18
5.87097,66,7,3,16,5
4.64516,104,7,13,20,10
3.67742,72,7,10,22
5.6129,74,7,20,4,12
4.83871,98,7,17,10,20
5.6129,74,7,12,20,19
3.35484,82,7,4,10
5.80645,68,7,13,4,19
3.93548,64,7,12,16
5.35484,82,7,2,7,17,3
5.80645,68,7,8,15,21,8
3.6129,74,7,11,17
5.41935,80,7,13,3,21
6.90323,96,7,22,4,13,16
5.41935,80,7,12,22,20
5.35484,82,7,15,20,9
5.54839,76,7,18,2,21,18
5.54839,76,7,6,14,6,2
7.6129,74,7,14,21,18,13
4,62,7,1,1,22
3.29032,84,7,4,5
6.51613,108,7,20,2,4,9
5.29032,84,7,19,22,19,16,22
5.80645,68,7,8,5,5,8,21
6,62,7,4,14,12
4,62,7,16,17
5.48387,78,7,11,18,11,21
3.6129,74,7,9,12
4.64516,104,7,17,5,4
4,62,7,11,20
9.6129,74,7,18,5,10,16,19
3.93548,64,7,1,2
4,62,7,6,16
5.54839,76,7,8,9,15
7.16129,88,7,10,16,5,5,15
5.87097,66,7,8,4,8,11
5.67742,72,7,6,6,1,9
5.48387,78,7,1,1,19,6
5.41935,80,7,4,18,16
3.67742,72,7,10,7,16
5.80645,68,7,14,9,19
3.41935,80,7,10,12
4.96774,94,7,16,1,4
5.41935,80,7,20,11,16
9.41936,80,7,22,8,14,3,4
5.48387,78,7,17,2,3
5.29032,84,7,20,4,18
5.80645,68,7,16,18,19
5.48387,78,7,15,5,10,7
4.45161,110,7,20,2,7,2,9
3.80645,68,7,11,13
5.35484,82,7,21,9,14
5.74194,70,7,5,10,18
7.74194,70,7,3,7,22,12,14
9.67742,72,7,15,18,1,5,1,10
7.93548,64,7,14,22,14,9,10
3.6129,74,7,2,9
5.93548,64,7,4,15,14
7.09677,90,7,18,21,13,21,10
5.54839,76,7,2,1,1,16
5.48387,78,7,18,7,1,20
3.09677,90,7,13,5
7.16129,88,7,1,8,15,4
5.93548,64,7,21,12,12,17
5.03226,92,7,6,6,6,6,20,1
7.22581,86,7,7,18,18,13,2,22
7.41935,80,7,17,19,21,13
3.67742,72,7,10,14
3.09677,90,7,13,5
3.54839,76,7,5,14
3.48387,78,7,4,16
6.83871,98,7,8,14,6,11
5.67742,72,7,11,7,14,17
5.74194,70,7,22,4,11
5.67742,72,7,10,1,19
7.67742,72,7,18,7,15,4,15,15,1
5.16129,88,7,3,15,5
3.6129,74,7,5,15
4,62,7,9,18
7.22581,86,7,10,5,1,21
4.70968,102,7,1,5,5,6
6,62,7,12,21,17
6.3871,112,7,15,14,5,4
4.83871,98,7,7,11,21,10
3.48387,78,7,20,16
9.29032,84,7,22,19,15,17,4
7.74194,70,7,22,3,8,2
4.64516,104,7,8,5,6
5.87097,66,7,15,7,10,11
3.93548,64,7,16,16,14
7.22581,86,7,13,21,15,16
3.74194,70,7,5,8
5.93548,64,7,8,18,10
5.03226,92,7,3,4,4,19
7.22581,86,7,17,22,20,15
3.74194,70,7,11,4
2.96774,94,7,16,13
3.29032,84,7,4,5
5.29032,84,7,7,8,6,18
7.67742,72,7,21,18,9,11
3.93548,64,7,9,15
6.64516,104,7,21,2,11,17
5.29032,84,7,8,1,16,7
5.29032,84,7,20,14,16
5.74194,70,7,11,3,19,11
5.80645,68,7,21,7,8,6
7.80645,68,7,22,11,12,14
4,62,7,1,22
3.6129,74,7,9,12
6.77419,100,7,12,8,21,10
5.93548,64,7,6,15,1
5.67742,72,7,10,9,14
7.35484,82,7,9,5,9,9,11,18
4.90323,96,7,17,9,2
5.93548,64,7,17,22,5
5.87097,66,7,1,21,15
4.90323,96,7,5,9,20
7.67742,72,7,3,19,21,22
3.03226,92,7,9,4
5.67742,72,7,10,7,19,1
5.80645,68,7,20,3,3,1
3.87097,66,7,13,19
5.16129,88,7,11,5,15
4.70968,102,7,8,17,1
7.35484,82,7,22,1,16,15
5.29032,84,7,8,22,7,16
3.87097,66,7,10,18
3.22581,86,7,9,2
4.58065,106,7,8,6,10
3.6129,74,7,2,16
3.80645,68,7,4,18,7
3.93548,64,7,10,19
5.74194,70,7,20,2,6
6.64516,104,7,19,8,10,10,6
7.41936,80,7,14,18,3,6
5.35484,82,7,8,22,5
5.22581,86,7,8,5,3
5.6129,74,7,15,7,3,17
5.80645,68,7,8,15,3
3.6129,74,7,1,13
7.16129,88,7,14,16,5,22
7.54839,76,7,22,17,22,4,8
7.93548,64,7,21,12,18,1
7.16129,88,7,21,7,14,1,13
3.09677,90,7,1,5,7
7.48387,78,7,8,11,18,16
4.96774,94,7,19,10,10,6
3.6129,74,7,16,12
7.87097,66,7,18,12,4,6
5.09677,90,7,12,20,9
7.35484,82,7,15,3,18,20
7.35484,82,7,18,21,21,12,18,17
5.41935,80,7,2,3,13
5.54839,76,7,17,13,21
5.93548,64,7,17,1,1,11
5.6129,74,7,1,3,22
5.22581,86,7,16,8,10
3.16129,88,7,13,16
9.80645,68,7,15,14,11,1,22
6,62,7,12,13,20
4.32258,114,7,8,5,13
4.58065,106,7,14,10,4
3.93548,64,7,16,14
5.35484,82,7,21,10,18
5.35484,82,7,11,3,17
4.45161,110,7,19,19,4,10
4.19355,118,7,17,13,5
7.54839,76,7,15,6,17,21
3.87097,66,7,9,3
6.51613,108,7,19,2,20,9
4,62,7,12,9
4.70968,102,7,6,11,17
3.93548,64,7,2,7,12,2
5.29032,84,7,1,14,1,20
3.29032,84,7,20,10
5.54839,76,7,10,5,14
6.96774,94,7,8,1,12,17
4.64516,104,7,18,13,9
7.22581,86,7,17,22,11,21
5.54839,76,7,5,9,14
3.48387,78,7,2,5
7.03226,92,7,18,22,16,12
5.93548,64,7,22,22,22,10,17
5.54839,76,7,18,11,6
2.96774,94,7,16,13
5.80645,68,7,22,6,16
5.74194,70,7,6,3,19
7.6129,74,7,21,8,18,2
3.74194,70,7,20,17
5.67742,72,7,16,19,21
4.64516,104,7,18,13,9
7.03226,92,7,11,18,14,10
3.6129,74,7,2,9
4.96774,94,7,10,5,2
3.93548,64,7,12,16
5.54839,76,7,2,11,12
7.41935,80,7,8,16,10,19
5.67742,72,7,2,15,6
3.48387,78,7,20,16
4,62,7,6,6,16
7.29032,84,7,21,2,15,9
5.03226,92,7,4,13,5
5.03226,92,7,8,10,12
4.90323,96,7,5,1,20
5.6129,74,7,7,21,16,8
5.29032,84,7,8,19,10,8
3.80645,68,7,13,17
7.54839,76,7,19,22,12,12,18
4.90323,96,7,4,17,8
5.35484,82,7,11,5,17
4.19355,118,7,3,4,5
5.54839,76,7,17,9,3
5.80645,68,7,22,3,5
5.93548,64,7,8,11,20
5.93548,64,7,22,21,5
5.67742,72,7,22,7,5,19
5.87097,66,7,8,14,5
5.54839,76,7,9,16,21
5.22581,86,7,3,2,6
3.87097,66,7,13,19
3.93548,64,7,12,16
5.22581,86,7,21,19,7,5
3.80645,68,7,5,19
5.48387,78,7,3,20,4
5.22581,86,7,5,9,21
4.90323,96,7,9,10,2
3.87097,66,7,9,14
5.22581,86,7,3,21,16
7.74194,70,7,3,12,2,21
6,62,7,8,20,2
3.67742,72,7,10,14
5.80645,68,7,18,2,3
6.25806,116,7,22,21,10,2
7.54839,76,7,7,14,15,1,18
5.48387,78,7,3,13,12
4,62,7,3,5
5.29032,84,7,2,19,17
5.09677,90,7,22,20,20,5
4,62,7,3,10
4.58065,106,7,8,10,2
6,62,7,1,19,11
5.6129,74,7,12,3,6
5.29032,84,7,3,1,6
5.03226,92,7,15,5,2
7.48387,78,7,19,15,1,5
7.29032,84,7,4,12,21,17
5.80645,68,7,22,11,20
3.09677,90,7,5,1,7
5.54839,76,7,3,11,13
3.16129,88,7,10,6
5.67742,72,7,4,4,2,19
3.93548,64,7,12,16
4.77419,100,7,3,4,1
4.90323,96,7,1,21,9
4,62,7,12,17
3.74194,70,7,10,15
3.22581,86,7,5,21
3.93548,64,7,12,16
6.32258,114,7,14,14,8,14,13,5
6.32258,114,7,19,15,9,13
3.74194,70,7,10,15
9.16129,88,7,21,3,14,19,20
5.03226,92,7,6,13,9
8.83871,98,7,15,22,6,4,9
5.54839,76,7,3,22,6
3.6129,74,7,12,11,7
3.35484,82,7,20,8,7
7.67742,72,7,22,12,1,10
2.96774,94,7,10,20
3.6129,74,7,9,12
5.6129,74,7,7,10,1,14
5.87097,66,7,15,5,19
7.22581,86,7,15,15,11,18,2
5.67742,72,7,4,2,11
5.35484,82,7,8,4,14
7.54839,76,7,21,15,8,4
3.6129,74,7,1,17
7.48387,78,7,17,5,10,15
5.48387,78,7,17,2,3
3.22581,86,7,10,1,7
6.25806,116,7,21,22,13,16
3.93548,64,7,1,2
4.90323,96,7,19,6,16
3.87097,66,7,13,19
5.80645,68,7,18,13,6
7.03226,92,7,7,1,14,15,13
7.35484,82,7,21,8,2,14
6,62,7,15,3,18,7
5.09677,90,7,6,1,22
5.74194,70,7,20,12,14,7
3.87097,66,7,9,17
7.87097,66,7,7,4,13,12,19
7.29032,84,7,21,13,20,11
5.41935,80,7,7,18,20,1
5.74194,70,7,18,5,17
7.74194,70,7,22,18,18,3,10
5.87097,66,7,2,13,14
3.80645,68,7,7,9,22
5.48387,78,7,2,15,3
7.09677,90,7,14,15,12,10
5.48387,78,7,5,1,14
7.48387,78,7,12,3,18,17
5.16129,88,7,3,22,20
6.96774,94,7,18,2,13,19
5.54839,76,7,15,1,17
5.67742,72,7,18,6,19
5.87097,66,7,4,22,19
3.54839,76,7,3,2,7
6.96774,94,7,21,9,16,12
5.48387,78,7,18,13,22
5.87097,66,7,4,8,19
4.64516,104,7,6,2,5
7.67742,72,7,8,14,4,21
3.80645,68,7,11,13
3.48387,78,7,20,16
4.90323,96,7,6,11,13
7.87097,66,7,18,15,19,20
5.48387,78,7,15,10,21
4,62,7,3,10
3.35484,82,7,4,10
5.48387,78,7,17,12,1
5.16129,88,7,20,15,20,18
5.74194,70,7,14,5,1
6.70968,102,7,8,22,21,10
6.64516,104,7,14,15,2,16
3.67742,72,7,1,6
7.93548,64,7,8,14,19,8,14,7,15
5.54839,76,7,3,12,17
3.67742,72,7,1,3,7
3.80645,68,7,7,7,11,13
2.77419,100,7,10,13
7.35484,82,7,4,4,22,15,15,16
5.35484,82,7,4,20,19
4,62,7,2,17
5.29032,84,7,2,19,17
2.96774,94,7,5,2
3.67742,72,7,11,6
4.77419,100,7,19,6,10
7.22581,86,7,8,2,8,19,10
7.09677,90,7,17,15,2,8
3.35484,82,7,3,20,7
9.41936,80,7,18,19,21,15,13
5.80645,68,7,4,8,1
9.48387,78,7,22,18,18,14,15,8,22
5.22581,86,7,2,22,5
7.6129,74,7,22,20,2,18
5.67742,72,7,20,20,7,6,17
5.87097,66,7,7,3,21,20
6.25806,116,7,8,14,14,9,4
5.67742,72,7,16,5,18
7.93548,64,7,14,12,8,15
7.35484,82,7,21,8,9,15
5.48387,78,7,2,12,9
9.74194,70,7,22,15,19,10,11
2.96774,94,7,10,20
5.6129,74,7,19,4,12
3.93548,64,7,1,2
5.41935,80,7,20,14,6
5.6129,74,7,6,7,3,4
4.64516,104,7,8,13,1
7.03226,92,7,15,12,2,16
4.70968,102,7,18,7,13,10
9.48387,78,7,15,3,19,14,6
9.22581,86,7,15,15,17,14,18,20
2.77419,100,7,10,13
7.54839,76,7,17,18,21,21,18,3
4.77419,100,7,21,13,7,5
5.6129,74,7,2,3,12,2
7.41935,80,7,11,8,19,6
5.80645,68,7,18,13,6
7.6129,74,7,18,3,15,17
5.93548,64,7,13,21,4
5.93548,64,7,22,6,11
5.03226,92,7,2,13,9
5.6129,74,7,18,20,22
5.16129,88,7,16,8,5
7.35484,82,7,15,2,14,4
6.45161,110,7,14,12,14,10,6
7.29032,84,7,15,13,6,17
5.41935,80,7,4,14,9
5.35484,82,7,14,6,6,11
8.12903,120,7,22,8,9,10,13
3.80645,68,7,5,19
10,62,7,22,22,18,8,9,5
6,62,7,16,9,18
3.35484,82,7,9,5,7
7.48387,78,7,22,2,13,18
5.6129,74,7,18,17,12
5.80645,68,7,17,5,17,18
5.54839,76,7,7,12,21,16
3.87097,66,7,9,3
5.41935,80,7,15,2,7,4
5.29032,84,7,13,14,4
5.22581,86,7,3,16,17
5.80645,68,7,8,18,2
4.64516,104,7,17,2,9
7.22581,86,7,19,14,1,6
6,62,7,20,21,18
5.6129,74,7,11,3,10
5.87097,66,7,19,4,19,7,14
7.87097,66,7,18,18,14,4,12
5.35484,82,7,6,19,20
7.80645,68,7,19,18,14,10
3.80645,68,7,3,6
3.67742,72,7,10,3
4.83871,98,7,1,10,6
5.48387,78,7,21,17,3
7.80645,68,7,21,11,3,18
5.29032,84,7,17,6,20
5.54839,76,7,3,1,2
5.54839,76,7,6,21,6,21,9
3.93548,64,7,16,3
5.67742,72,7,18,17,4
3.80645,68,7,5,17
4.51613,108,7,8,5,20
3.6129,74,7,2,9
3.80645,68,7,20,14,7
3.87097,66,7,12,10
5.29032,84,7,8,10,22
5.29032,84,7,18,14,13,18
5.41935,80,7,2,15,4
5.87097,66,7,22,3,13
5.6129,74,7,15,5,16,15
6,62,7,12,8,15
9.87097,66,7,18,10,9,16,11
6.83871,98,7,15,16,15,3,6
3.80645,68,7,7,6,5
5.54839,76,7,3,12,17
8,62,7,17,21,4,13
7.48387,78,7,19,21,17,21,13
4.77419,100,7,2,4,5
3.80645,68,7,3,6
7.87097,66,7,1,8,18,18,22
5.93548,64,7,1,19,12
7.80645,68,7,15,2,21,6
3.41935,80,7,4,9
4.51613,108,7,18,13,16
5.54839,76,7,12,22,2
5.80645,68,7,7,22,12,9
7.6129,74,7,19,14,21,9
7.74194,70,7,8,18,14,17
7.22581,86,7,7,12,18,7,22,20
5.74194,70,7,19,16,3
5.74194,70,7,17,21,21,7,19
3.87097,66,7,10,18
7.93548,64,7,20,2,4,2,13
3.87097,66,7,13,11
4.70968,102,7,3,2,16
5.54839,76,7,19,20,4
4,62,7,22,20,7
5.35484,82,7,21,9,3
5.35484,82,7,7,18,6,1
2.77419,100,7,10,13
5.93548,64,7,8,8,1,22
4.90323,96,7,22,10,4
3.29032,84,7,19,13,7
6,62,7,20,21,19
5.80645,68,7,14,12,10
5.03226,92,7,12,1,17
5.80645,68,7,4,8,11
7.41935,80,7,14,22,13,6
7.87097,66,7,22,3,1,14
7.22581,86,7,1,3,11,20
7.29032,84,7,12,21,8,5
3.22581,86,7,5,5,21
7.03226,92,7,22,19,5,12
5.35484,82,7,8,4,14
7.87097,66,7,14,19,3,16
7.29032,84,7,14,15,20,22
5.35484,82,7,3,15,4
5.93548,64,7,13,21,2
5.54839,76,7,1,11,6
3.93548,64,7,7,4,11
5.93548,64,7,18,16,9,18
5.16129,88,7,6,7,14,6,19
5.48387,78,7,17,1,16
7.35484,82,7,21,14,4,17
6,62,7,14,7,13,20
5.67742,72,7,13,15,15,14
5.16129,88,7,6,3,13
5.80645,68,7,7,8,18,20
7.87097,66,7,16,7,19,8,3
5.87097,66,7,4,13,18
5.74194,70,7,10,5,8
3.29032,84,7,20,10
5.09677,90,7,16,19,16,19,4
6.51613,108,7,3,8,16,2
5.67742,72,7,13,2,18
3.6129,74,7,9,12
7.93548,64,7,22,14,15,13
5.35484,82,7,7,3,12,5
5.93548,64,7,18,20,20,20,13
9.74194,70,7,22,21,14,15,13
6.77419,100,7,19,1,12,10
5.54839,76,7,13,4,1
5.74194,70,7,16,10,8
6,62,7,2,8,14
7.54839,76,7,12,14,11,5
5.67742,72,7,14,2,6
5.93548,64,7,13,15,22
6,62,7,3,3,22,15
6.77419,100,7,19,2,20,17
7.48387,78,7,15,7,4,20,14
5.29032,84,7,19,19,20,20,18
5.16129,88,7,2,8,6
5.35484,82,7,17,2,15
7.29032,84,7,22,17,20,14
4.64516,104,7,13,20,5
5.22581,86,7,17,17,6,17,20
5.67742,72,7,19,9,3
3.74194,70,7,4,12,7
3.93548,64,7,5,11
3.22581,86,7,9,2
3.6129,74,7,5,15
5.48387,78,7,12,18,12,9
5.74194,70,7,8,15,20
6,62,7,2,3,19
5.93548,64,7,12,11,16
3.93548,64,7,19,1,7
2.70968,102,7,5,13
3.54839,76,7,5,14
9.22581,86,7,18,14,15,8,17
5.6129,74,7,18,6,8
5.22581,86,7,17,13,14
7.6129,74,7,19,16,10,17
7.80645,68,7,12,3,15,18
7.87097,66,7,19,19,14,15,16
5.41935,80,7,2,19,2,14
5.87097,66,7,22,10,8
6.32258,114,7,8,9,10,13
5.80645,68,7,13,7,14,6
4,62,7,12,3,7
7.29032,84,7,15,3,22,3,2
3.74194,70,7,9,7,16
5.35484,82,7,10,7,18,2
5.80645,68,7,8,18,20
5.41935,80,7,13,15,8
3.93548,64,7,12,16
5.16129,88,7,8,20,8,4
5.80645,68,7,20,3,14
9.03226,92,7,22,18,3,2,19
5.22581,86,7,16,16,11,22
5.6129,74,7,22,20,6
5.09677,90,7,19,6,3
3.29032,84,7,20,10
3.80645,68,7,20,6
3.80645,68,7,20,6
3.93548,64,7,13,18
7.6129,74,7,15,21,13,17
5.87097,66,7,11,12,2
3.87097,66,7,13,19
4.77419,100,7,10,16,4
7.29032,84,7,1,10,16,22
2.77419,100,7,5,4
7.35484,82,7,13,7,22,6,6,19
5.6129,74,7,2,13,8
8.25806,116,7,15,8,21,13,9
5.41935,80,7,21,19,17,21
5.29032,84,7,2,1,21
5.54839,76,7,14,4,17
4.96774,94,7,4,3,6
5.09677,90,7,7,20,18,5
5.09677,90,7,20,22,1
5.09677,90,7,8,2,17
5.54839,76,7,7,6,12,1
5.16129,88,7,1,18,13
5.80645,68,7,19,6,22
5.48387,78,7,18,7,18,20,19
5.80645,68,7,11,12,19
5.6129,74,7,8,9,18
3.48387,78,7,9,10,7
5.54839,76,7,1,21,13
6,62,7,12,18,11
6,62,7,7,12,11,9
4,62,7,12,17
5.87097,66,7,2,2,20,19
5.80645,68,7,10,9,18
2.77419,100,7,5,4
5.87097,66,7,3,8,20
4,62,7,3,10
5.93548,64,7,6,7,9,9,7,18
5.87097,66,7,4,22,14
7.35484,82,7,12,21,22,3
5.09677,90,7,7,18,7,12,7,17,12
10,62,7,22,7,19,15,8,14
7.16129,88,7,14,9,16,9,14,9,5,14
3.80645,68,7,3,6
5.54839,76,7,4,14,20
7.67742,72,7,13,21,14,11
2.96774,94,7,16,13
4.83871,98,7,6,3,17
7.67742,72,7,6,15,14,2
5.22581,86,7,2,15,7,1
4.77419,100,7,21,16,20
5.09677,90,7,19,13,19,20
5.22581,86,7,3,9,15
5.74194,70,7,22,6,9
7.16129,88,7,5,16,9,12
5.93548,64,7,22,10,19
5.29032,84,7,20,15,4
6,62,7,8,15,6
5.74194,70,7,17,1,8
3.48387,78,7,2,5
5.35484,82,7,10,1,21
3.87097,66,7,1,20
3.54839,76,7,5,22
7.03226,92,7,19,15,4,8
3.93548,64,7,5,11
4.77419,100,7,12,6,20
7.22581,86,7,11,1,10,22
3.87097,66,7,13,8
3.87097,66,7,9,3
5.93548,64,7,7,15,10,18
7.16129,88,7,19,1,14,19,17
6.70968,102,7,8,10,9,6
