60,0.75,0,500,13
4.96774,94,7.16129,68,0,22,7,6,4,13,2,20
9.93548,64,10.8387,70,0,14,8,3,21,14,18,15,7,22,17
7.35484,82,8.90323,72,0,22,15,4,20,2,13,12
3.67742,72,4.77419,66,0,15,1,11,3,8,14
5.93548,64,7.03226,64,0,14,8,6,4,13,2
7.67742,72,9.67742,62,0,22,15,8,15,1,11,3,12,14,18,19
6,62,6.77419,74,0,15,1,9,16,5,10,11
5.54839,76,7.03226,62,0,14,8,10,5,9,16,1,11
8.90323,96,10.5806,66,0,15,19,11,14,18,13,4,2
5.80645,68,7.54839,70,0,15,22,13,4,2,20,12,3
4,62,5.67742,70,0,22,7,15,18,14,8,3,11,1,9
5.35484,82,7.67742,66,0,22,15,16,9,10,5,1,11,3,8,14
3.74194,70,5.54839,74,0,7,22,15,18,14,8,3,11,1,9
3.87097,66,5.67742,70,0,22,7,15,18,14,8,3,11,1,9
5.35484,82,7.67742,68,0,22,15,20,2,13,4,6,7
5.80645,68,7.22581,62,0,7,15,21,14,18,19,8,3
9.48387,78,11.3548,66,0,22,7,15,21,13,4,2,20,12
5.67742,72,7.29032,62,0,15,14,2,20,12,3,8
3.6129,74,5.35484,68,0,15,21,14,18,19,8,3,11
5.03226,92,7.67742,64,0,22,7,5,10,9,16,1,11,3,8,14
5.54839,76,7.29032,64,0,15,14,6,4,13,2,20
6,62,7.35484,64,0,15,21,8,3,11,1,9,16,5
3.80645,68,5.67742,70,0,22,7,15,18,14,8,3,11,1,9
5.74194,70,6.96774,62,0,15,12,9,16,5,10,1
6,62,7.29032,64,0,15,19,10,5,9,16,1,11,3
3.03226,92,5.03226,70,0,10,5,9,16,1,11,3
7.48387,78,8.70968,72,0,15,21,13,6,4,2
5.6129,74,7.29032,62,0,22,15,14,18,19,8,3,11
5.87097,66,7.03226,74,0,10,5,15,7,22,17,18
3.93548,64,4.96774,62,0,15,12,3,8,14,18
5.67742,72,7.29032,64,0,22,15,19,8,3,11,1,9
5.67742,72,6.96774,70,0,22,4,20,2,13,12
3.67742,72,4.77419,68,0,14,11,1,8,3,12
5.87097,66,7.29032,68,0,15,19,1,11,3,8,14,18,7
3.48387,78,4.96774,74,0,22,4,13,2,20,12
3.74194,70,4.96774,62,0,15,12,3,8,14,18
5.29032,84,7.29032,64,0,15,19,4,13,2,20,12
3.93548,64,4.96774,74,0,22,4,13,2,20,12
7.41936,80,9.03226,62,0,15,14,8,10,5,9,16,1,11
5.54839,76,7.41935,62,0,15,18,9,16,5,10,1,11,3
4,62,4.83871,64,0,8,3,11,1,9
3.80645,68,4.77419,68,0,14,11,1,8,3,12
5.03226,92,7.41935,64,0,15,18,13,4,2,20,12
5.67742,72,7.29032,62,0,22,15,14,18,19,8,3,11
5.74194,70,7.54839,68,0,15,7,15,22,17,18,14,8
8,62,9.54839,76,0,22,7,15,20,2,13,4,6,21
5.6129,74,7.16129,64,0,22,7,17,15,18,14,8
3.22581,86,5.16129,66,0,16,9,10,5,1,11,3
4.96774,94,7.09677,70,0,9,16,20,2,13,4,6
5.93548,64,7.35484,68,0,22,15,21,14,18,19,8,3,11
7.03226,92,8.70968,62,0,16,9,1,13,4,2
5.09677,90,7.41935,66,0,22,17,2,20,12,3,8,14
6,62,6.96774,64,0,22,2,3,8,14,18,15,7
4.51613,108,7.16129,68,0,16,9,4,13,2,20,12
2.96774,94,5.09677,70,0,9,16,5,10,1,11,3
5.22581,86,7.41935,64,0,15,22,7,18,14,8,3,11,1
5.35484,82,7.03226,72,0,14,8,8,4,13,2,20,12
7.16129,88,9.09677,62,0,9,16,9,2,20,12,3
5.93548,64,6.90323,68,0,15,14,12,3,8,19,18
4.3871,112,7.16129,72,0,16,9,13,4,2,20,12
5.6129,74,7.09677,62,0,9,16,14,18,15,7,22,17
9.6129,74,11.4194,64,0,15,22,15,22,7,18,14,8,3,11,1
4.96774,94,7.03226,68,0,18,8,17,22,7,15,21,14
5.93548,64,7.67742,68,0,22,15,18,14,8,3,11,1,9,16,5
3.87097,66,5.54839,74,0,7,22,15,18,14,8,3,11,1,9
5.03226,92,7.03226,72,0,22,8,20,2,13,4,6
3.87097,66,5.67742,74,0,22,15,7,18,14,8,3,11,1,9
9.22581,86,11.0968,82,0,15,21,14,19,18,7,22,17,10
7.03226,92,9.67742,68,0,22,7,2,7,9,16,5,10,1,11,3,8,14
5.16129,88,6.90323,62,0,4,13,3,8,14,18,15
5.29032,84,7.35484,66,0,15,21,5,10,9,16,1,11,3,8
5.29032,84,7.22581,68,0,22,6,6,3,8,14,18,15,7,21
5.67742,72,6.90323,78,0,4,13,7,15,22,17,18
4,62,5.35484,68,0,15,21,14,18,19,8,3,11
5.41935,80,7.22581,66,0,22,6,10,5,9,16,1,11,3
5.09677,90,6.90323,64,0,4,13,11,1,8,3,12
5.80645,68,7.35484,76,0,15,21,12,3,8,14,18,19,1
3.54839,76,5.03226,70,0,10,5,9,16,1,11,3
3.54839,76,4.90323,70,0,4,13,2,20,12
3.29032,84,4.83871,62,0,22,20,2,13,4
6,62,7.03226,64,0,10,5,18,14,8,3,11,1
3.80645,68,4.90323,70,0,4,13,2,20,12
6.90323,96,9.35484,64,0,22,15,21,9,16,5,10,1,11,3
3.6129,74,5.03226,70,0,10,5,9,16,1,11,3
3.67742,72,4.96774,62,0,15,12,3,8,14,18
4,62,5.29032,64,0,15,19,8,3,11,1,9
3.74194,70,5.03226,70,0,10,5,9,16,1,11,3
5.35484,82,7.03226,64,0,15,7,6,4,13,2
5.67742,72,7.41935,64,0,15,22,7,18,14,8,3,11,1
7.6129,74,9.22581,66,0,22,15,18,19,8,3,11,1,9
7.03226,92,8.77419,66,0,14,19,8,17,22,7,15,18
3.80645,68,5.41935,66,0,15,18,14,8,3,11,1,9
8,62,8.3871,64,0,14,3,8,14,18,15
5.22581,86,7.03226,68,0,17,10,12,3,8,14,18,15
5.93548,64,7.41935,64,0,15,18,13,4,2,20,12
5.41935,80,7.54839,68,0,15,7,15,22,17,18,14,8
5.80645,68,7.48387,64,0,17,22,17,7,15,18,14,8,3
9.67742,72,11.5484,64,0,15,22,15,22,15,9,16,5,10,1,11,3,8
3.87097,66,4.83871,64,0,8,3,11,1,9
3.74194,70,5.16129,66,0,16,9,10,5,1,11,3
3.35484,82,5.41935,66,0,22,17,7,15,18,14,8,3
3.29032,84,4.96774,66,0,22,2,20,12,3
5.22581,86,7.03226,64,0,5,10,2,20,12,3
3.87097,66,5.41935,66,0,22,17,7,15,18,14,8,3
5.16129,88,6.96774,62,0,22,2,5,10,9,16,1,11
3.67742,72,5.03226,68,0,5,10,9,16,1,11,3
5.03226,92,7.41935,62,0,22,17,8,3,11,1,9,16,5
3.74194,70,4.77419,66,0,15,1,11,3,8,14
3.87097,66,5.16129,66,0,16,9,10,5,1,11,3
3.41935,80,5.09677,70,0,9,16,5,10,1,11,3
3.67742,72,4.96774,66,0,22,2,20,12,3
7.74194,70,9.29032,64,0,22,15,14,8,20,2,13,4,6
7.22581,86,9.16129,66,0,22,15,7,6,12,3,8,14,18,19
3.67742,72,4.77419,66,0,15,1,11,3,8,14
5.87097,66,7.03226,68,0,18,8,17,22,7,15,21,14
9.41936,80,10.8387,66,0,22,14,21,15,7,18,19,8
9.67742,72,11.2903,64,0,7,15,7,22,15,7,11,1,8,3,12,14
6,62,7.67742,70,0,22,7,22,15,18,14,8,3,11,1,9
9.74194,70,11.1613,64,0,15,14,18,19,3,8,1,11,9
5.80645,68,7.54839,66,0,7,22,3,8,14,18,15,21,12
4,62,5.67742,70,0,22,7,15,18,14,8,3,11,1,9
5.16129,88,7.67742,64,0,22,15,5,10,9,16,1,11,3,8,14
3.93548,64,5.35484,68,0,15,21,14,18,19,8,3,11
3.48387,78,5.22581,66,0,22,6,4,13,2,20
5.09677,90,7.29032,64,0,15,14,10,5,9,16,1,11,3
5.67742,72,7.35484,62,0,15,21,11,1,8,3,12,14
6,62,7.22581,62,0,22,6,12,3,8,14,18,15
5.29032,84,7.29032,62,0,15,14,14,5,10,9,16,1,11,3
3.6129,74,5.35484,68,0,15,21,14,18,19,8,3,11
5.22581,86,7.67742,66,0,22,7,16,9,10,5,1,11,3,8,14
3.80645,68,4.90323,70,0,4,13,2,20,12
5.67742,72,7.29032,64,0,22,15,19,8,3,11,1,9
3.41935,80,5.22581,66,0,22,6,4,13,2,20
7.09677,90,8.96774,66,0,22,21,22,17,7,15,18,14
7.41935,80,9.67742,66,0,22,7,22,16,9,10,5,1,11,3,8,14
3.03226,92,5.03226,70,0,10,5,9,16,1,11,3
7.35484,82,8.83871,66,0,15,14,3,13,4,2,20
7.35484,82,8.90323,64,0,22,7,4,12,3,8,14,18
4.77419,100,6.96774,62,0,22,4,5,10,9,16,1,11
5.22581,86,6.77419,72,0,14,11,6,4,13,2
9.54839,76,11.1613,68,0,15,14,15,7,4,13,2,20,12
4.64516,104,6.96774,62,0,22,4,9,16,5,10,1
3.67742,72,4.77419,68,0,14,11,1,8,3,12
5.87097,66,7.29032,64,0,15,19,11,1,8,3,12,14
3.48387,78,4.96774,74,0,22,4,13,2,20,12
5.41935,80,7.54839,68,0,15,7,15,22,17,18,14,8
5.54839,76,7.41935,66,0,22,18,16,9,10,5,1,11,3,8
5.48387,78,6.83871,66,0,18,3,17,22,7,15,21
7.87097,66,9.03226,62,0,19,8,19,18,14,21,15,7,22
5.35484,82,7.41935,76,0,22,18,20,2,13,4,6,7
4,62,4.83871,64,0,8,3,11,1,9
3.80645,68,4.77419,68,0,14,11,1,8,3,12
5.16129,88,7.41935,66,0,15,18,2,20,12,3,8,14
5.29032,84,6.83871,62,0,8,3,4,13,2,20
7.93548,64,9.03226,64,0,5,10,5,9,16,1,11,3
6.96774,94,8.96774,66,0,9,10,5,6,4,13,2
6.77419,100,9.54839,68,0,22,15,7,5,10,9,16,1,11,3,8,14
3.22581,86,5.16129,66,0,16,9,10,5,1,11,3
6.90323,96,9.09677,62,0,9,16,9,2,20,12,3
4.64516,104,6.96774,64,0,22,2,10,5,9,16,1,11
7.67742,72,8.77419,68,0,14,8,14,21,15,7,22,17
5.29032,84,7.67742,66,0,22,15,13,4,2,20,12,3
8,62,9.48387,68,0,15,18,14,18,19,8,3,11,1,9
7.35484,82,8.58065,64,0,18,9,16,17,22,7,15
2.96774,94,5.09677,70,0,9,16,5,10,1,11,3
5.67742,72,7.03226,72,0,19,8,19,14,18,15,7,22,17
5.41935,80,7.03226,72,0,22,8,20,2,13,4,6
5.6129,74,7.09677,70,0,9,16,21,14,18,15,7,22,17
5.09677,90,7.54839,66,0,7,22,1,11,3,8,14,18,15,21
5.54839,76,7.67742,64,0,22,7,2,20,12,3,8,14,18
7.41935,80,8.83871,70,0,22,8,3,6,4,13,2
5.87097,66,7.54839,66,0,7,22,4,13,2,20,12,3
5.41935,80,7.03226,74,0,14,8,7,15,22,17,18
5.54839,76,7.67742,82,0,22,15,8,3,11,1,9,16,5,10,17
3.87097,66,5.54839,74,0,7,22,15,18,14,8,3,11,1,9
5.03226,92,7.67742,66,0,22,7,10,5,9,16,1,11,3,8,14
5.80645,68,7.29032,68,0,15,14,12,3,8,19,18,7
7.03226,92,8.96774,64,0,22,15,12,16,9,10,5,1,11
7.03226,92,8.96774,62,0,22,4,21,15,7,18,14,8
5.22581,86,6.90323,68,0,4,13,14,18,15,7,22,17
7.74194,70,9.54839,70,0,15,22,15,12,3,8,14,18,19,1
5.67742,72,7.22581,66,0,22,6,17,7,15,18,14,8
5.35484,82,6.90323,62,0,4,13,19,8,3,11,1
3.6129,74,4.83871,62,0,22,20,2,13,4
5.09677,90,7.03226,72,0,10,5,21,14,18,15,7,22,17
7.48387,78,8.77419,66,0,15,19,1,5,10,9,16,11
6,62,6.90323,68,0,22,7,2,20,12,3
3.54839,76,5.03226,70,0,10,5,9,16,1,11,3
3.54839,76,4.90323,70,0,4,13,2,20,12
3.29032,84,4.83871,62,0,22,20,2,13,4
5.67742,72,7.03226,74,0,10,5,7,15,22,17,18
5.22581,86,6.96774,62,0,15,12,9,16,5,10,1
8,62,9.03226,62,0,15,19,10,16,9,5,1,11
7.35484,82,9.67742,74,0,22,15,22,15,7,18,14,8,3,11,1,9
3.67742,72,4.96774,62,0,15,12,3,8,14,18
4,62,5.29032,64,0,15,19,8,3,11,1,9
3.74194,70,5.03226,70,0,10,5,9,16,1,11,3
5.29032,84,6.96774,62,0,18,12,17,22,7,15,21
5.6129,74,7.41935,62,0,15,18,18,8,3,11,1,9,16,5
7.22581,86,9.29032,62,0,18,14,18,5,10,9,16,1,11,3
4,62,5.03226,68,0,5,10,9,16,1,11,3
3.48387,78,5.41935,66,0,22,17,7,15,18,14,8,3
7.35484,82,7.80645,68,0,8,3,1,1,22
4.77419,100,7.03226,64,0,5,10,2,20,12,3
7.6129,74,8.83871,62,0,15,8,3,20,2,13,4
5.16129,88,6.83871,62,0,8,3,5,10,9,16,1
5.22581,86,7.16129,68,0,16,9,6,4,13,2,20
5.87097,66,7.54839,74,0,22,15,7,18,14,8,3,11,1,9
5.54839,76,7.03226,64,0,22,14,8,3,11,1,9
3.74194,70,5.16129,66,0,16,9,10,5,1,11,3
3.35484,82,5.41935,66,0,22,17,7,15,18,14,8,3
3.29032,84,4.96774,66,0,22,2,20,12,3
5.93548,64,7.03226,66,0,17,10,14,18,15,7,22,21
4.77419,100,7.09677,62,0,9,16,16,6,4,13,2
5.29032,84,6.77419,68,0,18,1,17,22,7,15,21
3.74194,70,5.16129,66,0,16,9,10,5,1,11,3
7.6129,74,8.64516,62,0,9,16,9,1,11,3,8
3.74194,70,4.77419,66,0,15,1,11,3,8,14
3.87097,66,5.16129,66,0,16,9,10,5,1,11,3
3.41935,80,5.09677,70,0,9,16,5,10,1,11,3
3.67742,72,4.96774,66,0,22,2,20,12,3
8,62,9.54839,70,0,22,7,22,15,18,14,8,3,11,1,9
5.93548,64,7.29032,62,0,15,14,5,10,9,16,1,11,3
3.87097,66,5.54839,74,0,7,22,15,18,14,8,3,11,1,9
5.74194,70,7.67742,66,0,22,7,7,11,1,8,3,12,14,18,15
7.22581,86,9.03226,70,0,15,14,8,9,14,18,19,3,11
7.48387,78,8.90323,68,0,15,22,15,8,3,11,1,9
5.16129,88,7.67742,66,0,22,7,11,1,8,3,12,14,18,15
7.48387,78,8.90323,64,0,15,14,12,5,10,9,16,1,11
7.35484,82,8.70968,70,0,15,21,13,3,8,14,18,19
4.77419,100,7.22581,66,0,22,6,16,9,10,5,1,11,3
5.67742,72,7.29032,68,0,22,14,17,7,15,18,19,8
3.93548,64,5.35484,68,0,15,21,14,18,19,8,3,11
3.48387,78,5.22581,66,0,22,6,4,13,2,20
5.93548,64,7.35484,68,0,22,15,21,14,18,19,8,3,11
7.67742,72,9.67742,64,0,22,7,22,17,15,18,14,8,3,11
5.74194,70,7.03226,64,0,10,5,1,11,3,8,14,18
7.48387,78,8.19355,62,0,4,13,21,14,18
3.29032,84,4.83871,62,0,22,20,2,13,4
5.22581,86,7.22581,66,0,22,6,6,11,1,8,3,12,14
3.80645,68,4.90323,70,0,4,13,2,20,12
5.74194,70,7.03226,64,0,22,14,8,3,11,1,9
3.41935,80,5.22581,66,0,22,6,4,13,2,20
5.6129,74,6.96774,64,0,15,12,10,5,9,16,1,11
7.80645,68,9.09677,66,0,15,18,11,3,8,14,19,1
5.35484,82,6.96774,62,0,22,4,12,3,8,14,18
7.74194,70,9.09677,70,0,14,18,14,22,7,15,21,12,3
7.87097,66,9.54839,72,0,15,22,15,20,2,13,4,6,7
4.96774,94,6.96774,64,0,22,4,16,9,10,5,1,11
5.87097,66,7.29032,74,0,18,14,18,15,7,22,17,21
6.58065,106,8.77419,66,0,22,21,20,16,9,10,5,1
7.54839,76,9.35484,66,0,22,15,21,13,4,2,20,12
2.90323,96,5.03226,68,0,5,10,9,16,1,11,3
5.74194,70,7.41935,70,0,15,18,1,11,3,8,14,19,21
5.48387,78,6.83871,66,0,14,3,3,9,16,5,10,1
5.03226,92,6.77419,64,0,14,11,4,13,2,20
5.35484,82,7.41935,64,0,15,18,5,10,9,16,1,11,3,8
5.54839,76,6.83871,70,0,8,3,6,4,13,2
7.16129,88,8.25806,68,0,14,16,9,3,8,19
5.54839,76,7.41935,66,0,22,17,10,5,9,16,1,11,3,8
3.35484,82,4.96774,66,0,22,2,20,12,3
3.22581,86,5.03226,68,0,5,10,9,16,1,11,3
3.48387,78,5.41935,66,0,22,17,7,15,18,14,8,3
5.41935,80,7.54839,68,0,15,7,15,22,17,18,14,8
5.93548,64,7.03226,62,0,17,10,16,9,5,1,11
5.93548,64,7.09677,62,0,9,16,16,14,18,15,7,22,17
5.80645,68,7.41935,66,0,22,15,18,14,8,3,11,1,9
3.80645,68,5.03226,64,0,14,8,3,11,1,9
7.22581,86,9.35484,62,0,22,15,21,10,5,9,16,1,11,3
5.74194,70,7.67742,70,0,22,7,22,15,18,14,8,3,11,1,9
7.41936,80,8.70968,84,0,14,8,1,7,15,22,17,18
5.48387,78,7.67742,78,0,22,15,3,8,14,18,19,1,11,9
5.41935,80,6.83871,62,0,15,21,4,13,2,20
6.32258,114,8.12903,66,0,14,9,5,2,20
3.87097,66,5.67742,74,0,22,15,7,18,14,8,3,11,1,9
5.35484,82,7.54839,86,0,15,22,8,3,11,1,9,16,5,10,17
3.80645,68,5.67742,70,0,22,7,15,18,14,8,3,11,1,9
5.16129,88,7.67742,68,0,22,15,11,1,8,3,12,14,18,19
5.29032,84,7.54839,70,0,15,22,12,3,8,14,18,19,1
5.87097,66,7.67742,64,0,22,7,14,18,15,21,12,3,8
9.41936,80,10.9032,72,0,22,15,18,14,19,18,7,21,12
5.80645,68,7.54839,62,0,7,22,16,9,10,5,1,11,3,8
3.80645,68,5.67742,70,0,22,7,15,18,14,8,3,11,1,9
6,62,7.29032,64,0,22,14,19,8,3,11,1,9
5.6129,74,7.35484,62,0,22,21,20,2,13,4,6
5.87097,66,7.67742,68,0,22,7,21,14,18,15,19,8,3,11
5.67742,72,7.67742,70,0,22,7,22,15,18,14,8,3,11,1,9
7.80645,68,8.90323,62,0,22,7,2,3,8,14,18,15
5.41936,80,7.22581,68,0,22,6,3,8,14,18,15,7,21
5.6129,74,6.96774,76,0,15,12,4,13,2,20,21
4.3871,112,6.83871,62,0,22,20,5,10,9,16,1
5.22581,86,7.03226,74,0,10,5,7,15,22,17,18
7.6129,74,9.03226,72,0,15,19,8,18,14,21,7,22,17
3.6129,74,4.83871,62,0,22,20,2,13,4
7.41935,80,9.03226,64,0,10,5,10,14,18,15,7,22,17
7.67742,72,8.83871,68,0,15,12,3,12,4,21,14,18,19,8
5.41935,80,7.29032,62,0,22,15,14,18,19,8,3,11
5.35484,82,7.54839,70,0,22,7,15,18,14,8,3,11,1,9
4.83871,98,6.96774,64,0,18,12,16,9,10,5,1,11
5.93548,64,7.41935,66,0,22,15,18,14,8,3,11,1,9
3.35484,82,4.96774,74,0,22,4,13,2,20,12
5.93548,64,6.96774,74,0,22,12,20,2,13,4,6
8.45161,110,10.8387,66,0,22,15,21,2,9,16,5,10,1
5.41935,80,6.96774,66,0,22,4,1,11,3,8,14,18
3.67742,72,4.96774,62,0,15,12,3,8,14,18
5.41935,80,7.41935,78,0,15,18,3,8,14,19,1,11,9
3.87097,66,4.96774,74,0,22,4,13,2,20,12
4,62,4.77419,68,0,14,11,1,8,3,12
5.6129,74,7.41935,62,0,15,18,8,3,11,1,9,16,5
7.41935,80,9.03226,76,0,18,14,8,13,4,2,20,12
4,62,5.03226,68,0,5,10,9,16,1,11,3
3.48387,78,5.41935,66,0,22,17,7,15,18,14,8,3
5.74194,70,6.96774,62,0,22,2,12,3,8,14,18
4.83871,98,7.16129,72,0,16,9,13,4,2,20,12
6,62,7.09677,62,0,9,16,14,18,15,7,22,17
3.6129,74,4.96774,66,0,22,2,20,12,3
5.93548,64,7.16129,76,0,16,9,18,14,8,3,11,1,19
5.48387,78,7.41935,62,0,22,17,19,8,3,11,1,9,16
7.29032,84,8.06452,64,0,22,2,7,22,15
3.74194,70,5.16129,66,0,16,9,10,5,1,11,3
5.54839,76,7.09677,62,0,9,16,1,11,3,8,14,18
5.41935,80,6.83871,70,0,15,21,2,20,12,3
7.16129,88,8.83871,64,0,14,8,3,16,9,10,5,1
4.51613,108,7.09677,70,0,9,16,4,13,2,20,12
5.35484,82,7.03226,64,0,15,7,6,4,13,2
3.74194,70,5.16129,66,0,16,9,10,5,1,11,3
9.54839,76,10.129,64,0,9,16,9,16,14,18
5.16129,88,7.54839,62,0,15,22,10,5,9,16,1,11,3,8
7.29032,84,8.83871,76,0,14,21,15,7,22,17,18
5.09677,90,7.67742,66,0,22,15,13,4,2,20,12,3
3.74194,70,5.54839,74,0,7,22,15,18,14,8,3,11,1,9
9.93548,64,10.8387,66,0,22,15,21,2,12,3,8,14,18
7.22581,86,8.96774,62,0,18,14,15,22,7,21,12
3.87097,66,5.54839,74,0,7,22,15,18,14,8,3,11,1,9
7.87097,66,9.41935,62,0,22,15,18,18,8,3,11,1,9,16,5
5.67742,72,6.90323,68,0,4,13,20,2,12,3
9.6129,74,11.6774,68,0,22,15,22,15,11,1,8,3,12,14,18,19
3.74194,70,5.22581,66,0,22,6,4,13,2,20
7.74194,70,8.51613,62,0,4,13,2,12,3,8
9.09677,90,11.1613,66,0,15,21,14,15,7,22,17,18
4.58065,106,7.22581,64,0,22,6,5,10,9,16,1,11,3
5.74194,70,7.29032,64,0,15,14,6,4,13,2,20
3.93548,64,5.35484,68,0,15,21,14,18,19,8,3,11
7.80645,68,9.03226,70,0,10,5,8,5,16,9,1,11,3,12
3.35484,82,4.90323,70,0,4,13,2,20,12
4,62,4.83871,62,0,22,20,2,13,4
4.3871,112,7.03226,76,0,10,5,13,4,2,20,12
5.67742,72,6.90323,68,0,4,13,14,18,15,7,22,17
3.29032,84,4.83871,62,0,22,20,2,13,4
5.67742,72,7.22581,66,0,22,6,17,7,15,18,14,8
6,62,7.29032,74,0,18,14,18,15,7,22,17,21
4,62,5.29032,64,0,15,19,8,3,11,1,9
4.64516,104,7.03226,72,0,10,5,21,14,18,15,7,22,17
5.93548,64,7.35484,68,0,22,15,21,14,18,19,8,3,11
7.54839,76,8.83871,66,0,15,18,1,10,5,9,16,11
5.54839,76,6.96774,66,0,22,4,2,20,12,3
5.48387,78,6.77419,64,0,14,11,4,13,2,20
6.58065,106,8.58065,66,0,15,9,5,6,4,13
5.22581,86,6.83871,70,0,8,3,6,4,13,2
5.74194,70,7.03226,74,0,9,10,7,15,22,17,18
7.93548,64,9.09677,66,0,15,18,8,1,18,14,19,3,11
5.74194,70,6.83871,64,0,14,3,10,5,9,16,1
2.90323,96,5.03226,68,0,5,10,9,16,1,11,3
5.29032,84,7.41935,64,0,15,18,13,4,2,20,12
6,62,7.09677,70,0,14,18,14,8,3,11,1,9
8,62,9.16129,68,0,16,9,16,16,17,22,7,15,18,14,8
5.67742,72,7.41935,64,0,22,17,17,15,7,18,14,8,3,11
5.03226,92,7.41935,66,0,22,15,18,14,8,3,11,1,9
5.6129,74,7.03226,72,0,5,10,19,8,3,11,1,9
5.6129,74,7.41935,76,0,22,17,21,14,18,15,7,6,4
3.35484,82,4.96774,66,0,22,2,20,12,3
3.22581,86,5.03226,68,0,5,10,9,16,1,11,3
3.48387,78,5.41935,66,0,22,17,7,15,18,14,8,3
3.93548,64,4.77419,66,0,15,1,11,3,8,14
4.77419,100,7.16129,68,0,16,9,6,4,13,2,20
7.67742,72,9.16129,68,0,22,7,6,1,11,3,8,14,18,15
5.54839,76,7.41935,64,0,15,22,7,18,14,8,3,11,1
3.80645,68,5.03226,64,0,14,8,3,11,1,9
5.87097,66,7.67742,66,0,22,15,10,5,9,16,1,11,3,8,14
8,62,8.77419,66,0,15,19,11,16,9,10,5,1
7.74194,70,8.64516,64,0,14,8,12,14,18,15,7,22
5.29032,84,7.29032,68,0,15,14,14,13,4,2,20,12
8,62,8.90323,64,0,7,22,16,11,1,8,3,12
7.48387,78,9.16129,68,0,22,15,17,10,5,9,16,1,11,3
3.87097,66,5.67742,74,0,22,15,7,18,14,8,3,11,1,9
5.16129,88,7.54839,76,0,7,22,20,2,13,4,6,15
3.80645,68,5.67742,70,0,22,7,15,18,14,8,3,11,1,9
5.93548,64,7.67742,74,0,22,15,22,7,18,14,8,3,11,1,9
3.87097,66,5.35484,68,0,15,21,14,18,19,8,3,11
3.93548,64,5.22581,66,0,22,6,4,13,2,20
7.54839,76,9.22581,70,0,15,21,15,22,7,18,14,8,3,11
5.16129,88,7.35484,66,0,15,21,5,10,9,16,1,11,3,8
3.80645,68,5.67742,70,0,22,7,15,18,14,8,3,11,1,9
5.29032,84,7.29032,66,0,15,14,9,16,5,10,1,11,3
4.83871,98,7.35484,62,0,15,21,10,5,9,16,1,11,3
5.29032,84,7.67742,66,0,22,7,11,1,8,3,12,14,18,15
3.35484,82,4.90323,70,0,4,13,2,20,12
6.06452,122,8.77419,66,0,22,4,13,10,5,9,16,1
3.87097,66,5.03226,70,0,10,5,9,16,1,11,3
5.6129,74,7.54839,68,0,15,7,15,22,17,18,14,8
4.58065,106,6.83871,64,0,22,20,16,9,10,5,1
5.6129,74,7.03226,72,0,10,5,19,8,3,11,1,9
7.29032,84,8.77419,66,0,22,7,20,3,8,14,18,15
6,62,7.35484,68,0,22,15,21,14,18,19,8,3,11
5.93548,64,7.67742,70,0,22,7,22,15,18,14,8,3,11,1,9
7.80645,68,8.77419,68,0,14,8,14,21,15,7,22,17
3.67742,72,5.29032,64,0,15,19,8,3,11,1,9
5.22581,86,6.96774,62,0,22,4,4,18,14,8,3,11
4.70968,102,6.96774,62,0,15,12,5,10,9,16,1,11
5.22581,86,7.29032,64,0,15,19,6,4,13,2,20
3.35484,82,4.96774,74,0,22,4,13,2,20,12
5.93548,64,6.77419,66,0,14,11,10,5,9,16,1
7.67742,72,9.22581,68,0,15,18,14,18,15,7,22,17,21
4,62,4.83871,64,0,8,3,11,1,9
5.80645,68,7.09677,70,0,14,18,14,8,3,11,1,9
5.80645,68,7.54839,68,0,15,7,15,22,17,18,14,8
3.87097,66,4.96774,74,0,22,4,13,2,20,12
4,62,4.77419,68,0,14,11,1,8,3,12
5.74194,70,7.41935,62,0,22,18,19,8,3,11,1,9,16
5.93548,64,7.29032,64,0,22,15,19,8,3,11,1,9
4.45161,110,7.16129,68,0,16,9,20,2,13,4,6
3.22581,86,5.09677,70,0,9,16,5,10,1,11,3
4.64516,104,6.96774,64,0,22,2,2,16,9,10,5,1,11
5.67742,72,7.16129,62,0,16,9,3,8,14,18,15,7,22
5.22581,86,7.09677,70,0,9,16,4,13,2,20,12
3.6129,74,4.96774,66,0,22,2,20,12,3
7.09677,90,8.77419,66,0,14,15,7,10,5,9,16,1
5.54839,76,7.09677,64,0,9,16,8,3,11,1,19
3.48387,78,4.77419,66,0,15,1,11,3,8,14
5.48387,78,7.03226,62,0,14,8,10,5,9,16,1,11
4.19355,118,7.09677,74,0,9,16,13,4,2,20,12
5.93548,64,7.22581,66,0,15,18,14,8,3,11,1,9
5.67742,72,7.54839,68,0,15,7,15,22,17,18,14,8
5.35484,82,7.09677,64,0,9,16,16,22,7,15,18,14,8,3
8.51613,108,10.7742,66,0,7,15,21,20,16,9,10,5,1
5.93548,64,7.03226,72,0,19,8,19,14,18,15,7,22,17
4,62,5.67742,74,0,22,15,7,18,14,8,3,11,1,9
5.80645,68,7.22581,62,0,7,15,21,14,18,19,8,3
7.41935,80,8.70968,84,0,14,8,1,15,7,22,17,18
5.29032,84,7.67742,78,0,22,15,3,8,14,18,19,1,11,9
3.74194,70,5.54839,74,0,7,22,15,18,14,8,3,11,1,9
6.90323,96,8.90323,64,0,22,7,4,9,16,5,10,1
6.96774,94,8.25806,70,0,4,13,6,8,3,11
5.87097,66,7.41935,64,0,15,22,7,18,14,8,3,11,1
5.16129,88,7.22581,68,0,22,6,8,3,11,1,9,16,5
4.51613,108,6.90323,64,0,4,13,9,16,5,10,1
7.22581,86,8.90323,68,0,15,14,21,2,20,12,3
3.74194,70,5.22581,66,0,22,6,4,13,2,20
6,62,6.90323,64,0,4,13,13,21,14,18,15,7,22
5.54839,76,7.54839,70,0,22,7,15,18,14,8,3,11,1,9
2.90323,96,5.03226,70,0,10,5,9,16,1,11,3
5.22581,86,6.90323,64,0,4,13,18,14,8,3,11
3.74194,70,4.83871,62,0,22,20,2,13,4
5.22581,86,7.03226,72,0,10,5,20,2,13,4,6
3.35484,82,4.90323,70,0,4,13,2,20,12
4,62,4.83871,62,0,22,20,2,13,4
4.64516,104,7.03226,64,0,10,5,2,20,12,3
5.80645,68,6.96774,62,0,15,12,3,8,14,18,19
5.09677,90,7.29032,64,0,15,19,4,13,2,20,12
3.16129,88,5.03226,70,0,10,5,9,16,1,11,3
5.93548,64,7.03226,64,0,15,14,8,3,11,1,9
4,62,5.29032,64,0,15,19,8,3,11,1,9
6.96774,94,9.03226,66,0,10,5,10,22,7,15,18,14,8,3
7.16129,88,8.70968,66,0,19,8,11,19,20,2,13,4
5.35484,82,7.41935,72,0,22,17,12,3,8,14,18,15,7,21
4,62,4.83871,64,0,8,3,11,1,9
5.35484,82,7.03226,66,0,17,10,14,18,15,7,22,21
5.80645,68,7.41935,66,0,22,17,16,9,10,5,1,11,3,8
5.87097,66,7.29032,74,0,18,14,18,15,7,22,17,21
7.35484,82,9.03226,72,0,5,10,19,10,11,1,8,3,12,14
6.77419,100,8.77419,68,0,22,15,20,9,16,5,10,1
5.87097,66,7.67742,70,0,22,7,22,15,18,14,8,3,11,1,9
3.09677,90,5.16129,66,0,16,9,10,5,1,11,3
3.74194,70,5.41935,66,0,22,17,7,15,18,14,8,3
3.74194,70,4.96774,66,0,22,2,20,12,3
7.03226,92,8.96774,66,0,16,9,5,2,20,12,3
5.29032,84,7.41935,76,0,22,17,6,4,13,2,20,12
5.29032,84,7.54839,74,0,22,15,7,18,14,8,3,11,1,9
7.54839,76,9.09677,74,0,9,16,9,19,8,3,11,1,10
3.80645,68,5.09677,70,0,9,16,5,10,1,11,3
5.67742,72,6.90323,68,0,15,14,12,3,8,19,18
3.29032,84,5.16129,66,0,16,9,10,5,1,11,3
3.87097,66,5.09677,70,0,9,16,5,10,1,11,3
3.93548,64,4.77419,66,0,15,1,11,3,8,14
5.35484,82,7.16129,68,0,16,9,17,22,7,15,18,14,8
8,62,9.16129,62,0,22,15,17,8,3,11,1,9,16
5.80645,68,7.29032,74,0,18,14,18,15,7,22,17,21
3.93548,64,5.67742,70,0,22,7,15,18,14,8,3,11,1,9
7.67742,72,9.41935,70,0,15,7,22,4,13,2,20,12,3
6.96774,94,8.64516,66,0,7,8,1,2,20,12
7.48387,78,8.90323,62,0,22,7,2,1,11,3,8,14
5.80645,68,7.29032,62,0,15,14,3,8,19,18,7,22
6.58065,106,8.77419,64,0,7,15,21,20,2,13,4
7.41935,80,9.29032,70,0,22,7,15,18,14,8,3,11,1,9
3.87097,66,5.67742,74,0,22,15,7,18,14,8,3,11,1,9
6,62,7.35484,64,0,15,21,8,3,11,1,9,16,5
3.41935,80,5.22581,66,0,22,6,4,13,2,20
4,62,5.29032,62,0,15,14,18,19,8,3,11
3.87097,66,5.35484,68,0,15,21,14,18,19,8,3,11
3.93548,64,5.22581,66,0,22,6,4,13,2,20
