60,0.75,0,500,13
4.96774,94,6,62,0,2,4,6
9.93548,64,9.93548,64,0,22,8,3,21,14
7.35484,82,8.06452,76,0,21,13,2,20,12
3.67742,72,4.77419,66,0,15,1,11,3,8,14
5.93548,64,6.25806,70,0,19,15,6,4
7.67742,72,8.19355,70,0,18,15,7,15,1,11,3
6,62,6.64516,72,0,7,15,9,16,5,10,1
5.54839,76,6.51613,74,0,7,15,10,5,9,16,1
8.90323,96,9.54839,76,0,15,14,11,11,12,13
5.80645,68,6.70968,76,0,7,4,13,2,20,12
4,62,5.67742,70,0,22,7,15,18,14,8,3,11,1,9
5.35484,82,6.64516,70,0,7,15,16,9,10,5,1
3.74194,70,5.54839,74,0,7,22,15,18,14,8,3,11,1,9
3.87097,66,5.67742,70,0,22,7,15,18,14,8,3,11,1,9
5.35484,82,6.70968,66,0,7,21,20,2,13,4
5.80645,68,7.22581,62,0,7,15,21,14,18,19,8,3
9.48387,78,9.54839,76,0,7,6,22,4,13
5.67742,72,6.25806,62,0,6,4,2,20
3.6129,74,5.35484,68,0,15,21,14,18,19,8,3,11
5.03226,92,5.67742,64,0,22,7,5,10,9,16,1,11,3,8,14
5.54839,76,5.54839,76,0,3,21,6
6,62,6.96774,66,0,7,14,8,3,11,1,9
3.80645,68,5.67742,70,0,22,7,15,18,14,8,3,11,1,9
5.74194,70,6.83871,62,0,22,16,9,10,5,1
6,62,6.51613,74,0,7,15,10,5,9,16,1
3.03226,92,5.03226,70,0,10,5,9,16,1,11,3
7.48387,78,7.48387,78,0,19,12,13,6
5.6129,74,6.25806,68,0,2,21,14,18,15
5.87097,66,6.06452,64,0,10,9,15,7
3.93548,64,4.96774,62,0,15,12,3,8,14,18
5.67742,72,7.09677,70,0,15,18,19,8,3,11,1,9
5.67742,72,6.70968,66,0,7,21,20,2,13,4
3.67742,72,4.77419,68,0,14,11,1,8,3,12
5.87097,66,6.19355,70,0,12,3,1,11,8
3.48387,78,4.96774,74,0,22,4,13,2,20,12
3.74194,70,4.96774,62,0,15,12,3,8,14,18
5.29032,84,5.35484,82,0,9,16,4
3.93548,64,4.96774,74,0,22,4,13,2,20,12
7.41936,80,7.67742,72,0,7,3,8,10
5.54839,76,6.64516,72,0,7,15,9,16,5,10,1
4,62,4.83871,64,0,8,3,11,1,9
3.80645,68,4.77419,68,0,14,11,1,8,3,12
5.03226,92,6.70968,76,0,7,4,13,2,20,12
5.67742,72,7.16129,66,0,7,15,14,18,19,8,3,11
5.74194,70,6.83871,80,0,14,18,15,7,22,17,21
8,62,8.70968,66,0,22,7,21,20,2,13,4
5.6129,74,7.16129,64,0,7,22,17,15,18,14,8
3.22581,86,5.16129,66,0,16,9,10,5,1,11,3
4.96774,94,5.54839,76,0,9,1,20
5.93548,64,7.22581,62,0,7,15,21,14,18,19,8,3
7.03226,92,7.09677,90,0,17,9,11,13
5.09677,90,5.41935,66,0,22,17,2,20,12,3,8,14
6,62,6.83871,64,0,15,8,3,11,1,9
4.51613,108,5.16129,68,0,16,9,4,13,2,20,12
2.96774,94,5.09677,70,0,9,16,5,10,1,11,3
5.22581,86,5.87097,66,0,5,15,7
5.35484,82,5.54839,76,0,3,8,8,4
7.16129,88,7.16129,88,0,10,16,9,2
5.93548,64,5.93548,64,0,9,1,12
4.3871,112,5.16129,88,0,10,9,13
5.6129,74,6.12903,64,0,9,16,14,18
9.6129,74,9.6129,74,0,6,22,15,19,7
4.96774,94,6.3871,62,0,14,15,17,22
5.93548,64,7.29032,70,0,7,15,18,14,8,3,11,1,9
3.87097,66,5.54839,74,0,7,22,15,18,14,8,3,11,1,9
5.03226,92,6.45161,68,0,14,21,20,2,13
3.87097,66,5.67742,74,0,22,15,7,18,14,8,3,11,1,9
9.22581,86,10.0645,66,0,22,7,15,3,18,14
7.03226,92,8.58065,106,0,21,4,2,3,9
5.16129,88,6.19355,62,0,2,12,3,8
5.29032,84,5.35484,66,0,15,21,5,10,9,16,1,11,3,8
5.29032,84,5.29032,84,0,18,6,14,3
5.67742,72,6.19355,64,0,4,21,7,15,22
4,62,5.35484,68,0,15,21,14,18,19,8,3,11
5.41935,80,6.51613,74,0,7,15,10,5,9,16,1
5.09677,90,5.80645,68,0,4,3,11
5.80645,68,6.83871,66,0,7,21,12,3,8,14,18
3.54839,76,5.03226,70,0,10,5,9,16,1,11,3
3.54839,76,4.90323,70,0,4,13,2,20,12
3.29032,84,4.83871,62,0,22,20,2,13,4
6,62,6.12903,64,0,10,9,18,14
3.80645,68,4.90323,70,0,4,13,2,20,12
6.90323,96,7.29032,84,0,7,6,5,9
3.6129,74,5.03226,70,0,10,5,9,16,1,11,3
3.67742,72,4.96774,62,0,15,12,3,8,14,18
4,62,5.29032,64,0,15,19,8,3,11,1,9
3.74194,70,5.03226,70,0,10,5,9,16,1,11,3
5.35484,82,6,62,0,2,4,6
5.67742,72,5.93548,64,0,3,8,7
7.6129,74,9.09677,70,0,22,15,18,19,8,3,11,1,9
7.03226,92,7.80645,68,0,7,14,8,17
3.80645,68,5.41935,66,0,15,18,14,8,3,11,1,9
8,62,8.3871,64,0,19,8,3,14,18,15
5.22581,86,5.67742,72,0,5,10,12
5.93548,64,6.70968,76,0,7,4,13,2,20,12
5.41935,80,6.3871,70,0,8,14,15,7,22,17
5.80645,68,6.19355,68,0,5,10,17,22
9.67742,72,9.67742,72,0,14,18,18,7,15,9
3.87097,66,4.83871,64,0,8,3,11,1,9
3.74194,70,5.16129,66,0,16,9,10,5,1,11,3
3.35484,82,5.41935,66,0,22,17,7,15,18,14,8,3
3.29032,84,4.96774,66,0,22,2,20,12,3
5.22581,86,5.6129,74,0,9,1,2
3.87097,66,5.41935,66,0,22,17,7,15,18,14,8,3
5.16129,88,6.45161,74,0,7,15,5,10,9,16,1
3.67742,72,5.03226,68,0,5,10,9,16,1,11,3
5.03226,92,6.96774,66,0,7,14,8,3,11,1,9
3.74194,70,4.77419,66,0,15,1,11,3,8,14
3.87097,66,5.16129,66,0,16,9,10,5,1,11,3
3.41935,80,5.09677,70,0,9,16,5,10,1,11,3
3.67742,72,4.96774,66,0,22,2,20,12,3
7.74194,70,10.3871,70,0,22,15,14,12,20,2,13
7.22581,86,8.25806,64,0,21,15,15,14,12,3
3.67742,72,4.77419,66,0,15,1,11,3,8,14
5.87097,66,6.3871,62,0,19,15,17,22
9.41936,80,9.41936,80,0,18,14,20,2,7
9.67742,72,10.2581,68,0,17,22,21,22,21,14,11,1,8
6,62,7.41935,68,0,15,7,22,17,18,14,8
9.74194,70,10.2581,68,0,15,14,1,11,3,8,19
5.80645,68,6.83871,64,0,14,8,3,11,1,9
4,62,5.67742,70,0,22,7,15,18,14,8,3,11,1,9
5.16129,88,5.67742,64,0,22,15,5,10,9,16,1,11,3,8,14
3.93548,64,5.35484,68,0,15,21,14,18,19,8,3,11
3.48387,78,5.22581,66,0,22,6,4,13,2,20
5.09677,90,6.51613,74,0,7,15,10,5,9,16,1
5.67742,72,6.70968,70,0,7,14,11,1,8,3,12
6,62,6.83871,70,0,7,14,12,3,8,19,18
5.29032,84,5.29032,62,0,15,14,14,5,10,9,16,1,11,3
3.6129,74,5.35484,68,0,15,21,14,18,19,8,3,11
5.22581,86,6.70968,68,0,15,9,16,5,10,1
3.80645,68,4.90323,70,0,4,13,2,20,12
5.67742,72,6,62,0,2,14,19
3.41935,80,5.22581,66,0,22,6,4,13,2,20
7.09677,90,9.03226,68,0,22,7,15,17,18,14,8
7.41935,80,8.51613,74,0,15,7,22,16,9,10,5,1
3.03226,92,5.03226,70,0,10,5,9,16,1,11,3
7.35484,82,7.87097,66,0,19,8,12,13
7.35484,82,8.25806,64,0,18,7,14,12,3
4.77419,100,4.96774,62,0,22,4,5,10,9,16,1,11
5.22581,86,5.35484,82,0,1,8,6
9.54839,76,9.93548,64,0,15,19,8,14,4
4.64516,104,6.64516,72,0,7,15,9,16,5,10,1
3.67742,72,4.77419,68,0,14,11,1,8,3,12
5.87097,66,6.70968,70,0,7,14,11,1,8,3,12
3.48387,78,4.96774,74,0,22,4,13,2,20,12
5.41935,80,6.83871,80,0,14,18,15,7,22,17,21
5.54839,76,6.70968,68,0,15,9,16,5,10,1
5.48387,78,5.87097,66,0,8,14,17
7.87097,66,8.45161,64,0,14,8,19,18,15,7,22
5.35484,82,6.77419,64,0,15,21,20,2,13,4
4,62,4.83871,64,0,8,3,11,1,9
3.80645,68,4.77419,68,0,14,11,1,8,3,12
5.16129,88,5.41935,66,0,15,18,2,20,12,3,8,14
5.29032,84,5.41935,80,0,1,21,4
7.93548,64,7.93548,64,0,1,10,5,9
6.96774,94,7.35484,82,0,22,16,15,6
6.77419,100,6.90323,64,0,21,15,7,5,10,9,16,1,11
3.22581,86,5.16129,66,0,16,9,10,5,1,11,3
6.90323,96,6.90323,96,0,19,16,9,2
4.64516,104,6.51613,74,0,7,15,10,5,9,16,1
7.67742,72,8.3871,64,0,7,14,12,21,15,22
5.29032,84,6.70968,76,0,7,4,13,2,20,12
8,62,8.90323,68,0,15,7,14,18,19,8,3,11
7.35484,82,7.80645,68,0,15,9,16,17
2.96774,94,5.09677,70,0,9,16,5,10,1,11,3
5.67742,72,7.09677,70,0,15,18,19,8,3,11,1,9
5.41935,80,6.45161,68,0,14,21,20,2,13
5.6129,74,5.93548,64,0,9,14,21
5.09677,90,5.54839,66,0,7,22,1,11,3,8,14,18,15,21
5.54839,76,5.67742,64,0,22,7,2,20,12,3,8,14,18
7.41935,80,8.12903,76,0,7,15,4,6,22
5.87097,66,6.45161,64,0,6,13,4,2
5.41935,80,5.93548,64,0,3,8,7
5.54839,76,6.96774,66,0,7,14,8,3,11,1,9
3.87097,66,5.54839,74,0,7,22,15,18,14,8,3,11,1,9
5.03226,92,5.67742,66,0,22,7,10,5,9,16,1,11,3,8,14
5.80645,68,6.83871,70,0,7,14,12,3,8,19,18
7.03226,92,8.70968,68,0,22,15,9,16,5,10,1
7.03226,92,7.74194,70,0,7,4,6,15
5.22581,86,6.32258,66,0,4,21,14,18,15
7.74194,70,8.32258,64,0,7,21,3,12,14
5.67742,72,7.16129,64,0,7,22,17,15,18,14,8
5.35484,82,6.06452,68,0,4,21,19,8
3.6129,74,4.83871,62,0,22,20,2,13,4
5.09677,90,5.74194,70,0,10,14,21
7.48387,78,7.74194,70,0,14,3,1,5
6,62,6.19355,64,0,13,4,2,20
3.54839,76,5.03226,70,0,10,5,9,16,1,11,3
3.54839,76,4.90323,70,0,4,13,2,20,12
3.29032,84,4.83871,62,0,22,20,2,13,4
5.67742,72,6.12903,62,0,9,15,7,22
5.22581,86,6.64516,72,0,7,15,9,16,5,10,1
8,62,8.25806,62,0,7,15,10,16,9,5
7.35484,82,8.12903,62,0,7,14,12,15,22
3.67742,72,4.96774,62,0,15,12,3,8,14,18
4,62,5.29032,64,0,15,19,8,3,11,1,9
3.74194,70,5.03226,70,0,10,5,9,16,1,11,3
5.29032,84,7.16129,68,0,15,22,17,7,18,14,8
5.6129,74,6.83871,70,0,7,18,18,8,3,11,1,9
7.22581,86,7.41935,64,0,22,15,18,5,10,9,16,1,11,3,8
4,62,5.03226,68,0,5,10,9,16,1,11,3
3.48387,78,5.41935,66,0,22,17,7,15,18,14,8,3
7.35484,82,7.67742,72,0,19,8,1,1,22
4.77419,100,5.03226,64,0,5,10,2,20,12,3
7.6129,74,7.67742,72,0,17,8,3,20
5.16129,88,6.12903,68,0,1,9,5,10,16
5.22581,86,5.41935,80,0,5,10,6
5.87097,66,6.77419,78,0,14,15,7,22,17,18
5.54839,76,6.96774,66,0,7,14,8,3,11,1,9
3.74194,70,5.16129,66,0,16,9,10,5,1,11,3
3.35484,82,5.41935,66,0,22,17,7,15,18,14,8,3
3.29032,84,4.96774,66,0,22,2,20,12,3
5.93548,64,6.12903,64,0,9,1,14,18
4.77419,100,5.35484,82,0,5,16,16,6
5.29032,84,7.16129,68,0,15,22,17,7,18,14,8
3.74194,70,5.16129,66,0,16,9,10,5,1,11,3
7.6129,74,7.6129,74,0,5,16,19,1
3.74194,70,4.77419,66,0,15,1,11,3,8,14
3.87097,66,5.16129,66,0,16,9,10,5,1,11,3
3.41935,80,5.09677,70,0,9,16,5,10,1,11,3
3.67742,72,4.96774,66,0,22,2,20,12,3
8,62,9.03226,62,0,22,7,18,15,21,14,8,3
5.93548,64,5.93548,64,0,21,14,5
3.87097,66,5.54839,74,0,7,22,15,18,14,8,3,11,1,9
5.74194,70,5.80645,68,0,6,7,7,11
7.22581,86,7.29032,84,0,18,14,16,9,14
7.48387,78,8.3871,64,0,7,22,3,8,14,18
5.16129,88,5.93548,64,0,6,14,11
7.48387,78,8.12903,68,0,15,14,9,5,10,16
7.35484,82,8.32258,62,0,14,21,8,3,11
4.77419,100,6.64516,70,0,7,15,16,9,10,5,1
5.67742,72,7.16129,68,0,15,22,17,7,18,14,8
3.93548,64,5.35484,68,0,15,21,14,18,19,8,3,11
3.48387,78,5.22581,66,0,22,6,4,13,2,20
5.93548,64,7.16129,64,0,15,7,21,14,18,19,8,3
7.67742,72,9.03226,68,0,15,7,22,17,18,14,8
5.74194,70,6.64516,62,0,7,15,1,11,3,8
7.48387,78,7.6129,74,0,6,13,4,14
3.29032,84,4.83871,62,0,22,20,2,13,4
5.22581,86,5.80645,68,0,7,6,6,11
3.80645,68,4.90323,70,0,4,13,2,20,12
5.74194,70,6.06452,68,0,2,3,8,14
3.41935,80,5.22581,66,0,22,6,4,13,2,20
5.6129,74,6.64516,70,0,22,9,10,5,16,1
7.80645,68,8.06452,66,0,21,1,11,3,8
5.35484,82,6.83871,70,0,7,14,12,3,8,19,18
7.74194,70,8.25806,62,0,19,8,14,22,7,15
7.87097,66,8.06452,68,0,18,7,15,20,2
4.96774,94,6.64516,70,0,7,15,16,9,10,5,1
5.87097,66,6.70968,68,0,14,19,18,15,7,22,17
6.58065,106,8.32258,62,0,15,7,9,16,5,10
7.54839,76,7.67742,72,0,8,3,2,13
2.90323,96,5.03226,68,0,5,10,9,16,1,11,3
5.74194,70,6.19355,70,0,12,3,1,11,8
5.48387,78,5.87097,66,0,8,3,3,9
5.03226,92,5.41935,80,0,1,21,4
5.35484,82,5.41935,64,0,15,18,5,10,9,16,1,11,3,8
5.54839,76,5.93548,64,0,8,14,6
7.16129,88,7.29032,84,0,7,1,9,3
5.54839,76,6.51613,74,0,7,15,10,5,9,16,1
3.35484,82,4.96774,66,0,22,2,20,12,3
3.22581,86,5.03226,68,0,5,10,9,16,1,11,3
3.48387,78,5.41935,66,0,22,17,7,15,18,14,8,3
5.41935,80,6.3871,70,0,8,14,15,7,22,17
5.93548,64,6.83871,62,0,5,9,16,10,1
5.93548,64,6.12903,64,0,9,16,16,14,18
5.80645,68,7.29032,70,0,7,15,18,14,8,3,11,1,9
3.80645,68,5.03226,64,0,14,8,3,11,1,9
7.22581,86,8.3871,74,0,7,15,5,10,9,16,1
5.74194,70,7.09677,66,0,18,15,22,7,21,14,8,3
7.41936,80,8,62,0,17,8,14,7
5.48387,78,5.67742,78,0,22,15,3,8,14,18,19,1,11,9
5.41935,80,6.83871,62,0,15,21,4,13,2,20
6.32258,114,8.06452,68,0,14,8,3,2,20
3.87097,66,5.67742,74,0,22,15,7,18,14,8,3,11,1,9
5.35484,82,6.96774,66,0,7,14,8,3,11,1,9
3.80645,68,5.67742,70,0,22,7,15,18,14,8,3,11,1,9
5.16129,88,6.70968,70,0,7,14,11,1,8,3,12
5.29032,84,6.83871,70,0,7,14,12,3,8,19,18
5.87097,66,6.3871,64,0,6,21,14,18,15
9.41936,80,9.41936,80,0,7,15,15,14,6,18
5.80645,68,6.64516,70,0,7,22,16,9,10,5,1
3.80645,68,5.67742,70,0,22,7,15,18,14,8,3,11,1,9
6,62,7.09677,70,0,15,18,19,8,3,11,1,9
5.6129,74,6.77419,64,0,15,21,20,2,13,4
5.87097,66,7.16129,64,0,15,7,21,14,18,19,8,3
5.67742,72,7.41935,68,0,15,7,22,17,18,14,8
7.80645,68,8,62,0,22,20,12,3
5.41936,80,6.64516,70,0,21,8,3,11,1,9
5.6129,74,6.45161,64,0,2,13,4,6
4.3871,112,5.29032,84,0,2,1,5
5.22581,86,7.09677,68,0,18,15,7,22,17,21
7.6129,74,8.51613,70,0,7,14,8,18,15,22,17
3.6129,74,4.83871,62,0,22,20,2,13,4
7.41935,80,7.80645,68,0,9,5,10,14
7.67742,72,7.80645,68,0,14,12,12,12,8,21
5.41935,80,6.25806,68,0,2,21,14,18,15
5.35484,82,7.41935,74,0,7,22,15,18,14,8,3,11,1,9
4.83871,98,6.70968,68,0,15,9,16,5,10,1
5.93548,64,7.16129,74,0,15,7,18,14,8,3,11,1,9
3.35484,82,4.96774,74,0,22,4,13,2,20,12
5.93548,64,6.77419,64,0,15,21,20,2,13,4
8.45161,110,8.96774,94,0,7,19,21,3,9
5.41935,80,5.87097,66,0,6,8,1
3.67742,72,4.96774,62,0,15,12,3,8,14,18
5.41935,80,6.06452,66,0,4,12,3,8
3.87097,66,4.96774,74,0,22,4,13,2,20,12
4,62,4.77419,68,0,14,11,1,8,3,12
5.6129,74,6.96774,66,0,7,14,8,3,11,1,9
7.41935,80,8.70968,76,0,22,7,4,13,2,20,12
4,62,5.03226,68,0,5,10,9,16,1,11,3
3.48387,78,5.41935,66,0,22,17,7,15,18,14,8,3
5.74194,70,6.83871,70,0,7,14,12,3,8,19,18
4.83871,98,5.16129,88,0,10,9,13
6,62,6.12903,64,0,9,16,14,18
3.6129,74,4.96774,66,0,22,2,20,12,3
5.93548,64,6.32258,66,0,16,9,18,14,8
5.48387,78,7.16129,68,0,7,15,19,8,3,11,1,9
7.29032,84,8.06452,64,0,7,21,6,22,15
3.74194,70,5.16129,66,0,16,9,10,5,1,11,3
5.54839,76,6.12903,72,0,11,8,1,3
5.41935,80,5.41935,80,0,10,1,2
7.16129,88,8,62,0,1,11,9,16
4.51613,108,5.09677,70,0,9,16,4,13,2,20,12
5.35484,82,6.96774,66,0,7,22,6,4,13,2
3.74194,70,5.16129,66,0,16,9,10,5,1,11,3
9.54839,76,9.54839,76,0,5,16,9,10,14
5.16129,88,6.51613,74,0,7,15,10,5,9,16,1
7.29032,84,7.29032,84,0,3,8,12,7
5.09677,90,6.70968,76,0,7,4,13,2,20,12
3.74194,70,5.54839,74,0,7,22,15,18,14,8,3,11,1,9
9.93548,64,10.4516,62,0,22,7,14,3,12,21
7.22581,86,7.80645,68,0,15,9,16,22
3.87097,66,5.54839,74,0,7,22,15,18,14,8,3,11,1,9
7.87097,66,7.93548,64,0,6,7,18,18,8
5.67742,72,6.32258,68,0,4,2,20,12
9.6129,74,9.80645,68,0,7,21,22,15,11
3.74194,70,5.22581,66,0,22,6,4,13,2,20
7.74194,70,8.70968,64,0,15,7,14,12,3,8,19
9.09677,90,9.48387,78,0,14,21,3,8,7
4.58065,106,5.22581,64,0,22,6,5,10,9,16,1,11,3
5.74194,70,5.87097,66,0,12,21,6
3.93548,64,5.35484,68,0,15,21,14,18,19,8,3,11
7.80645,68,9.29032,84,0,10,1,8,9,16
3.35484,82,4.90323,70,0,4,13,2,20,12
4,62,4.83871,62,0,22,20,2,13,4
4.3871,112,5.16129,88,0,10,9,13
5.67742,72,6.32258,66,0,4,21,14,18,15
3.29032,84,4.83871,62,0,22,20,2,13,4
5.67742,72,7.16129,64,0,7,22,17,15,18,14,8
6,62,7.16129,74,0,15,7,18,14,8,3,11,1,9
4,62,5.29032,64,0,15,19,8,3,11,1,9
4.64516,104,5.74194,70,0,10,14,21
5.93548,64,7.35484,68,0,22,15,21,14,18,19,8,3,11
7.54839,76,7.93548,64,0,21,8,1,10
5.54839,76,5.80645,68,0,20,12,2
5.48387,78,6.25806,72,0,19,21,4,13,2
6.58065,106,8.12903,74,0,18,19,15,6,4
5.22581,86,6.90323,68,0,17,22,6,4,13,2
5.74194,70,5.87097,66,0,5,15,7
7.93548,64,8.51613,70,0,15,18,8,14,18,19,3
5.74194,70,6.19355,66,0,14,9,10,5,16
2.90323,96,5.03226,68,0,5,10,9,16,1,11,3
5.29032,84,6.70968,76,0,7,4,13,2,20,12
6,62,6.51613,64,0,8,19,14,18,15,7
8,62,8,62,0,10,9,16,16,17
5.67742,72,6.64516,64,0,7,17,17,15,22,18,14
5.03226,92,7.29032,70,0,7,15,18,14,8,3,11,1,9
5.6129,74,6.19355,64,0,5,10,19,8
5.6129,74,7.22581,62,0,7,15,21,14,18,19,8,3
3.35484,82,4.96774,66,0,22,2,20,12,3
3.22581,86,5.03226,68,0,5,10,9,16,1,11,3
3.48387,78,5.41935,66,0,22,17,7,15,18,14,8,3
3.93548,64,4.77419,66,0,15,1,11,3,8,14
4.77419,100,5.41935,80,0,5,10,6
7.67742,72,8.77419,66,0,22,15,19,1,11,3,8,14
5.54839,76,6.90323,74,0,21,15,7,22,17,18
3.80645,68,5.03226,64,0,14,8,3,11,1,9
5.87097,66,6.51613,74,0,7,15,10,5,9,16,1
8,62,8.25806,62,0,18,14,8,16,9,10,5
7.74194,70,8.06452,66,0,7,3,12,14,18
5.29032,84,6.25806,76,0,7,14,14,13,4,2
8,62,8.06452,64,0,15,9,16,11,1
7.48387,78,7.54839,76,0,14,7,9,10
3.87097,66,5.67742,74,0,22,15,7,18,14,8,3,11,1,9
5.16129,88,6.70968,66,0,7,21,20,2,13,4
3.80645,68,5.67742,70,0,22,7,15,18,14,8,3,11,1,9
5.93548,64,7.41935,68,0,7,15,22,17,18,14,8
3.87097,66,5.35484,68,0,15,21,14,18,19,8,3,11
3.93548,64,5.22581,66,0,22,6,4,13,2,20
7.54839,76,8.06452,64,0,7,21,6,22,15
5.16129,88,5.35484,66,0,15,21,5,10,9,16,1,11,3,8
3.80645,68,5.67742,70,0,22,7,15,18,14,8,3,11,1,9
5.29032,84,6.64516,72,0,7,15,9,16,5,10,1
4.83871,98,6.51613,74,0,7,15,10,5,9,16,1
5.29032,84,5.93548,64,0,6,14,11
3.35484,82,4.90323,70,0,4,13,2,20,12
6.06452,122,7.09677,90,0,22,4,21,10
3.87097,66,5.03226,70,0,10,5,9,16,1,11,3
5.6129,74,7.41935,74,0,7,22,15,18,14,8,3,11,1,9
4.58065,106,5.35484,82,0,2,1,16
5.6129,74,6.19355,64,0,10,9,19,8
7.29032,84,7.80645,68,0,17,2,12,3
6,62,7.16129,64,0,15,7,21,14,18,19,8,3
5.93548,64,7.41935,68,0,7,15,22,17,18,14,8
7.80645,68,8.19355,66,0,14,8,3,21,15
3.67742,72,5.29032,64,0,15,19,8,3,11,1,9
5.22581,86,5.87097,66,0,7,4,4,18
4.70968,102,5.29032,84,0,2,1,5
5.22581,86,5.54839,76,0,3,21,6
3.35484,82,4.96774,74,0,22,4,13,2,20,12
5.93548,64,6.12903,66,0,8,1,10,5,9
7.67742,72,7.80645,68,0,7,14,11,11,15
4,62,4.83871,64,0,8,3,11,1,9
5.80645,68,7.16129,66,0,7,15,14,18,19,8,3,11
5.80645,68,7.41935,74,0,7,22,15,18,14,8,3,11,1,9
3.87097,66,4.96774,74,0,22,4,13,2,20,12
4,62,4.77419,68,0,14,11,1,8,3,12
5.74194,70,7.09677,70,0,15,18,19,8,3,11,1,9
5.93548,64,7.29032,64,0,22,15,19,8,3,11,1,9
4.45161,110,5.54839,76,0,16,9,20
3.22581,86,5.09677,70,0,9,16,5,10,1,11,3
4.64516,104,5.29032,84,0,7,2,2,16
5.67742,72,6.83871,64,0,18,8,3,11,1,9
5.22581,86,6.64516,68,0,17,22,4,13,2,20
3.6129,74,4.96774,66,0,22,2,20,12,3
7.09677,90,7.41935,66,0,15,22,7,10,5,9,16,1,11,3,8
5.54839,76,6.12903,64,0,5,1,8,3
3.48387,78,4.77419,66,0,15,1,11,3,8,14
5.48387,78,6.51613,74,0,7,15,10,5,9,16,1
4.19355,118,5.35484,82,0,9,11,13
5.93548,64,7.16129,66,0,7,15,14,18,19,8,3,11
5.67742,72,6.83871,80,0,14,18,15,7,22,17,21
5.35484,82,6.19355,64,0,9,16,16,22,7,15
8.51613,108,8.90323,96,0,7,15,2,3,16
5.93548,64,6.77419,64,0,14,8,19,18,15,7,22
4,62,5.67742,74,0,22,15,7,18,14,8,3,11,1,9
5.80645,68,7.22581,62,0,7,15,21,14,18,19,8,3
7.41935,80,7.48387,78,0,3,11,1,15
5.29032,84,5.67742,78,0,22,15,3,8,14,18,19,1,11,9
3.74194,70,5.54839,74,0,7,22,15,18,14,8,3,11,1,9
6.90323,96,8.64516,72,0,22,7,15,9,16,5,10,1
6.96774,94,7.67742,72,0,4,13,3,8
5.87097,66,6.58065,62,0,6,22,7,15,18,14
5.16129,88,6.96774,66,0,7,14,8,3,11,1,9
4.51613,108,5.29032,84,0,4,16,9
7.22581,86,7.29032,84,0,17,1,11,2
3.74194,70,5.22581,66,0,22,6,4,13,2,20
6,62,6.25806,62,0,4,13,13,21,14
5.54839,76,6.19355,64,0,2,21,15,7,22
2.90323,96,5.03226,70,0,10,5,9,16,1,11,3
5.22581,86,6.06452,68,0,4,14,18,15
3.74194,70,4.83871,62,0,22,20,2,13,4
5.22581,86,5.35484,82,0,10,1,20
3.35484,82,4.90323,70,0,4,13,2,20,12
4,62,4.83871,62,0,22,20,2,13,4
4.64516,104,5.03226,64,0,10,5,2,20,12,3
5.80645,68,6.19355,62,0,2,12,3,8
5.09677,90,5.29032,64,0,15,19,4,13,2,20,12
3.16129,88,5.03226,70,0,10,5,9,16,1,11,3
5.93548,64,6.96774,66,0,7,14,8,3,11,1,9
4,62,5.29032,64,0,15,19,8,3,11,1,9
6.96774,94,7.80645,68,0,9,5,10,22
7.16129,88,10.3871,70,0,22,15,18,12,20,2,13
5.35484,82,6.83871,70,0,7,14,12,3,8,19,18
4,62,4.83871,64,0,8,3,11,1,9
5.35484,82,5.93548,64,0,5,10,14
5.80645,68,6.64516,70,0,7,15,16,9,10,5,1
5.87097,66,6.58065,72,0,8,14,18,15,7,22,17
7.35484,82,8.25806,68,0,5,10,19,3,11,1,8
6.77419,100,8.19355,66,0,15,7,10,9,16,5
5.87097,66,6.77419,64,0,14,15,22,7,18,19
3.09677,90,5.16129,66,0,16,9,10,5,1,11,3
3.74194,70,5.41935,66,0,22,17,7,15,18,14,8,3
3.74194,70,4.96774,66,0,22,2,20,12,3
7.03226,92,7.22581,86,0,10,9,3,2
5.29032,84,5.41935,76,0,22,17,6,4,13,2,20,12
5.29032,84,6.19355,64,0,4,21,7,15,22
7.54839,76,8.12903,66,0,5,10,9,19,8
3.80645,68,5.09677,70,0,9,16,5,10,1,11,3
5.67742,72,6.83871,70,0,7,14,12,3,8,19,18
3.29032,84,5.16129,66,0,16,9,10,5,1,11,3
3.87097,66,5.09677,70,0,9,16,5,10,1,11,3
3.93548,64,4.77419,66,0,15,1,11,3,8,14
5.35484,82,6.19355,68,0,16,9,17,22
8,62,9.03226,64,0,22,15,14,8,3,11,1,9
5.80645,68,7.16129,74,0,15,7,18,14,8,3,11,1,9
3.93548,64,5.67742,70,0,22,7,15,18,14,8,3,11,1,9
7.67742,72,7.93548,64,0,19,14,12,4
6.96774,94,8.19355,64,0,18,22,7,2,20
7.48387,78,8.32258,66,0,17,7,8,1,11,3
5.80645,68,6.25806,64,0,16,8,3,11
6.58065,106,7.16129,88,0,15,9,11,20
7.41935,80,7.67742,72,0,14,7,8,18
3.87097,66,5.67742,74,0,22,15,7,18,14,8,3,11,1,9
6,62,6.96774,66,0,7,14,8,3,11,1,9
3.41935,80,5.22581,66,0,22,6,4,13,2,20
4,62,5.29032,62,0,15,14,18,19,8,3,11
3.87097,66,5.35484,68,0,15,21,14,18,19,8,3,11
3.93548,64,5.22581,66,0,22,6,4,13,2,20
